Samples	SBS1	SBS2	SBS3	SBS4	SBS5	SBS6	SBS7a	SBS7b	SBS7c	SBS8	SBS9	SBS10a	SBS11	SBS12	SBS13	SBS14	SBS15	SBS16	SBS17a	SBS17b	SBS18	SBS19	SBS21	SBS22	SBS26	SBS28	SBS30	SBS33	SBS35	SBS36	SBS37	SBS38	SBS39	SBS40	SBS60	SBS55	SBS44	SBS61	SBS62	SBS63	SBS64	SBS65	SBS66	SBS67	SBS68	SBS69	SBS70	SBS71	SBS72	SBS73	SBS74	SBS75	SBS76	SBS77	SBS78	SBS79	SBS80	SBS81	SBS82	SBS83
Syn.Breast-AdenoCA::S.1	0.007530248113490603	0.0	0.0	0.0	0.09016029836307203	0.0	0.0	0.0	0.0	0.0	0.0	0.0	0.0	0.0	0.0	0.0	0.0	0.0	0.0	0.0	0.0	0.0	0.0	0.0	0.0	0.0	0.0	0.0	0.0	0.017901471756322708	0.0	0.0	0.8744577363321389	0.0	0.0	0.0	0.0	0.0	0.0	0.0	0.0	0.0	0.0	0.0	0.0	0.0	0.009950245434975804	0.0	0.0	0.0	0.0	0.0	0.0	0.0	0.0	0.0	0.0	0.0	0.0	0.0
Syn.Breast-AdenoCA::S.2	0.02553643406947171	0.0	0.0	0.0	0.08596390071893034	0.0	0.0	0.0	0.0	0.09075099232621744	0.0	0.0	0.0	0.0	0.0	0.0	0.0	0.0	0.0	0.0	0.0	0.0	0.0	0.0	0.0	0.0	0.0	0.0	0.0	0.0	0.0	0.0	0.7602308929376699	0.0	0.0	0.0	0.0	0.0	0.0	0.0	0.0	0.0	0.0	0.0	0.0	0.02300553191283401	0.014512248034876708	0.0	0.0	0.0	0.0	0.0	0.0	0.0	0.0	0.0	0.0	0.0	0.0	0.0
Syn.Breast-AdenoCA::S.3	0.11646076835630803	0.0	0.0	0.0	0.12816923211633272	0.0	0.0	0.0	0.0	0.16271887036811633	0.0	0.0	0.0	0.32909915091552044	0.0	0.0	0.0	0.0	0.0	0.0	0.0	0.0	0.0	0.0	0.0	0.0	0.0	0.0	0.0	0.0	0.0	0.0	0.10033464465635752	0.0	0.0	0.0	0.0	0.0	0.0	0.0	0.0	0.0	0.0	0.0	0.0	0.16321733358736482	0.0	0.0	0.0	0.0	0.0	0.0	0.0	0.0	0.0	0.0	0.0	0.0	0.0	0.0
Syn.Breast-AdenoCA::S.4	0.08240385081456253	0.0	0.0	0.0	0.15391005198452407	0.0	0.0	0.0	0.0	0.0	0.0	0.0	0.0	0.012630013667907303	0.0	0.0	0.0	0.0	0.0	0.009462319606052403	0.06202706285137282	0.0	0.0	0.0	0.0	0.020609026644915707	0.09659722105276673	0.0	0.0	0.0	0.0	0.0	0.09882683784373683	0.02892293204199931	0.0	0.0	0.0	0.0	0.0	0.0	0.012645472148746903	0.0	0.0	0.0	0.0	0.4121692023044281	0.009796009038987204	0.0	0.0	0.0	0.0	0.0	0.0	0.0	0.0	0.0	0.0	0.0	0.0	0.0
Syn.Breast-AdenoCA::S.5	0.17337634578562783	0.0	0.0	0.0	0.15334538382463933	0.0	0.0	0.0	0.0	0.38436491387693916	0.0	0.0	0.0	0.12407758138267432	0.0	0.0	0.0	0.0	0.0	0.0	0.012435081415573602	0.0	0.0	0.0	0.0	0.0	0.0	0.0	0.0	0.0	0.0	0.0	0.0	0.0	0.0	0.0	0.0	0.0	0.0	0.0	0.0	0.0	0.0	0.0	0.0	0.13859676444690971	0.013803929267636001	0.0	0.0	0.0	0.0	0.0	0.0	0.0	0.0	0.0	0.0	0.0	0.0	0.0
Syn.Breast-AdenoCA::S.6	0.08331647762937844	0.09504488709311966	0.0	0.0	0.08028838951970674	0.0	0.0	0.0	0.0	0.0	0.0	0.0	0.0	0.03546475455645212	0.01489308357704341	0.0	0.0	0.0	0.0	0.0	0.0	0.0	0.0	0.0	0.0	0.008417049868097905	0.0	0.0	0.0	0.0	0.0	0.0	0.667456422490842	0.0	0.0	0.0	0.0	0.0	0.0	0.0	0.0	0.0	0.0	0.0	0.0	0.0	0.015118935265359708	0.0	0.0	0.0	0.0	0.0	0.0	0.0	0.0	0.0	0.0	0.0	0.0	0.0
Syn.Breast-AdenoCA::S.7	0.13773978149241495	0.0056565064478311024	0.0	0.0	0.12569543813817954	0.0	0.0	0.0	0.0	0.08378434692293193	0.0	0.0	0.0	0.2812050277716065	0.36591889922703597	0.0	0.0	0.0	0.0	0.0	0.0	0.0	0.0	0.0	0.0	0.0	0.0	0.0	0.0	0.0	0.0	0.0	0.0	0.0	0.0	0.0	0.0	0.0	0.0	0.0	0.0	0.0	0.0	0.0	0.0	0.0	0.0	0.0	0.0	0.0	0.0	0.0	0.0	0.0	0.0	0.0	0.0	0.0	0.0	0.0
Syn.Breast-AdenoCA::S.8	0.05798109530337693	0.0	0.0	0.0	0.12840916911336264	0.0	0.0	0.0	0.0	0.0	0.0	0.0	0.0	0.07945629973287324	0.49534280546885273	0.0	0.0	0.0	0.0	0.0	0.0	0.0	0.0	0.0	0.0	0.04751936426769202	0.035286167852046614	0.0	0.0	0.0	0.0	0.0	0.06119596317631543	0.0	0.0	0.0	0.0	0.0	0.0	0.0	0.0	0.0	0.0	0.0	0.0	0.0	0.05228819445515122	0.04252094063032912	0.0	0.0	0.0	0.0	0.0	0.0	0.0	0.0	0.0	0.0	0.0	0.0
Syn.Breast-AdenoCA::S.9	0.08814724942423834	0.025154753098641812	0.0	0.0	0.14292152964687765	0.0	0.0	0.0	0.0	0.058357734359786625	0.0	0.0	0.0	0.015414573333830407	0.07655351450086663	0.0	0.0	0.0	0.0	0.0	0.06205480653137323	0.0	0.0	0.0	0.0	0.010357159647077705	0.0	0.0	0.0	0.0	0.0	0.0	0.3018590081144834	0.0	0.0	0.0	0.0	0.0	0.0	0.0	0.0	0.0	0.0	0.0	0.0	0.12537918729937045	0.09380048404345374	0.0	0.0	0.0	0.0	0.0	0.0	0.0	0.0	0.0	0.0	0.0	0.0	0.0
Syn.Breast-AdenoCA::S.10	0.08545663760948481	0.0	0.0	0.0	0.05829473764450811	0.0	0.0	0.0	0.0	0.45336012099316303	0.0	0.0	0.0	0.0	0.09692967457235883	0.0	0.0	0.0	0.0	0.0	0.0	0.0	0.0	0.0	0.0	0.0	0.0	0.0	0.0	0.005841741901221401	0.0	0.0	0.30011708727926384	0.0	0.0	0.0	0.0	0.0	0.0	0.0	0.0	0.0	0.0	0.0	0.0	0.0	0.0	0.0	0.0	0.0	0.0	0.0	0.0	0.0	0.0	0.0	0.0	0.0	0.0	0.0
Syn.Breast-AdenoCA::S.11	0.07508697197797742	0.0	0.09703350139424052	0.0	0.12530307579740385	0.0	0.0	0.0	0.0	0.0	0.0	0.0	0.0	0.11299441536980344	0.16072240191090126	0.0	0.0	0.0	0.0	0.0	0.008673166665918204	0.0	0.0	0.0	0.0	0.0	0.07148450469532402	0.0	0.0	0.020260463471614906	0.0	0.0	0.2499880322420286	0.010965730580828904	0.0	0.0	0.0	0.0	0.0	0.0	0.0	0.0	0.0	0.0	0.0	0.0	0.06748773589395883	0.0	0.0	0.0	0.0	0.0	0.0	0.0	0.0	0.0	0.0	0.0	0.0	0.0
Syn.Breast-AdenoCA::S.12	0.28939662255032145	0.0	0.0	0.0	0.12078515105521927	0.0	0.0	0.0	0.0	0.0	0.0	0.0	0.0	0.016473260628702212	0.0	0.0	0.0	0.0	0.0	0.0	0.05520882786649443	0.0	0.0	0.0	0.0	0.0	0.03343726747024472	0.0	0.0	0.11834627221136317	0.0	0.0	0.25196781132490115	0.0	0.0	0.0	0.0	0.0	0.0	0.0	0.09995746612916676	0.0	0.0	0.0	0.0	0.014427320763587008	0.0	0.0	0.0	0.0	0.0	0.0	0.0	0.0	0.0	0.0	0.0	0.0	0.0	0.0
Syn.Breast-AdenoCA::S.13	0.16978550836773998	0.003265424071665902	0.0	0.0	0.09006497676557565	0.0	0.0	0.0	0.0	0.026788036410923213	0.0	0.0	0.0	0.19631610228739851	0.09237723811997306	0.0	0.0	0.0	0.0	0.0	0.0	0.0	0.0	0.0	0.0	0.048532079845627026	0.07944485350524304	0.0	0.0	0.010200838029186506	0.0	0.0	0.0	0.13994456740060157	0.0	0.0	0.0	0.0	0.0	0.0	0.09404986222439446	0.0	0.0	0.0	0.0	0.0	0.04923051297167113	0.0	0.0	0.0	0.0	0.0	0.0	0.0	0.0	0.0	0.0	0.0	0.0	0.0
Syn.Breast-AdenoCA::S.14	0.09311432352307056	0.137513230462222	0.008400796769778006	0.0	0.09941610008204195	0.0	0.0	0.0	0.0	0.11509525275148078	0.0	0.0	0.0	0.13336125529615248	0.0	0.0	0.0	0.009675947582213306	0.0	0.0	0.0	0.0	0.0	0.0	0.0	0.009172108480444306	0.12364311630897917	0.0	0.0	0.007809918304236504	0.0	0.0	0.17325884940110278	0.0	0.0	0.0	0.0	0.0	0.0	0.0	0.0	0.0	0.0	0.0	0.0	0.0	0.08953910103827825	0.0	0.0	0.0	0.0	0.0	0.0	0.0	0.0	0.0	0.0	0.0	0.0	0.0
Syn.Breast-AdenoCA::S.15	0.06253583965604403	0.0	0.0	0.0	0.07073744064518193	0.0	0.0	0.0	0.0	0.2635722184698151	0.0	0.0	0.0	0.09399534837054664	0.0	0.0	0.0	0.007737334259115303	0.0	0.006176422449987802	0.0	0.0	0.0	0.19335479357835628	0.0	0.0	0.043958611567714724	0.0	0.0	0.14520470883735895	0.0	0.0	0.0	0.0	0.0	0.0	0.0	0.0	0.0	0.0	0.0	0.0	0.0	0.0	0.0	0.09304466138540195	0.010360919641769405	0.009321701138707804	0.0	0.0	0.0	0.0	0.0	0.0	0.0	0.0	0.0	0.0	0.0	0.0
Syn.Breast-AdenoCA::S.16	0.14689502176412922	0.12840911743728547	0.09704082357899277	0.0	0.1629838883018217	0.0	0.0	0.0	0.0	0.036851888022443026	0.0	0.0	0.0	0.06228333238033084	0.0	0.0	0.0	0.053348930708807335	0.0	0.0	0.0	0.0	0.0	0.1708854328956918	0.0	0.0	0.0	0.0	0.0	0.021788683679019514	0.0	0.0	0.0	0.0	0.0	0.0	0.0	0.0	0.0	0.0	0.0	0.0	0.0	0.0	0.0	0.050076303639422434	0.05813810582109624	0.011298471770959707	0.0	0.0	0.0	0.0	0.0	0.0	0.0	0.0	0.0	0.0	0.0	0.0
Syn.Breast-AdenoCA::S.17	0.02686432119444131	0.0	0.0	0.0	0.04849184550410172	0.0	0.0	0.0	0.0	0.0	0.0	0.0	0.0	0.13798817914681166	0.019363196061546607	0.0	0.0	0.0	0.0	0.08565959272358414	0.09974208531956624	0.0	0.0	0.0	0.0	0.0	0.0	0.0	0.0	0.10414435855258684	0.0	0.0	0.2884616150254028	0.0	0.0	0.0	0.0	0.0	0.0	0.0	0.0	0.0	0.0	0.0	0.0	0.1892848064719587	0.0	0.0	0.0	0.0	0.0	0.0	0.0	0.0	0.0	0.0	0.0	0.0	0.0	0.0
Syn.Breast-AdenoCA::S.18	0.011820658632546704	0.0	0.0	0.0	0.11212917026007663	0.0	0.0	0.0	0.0	0.0	0.0	0.0	0.0	0.0	0.8760501711073767	0.0	0.0	0.0	0.0	0.0	0.0	0.0	0.0	0.0	0.0	0.0	0.0	0.0	0.0	0.0	0.0	0.0	0.0	0.0	0.0	0.0	0.0	0.0	0.0	0.0	0.0	0.0	0.0	0.0	0.0	0.0	0.0	0.0	0.0	0.0	0.0	0.0	0.0	0.0	0.0	0.0	0.0	0.0	0.0	0.0
Syn.Breast-AdenoCA::S.19	0.026878232653102407	0.14167568189727203	0.0	0.0	0.08476587198894861	0.0	0.0	0.0	0.0	0.0	0.0	0.0	0.0	0.040129289218633506	0.0	0.0	0.0	0.0	0.0	0.0	0.0	0.0	0.0	0.0	0.0	0.0	0.0	0.0	0.0	0.4211400604909221	0.0	0.0	0.28541086375112124	0.0	0.0	0.0	0.0	0.0	0.0	0.0	0.0	0.0	0.0	0.0	0.0	0.0	0.0	0.0	0.0	0.0	0.0	0.0	0.0	0.0	0.0	0.0	0.0	0.0	0.0	0.0
Syn.Breast-AdenoCA::S.20	0.12286184401186964	0.019167664651179507	0.0	0.0	0.15403300204102036	0.0	0.0	0.0	0.0	0.0	0.0	0.0	0.0	0.0	0.0	0.0	0.0	0.0	0.0	0.0	0.0	0.0	0.0	0.0	0.0	0.08329410888341522	0.08125120954244203	0.0	0.0	0.023531837041565307	0.0	0.0	0.5031044998938036	0.0	0.0	0.0	0.0	0.0	0.0	0.0	0.0	0.0	0.0	0.0	0.0	0.0	0.012755833934704404	0.0	0.0	0.0	0.0	0.0	0.0	0.0	0.0	0.0	0.0	0.0	0.0	0.0
Syn.Breast-AdenoCA::S.21	0.037595033082216726	0.021544124079406014	0.0	0.0	0.13373672089410898	0.0	0.0	0.0	0.0	0.1673924945800084	0.0	0.0	0.0	0.008756656208575806	0.08877872478330286	0.0	0.0	0.0	0.0	0.006752187951130905	0.010606837158416507	0.0	0.0	0.008622722994559505	0.0	0.0	0.04321061055166143	0.0	0.0	0.0	0.0	0.0	0.400170051457168	0.0	0.0	0.0	0.0	0.0	0.0	0.0	0.0	0.0	0.0	0.0	0.0	0.0	0.07283383625944505	0.0	0.0	0.0	0.0	0.0	0.0	0.0	0.0	0.0	0.0	0.0	0.0	0.0
Syn.Breast-AdenoCA::S.22	0.12055554690593037	0.01623518692769831	0.0	0.0	0.14635849542140678	0.0	0.0	0.0	0.0	0.12567543413066848	0.0	0.0	0.0	0.0	0.04169726510088772	0.0	0.0	0.02072678829912921	0.0	0.024901771754645814	0.0	0.0	0.0	0.09800912147820626	0.0	0.0	0.11366004611322338	0.0	0.0	0.13119219197387488	0.0	0.0	0.14907359879621007	0.0	0.0	0.0	0.0	0.0	0.0	0.0	0.0	0.0	0.0	0.0	0.0	0.0	0.011914553098118806	0.0	0.0	0.0	0.0	0.0	0.0	0.0	0.0	0.0	0.0	0.0	0.0	0.0
Syn.Breast-AdenoCA::S.23	0.027451128825059207	0.0	0.0	0.0	0.09731140433402453	0.0	0.0	0.0	0.0	0.0	0.0	0.0	0.0	0.04727183984717701	0.15832475938443083	0.0	0.0	0.0	0.0	0.0	0.0	0.0	0.0	0.06657531651511062	0.0	0.0	0.0	0.0	0.0	0.0	0.0	0.0	0.584064888034584	0.0	0.0	0.0	0.0	0.0	0.0	0.0	0.0	0.0	0.0	0.0	0.0	0.0	0.019000663059613804	0.0	0.0	0.0	0.0	0.0	0.0	0.0	0.0	0.0	0.0	0.0	0.0	0.0
Syn.Breast-AdenoCA::S.24	0.08861617262332705	0.01733386368013821	0.0	0.0	0.08058793708130016	0.0	0.0	0.0	0.0	0.14150776863536077	0.0	0.0	0.0	0.008695420914860905	0.26080030567056445	0.0	0.0	0.051493750524752135	0.0	0.0	0.0	0.0	0.0	0.0	0.0	0.12041107926938029	0.05333674955517313	0.0	0.0	0.0	0.0	0.0	0.0	0.0	0.0	0.0	0.0	0.0	0.0	0.0	0.008954475699833306	0.0	0.0	0.0	0.0	0.0	0.1682624763453096	0.0	0.0	0.0	0.0	0.0	0.0	0.0	0.0	0.0	0.0	0.0	0.0	0.0
Syn.Breast-AdenoCA::S.25	0.20587673879718416	0.0	0.09395080615494322	0.0	0.09152944225121781	0.0	0.0	0.0	0.0	0.0	0.0	0.0	0.0	0.0	0.0	0.0	0.0	0.0	0.0	0.0	0.0	0.0	0.0	0.0	0.0	0.0	0.14818135049668943	0.0	0.0	0.0	0.0	0.0	0.0	0.0	0.0	0.0	0.0	0.0	0.0	0.0	0.19586548962297837	0.0	0.0	0.0	0.0	0.10216225519527623	0.16243391748171082	0.0	0.0	0.0	0.0	0.0	0.0	0.0	0.0	0.0	0.0	0.0	0.0	0.0
Syn.Breast-AdenoCA::S.26	0.10256230115051743	0.0	0.0	0.0	0.12606204731070345	0.0	0.0	0.0	0.0	0.19932166181755345	0.0	0.0	0.0	0.028801513834799012	0.0	0.0	0.0	0.13508675306482615	0.0	0.0	0.0	0.0	0.0	0.0	0.0	0.0	0.11877458452672984	0.0	0.0	0.0	0.0	0.0	0.03474148068812551	0.021689540759501507	0.0	0.0	0.0	0.0	0.0	0.0	0.0	0.0	0.0	0.0	0.0	0.15455683333914044	0.07840328350810313	0.0	0.0	0.0	0.0	0.0	0.0	0.0	0.0	0.0	0.0	0.0	0.0	0.0
Syn.Breast-AdenoCA::S.27	0.02423006953913081	0.0	0.2362795234980457	0.0	0.04801867403523822	0.0	0.0	0.0	0.0	0.14824737756897047	0.0	0.0	0.0	0.10908010278398485	0.07816478044317234	0.0	0.0	0.0	0.0	0.0	0.0	0.0	0.0	0.0	0.0	0.0	0.0	0.0	0.0	0.20983556567306438	0.0	0.0	0.12919219720603645	0.016951709252356808	0.0	0.0	0.0	0.0	0.0	0.0	0.0	0.0	0.0	0.0	0.0	0.0	0.0	0.0	0.0	0.0	0.0	0.0	0.0	0.0	0.0	0.0	0.0	0.0	0.0	0.0
Syn.Breast-AdenoCA::S.28	0.08146581636400545	0.07089936576512915	0.04204809734361412	0.0	0.09517264229652986	0.0	0.0	0.0	0.0	0.0	0.0	0.0	0.0	0.0	0.0	0.0	0.0	0.15327468581830347	0.0	0.06417527927557325	0.03008048701322852	0.0	0.0	0.08401708065253743	0.0	0.057476031824041235	0.10538228130907286	0.0	0.0	0.0	0.0	0.0	0.12309510962363367	0.0	0.0	0.0	0.0	0.0	0.0	0.0	0.0	0.0	0.0	0.0	0.0	0.0	0.09291312271433096	0.0	0.0	0.0	0.0	0.0	0.0	0.0	0.0	0.0	0.0	0.0	0.0	0.0
Syn.Breast-AdenoCA::S.29	0.051304756917592016	0.0	0.0	0.0	0.13907624985072212	0.0	0.0	0.0	0.0	0.16207478613100051	0.0	0.0	0.0	0.011936510410809504	0.0	0.0	0.0	0.0	0.0	0.014762911878111204	0.0	0.0	0.0	0.0	0.0	0.0	0.0	0.0	0.0	0.0	0.0	0.0	0.5178248083980532	0.014171280845607004	0.0	0.0	0.0	0.0	0.0	0.0	0.012955265974334704	0.0	0.0	0.0	0.0	0.0	0.07589342959376962	0.0	0.0	0.0	0.0	0.0	0.0	0.0	0.0	0.0	0.0	0.0	0.0	0.0
Syn.Breast-AdenoCA::S.30	0.19141248538874664	0.023181421409469515	0.0	0.0	0.1757694793228122	0.0	0.0	0.0	0.0	0.1578482531053564	0.0	0.0	0.0	0.01554381188516271	0.0	0.0	0.0	0.0	0.0	0.0	0.03519153875508412	0.0	0.0	0.0	0.0	0.0	0.07894248455157166	0.0	0.0	0.0	0.0	0.0	0.135901690999618	0.018352261119561415	0.0	0.0	0.0	0.0	0.0	0.0	0.011374958820269006	0.0	0.0	0.0	0.0	0.011901206980410509	0.14458040766193778	0.0	0.0	0.0	0.0	0.0	0.0	0.0	0.0	0.0	0.0	0.0	0.0	0.0
Syn.Breast-AdenoCA::S.31	0.36092032659196494	0.021011406509222903	0.0	0.0	0.15390301525776892	0.0	0.0	0.0	0.0	0.11085661100874793	0.0	0.0	0.0	0.06935092542389111	0.0	0.0	0.0	0.0	0.0	0.0	0.0	0.0	0.0	0.0	0.0	0.0	0.0	0.0	0.0	0.18779189995983536	0.0	0.0	0.09616581524856872	0.0	0.0	0.0	0.0	0.0	0.0	0.0	0.0	0.0	0.0	0.0	0.0	0.0	0.0	0.0	0.0	0.0	0.0	0.0	0.0	0.0	0.0	0.0	0.0	0.0	0.0	0.0
Syn.Breast-AdenoCA::S.32	0.07238021477992533	0.02325929937360681	0.0	0.0	0.13763584504206647	0.0	0.0	0.0	0.0	0.012701185683225405	0.0	0.0	0.0	0.012327692177775705	0.16599683803247278	0.0	0.0	0.0	0.0	0.07196338092056763	0.0	0.0	0.0	0.0	0.0	0.0	0.06331040541240182	0.0	0.0	0.2688792872129997	0.0	0.0	0.16033893688550568	0.0	0.0	0.0	0.0	0.0	0.0	0.0	0.0	0.0	0.0	0.0	0.0	0.0	0.011206914479452705	0.0	0.0	0.0	0.0	0.0	0.0	0.0	0.0	0.0	0.0	0.0	0.0	0.0
Syn.Breast-AdenoCA::S.33	0.17185683989245817	0.005870117864571202	0.02651395355196071	0.0	0.12309879066658645	0.0	0.0	0.0	0.0	0.0	0.0	0.0	0.0	0.2855929943942077	0.07326177803112323	0.0	0.0	0.015915004520396205	0.0	0.0	0.0	0.0	0.0	0.0	0.0	0.012023601048183405	0.0	0.0	0.0	0.07398415630944713	0.0	0.0	0.11056180334336176	0.0	0.0	0.0	0.0	0.0	0.0	0.0	0.0	0.0	0.0	0.0	0.0	0.0	0.10132096037770394	0.0	0.0	0.0	0.0	0.0	0.0	0.0	0.0	0.0	0.0	0.0	0.0	0.0
Syn.Breast-AdenoCA::S.34	0.01780450628928751	0.0	0.0	0.0	0.14271124375121486	0.0	0.0	0.0	0.0	0.0	0.0	0.0	0.0	0.0	0.021914199811672606	0.0	0.0	0.0	0.0	0.0	0.024690835125244406	0.0	0.0	0.0	0.0	0.0	0.0	0.0	0.0	0.0	0.0	0.0	0.7612143688735534	0.014300382718789806	0.0	0.0	0.0	0.0	0.0	0.0	0.0	0.0	0.0	0.0	0.0	0.0	0.017364463430237308	0.0	0.0	0.0	0.0	0.0	0.0	0.0	0.0	0.0	0.0	0.0	0.0	0.0
Syn.Breast-AdenoCA::S.35	0.022261402970121302	0.0	0.0	0.0	0.10997249870362391	0.0	0.0	0.0	0.0	0.0	0.0	0.0	0.0	0.0	0.6149098483329885	0.0	0.0	0.0	0.0	0.0	0.0	0.0	0.0	0.0	0.0	0.0	0.0	0.0	0.0	0.0	0.0	0.0	0.25285624999326645	0.0	0.0	0.0	0.0	0.0	0.0	0.0	0.0	0.0	0.0	0.0	0.0	0.0	0.0	0.0	0.0	0.0	0.0	0.0	0.0	0.0	0.0	0.0	0.0	0.0	0.0	0.0
Syn.Breast-AdenoCA::S.36	0.12793424451423133	0.0	0.0	0.0	0.10688131102591193	0.0	0.0	0.0	0.0	0.0	0.0	0.0	0.0	0.21008731146516124	0.0	0.0	0.0	0.022036067031899403	0.0	0.0	0.0	0.0	0.0	0.0	0.0	0.0	0.10745389815569813	0.0	0.0	0.14562008670547463	0.0	0.0	0.18647405356754804	0.0	0.0	0.0	0.0	0.0	0.0	0.0	0.0	0.0	0.0	0.0	0.0	0.09351302753407521	0.0	0.0	0.0	0.0	0.0	0.0	0.0	0.0	0.0	0.0	0.0	0.0	0.0	0.0
Syn.Breast-AdenoCA::S.37	0.06393606048557961	0.005805833219224901	0.0	0.0	0.13909386561308454	0.0	0.0	0.0	0.0	0.36978523368077404	0.0	0.0	0.0	0.020023727419572205	0.31865272013092505	0.0	0.0	0.0	0.0	0.0	0.0	0.0	0.0	0.0	0.0	0.0	0.0	0.0	0.0	0.0	0.0	0.0	0.0	0.0	0.0	0.0	0.0	0.0	0.0	0.0	0.0	0.0	0.0	0.0	0.0	0.08270255945083961	0.0	0.0	0.0	0.0	0.0	0.0	0.0	0.0	0.0	0.0	0.0	0.0	0.0	0.0
Syn.Breast-AdenoCA::S.38	0.10634537314851794	0.0	0.0	0.0	0.06567466233545363	0.0	0.0	0.0	0.0	0.0	0.0	0.0	0.0	0.10117271806221442	0.0	0.0	0.0	0.0	0.0	0.0	0.0	0.0	0.0	0.020988399883716705	0.0	0.0	0.06410479556681432	0.0	0.0	0.05790215544345012	0.0	0.0	0.32256194570020913	0.0	0.0	0.0	0.0	0.0	0.0	0.0	0.011443290771092804	0.0	0.0	0.0	0.0	0.09448547658318893	0.15532118250534196	0.0	0.0	0.0	0.0	0.0	0.0	0.0	0.0	0.0	0.0	0.0	0.0	0.0
Syn.Breast-AdenoCA::S.39	0.07662209343094713	0.23171517432135907	0.0	0.0	0.14893789242130587	0.0	0.0	0.0	0.0	0.0	0.0	0.0	0.0	0.24380045095807	0.0	0.0	0.0	0.0	0.0	0.0	0.0	0.0	0.0	0.0	0.0	0.05771338306266662	0.05388993680801232	0.0	0.0	0.0	0.0	0.0	0.0	0.0	0.0	0.0	0.0	0.0	0.0	0.0	0.015498340684234405	0.0	0.0	0.0	0.0	0.13552320046522975	0.03629952784817481	0.0	0.0	0.0	0.0	0.0	0.0	0.0	0.0	0.0	0.0	0.0	0.0	0.0
Syn.Breast-AdenoCA::S.40	0.05043146172337652	0.0	0.0	0.0	0.07757324495548702	0.0	0.0	0.0	0.0	0.0	0.0	0.0	0.0	0.062145661437048624	0.0	0.0	0.0	0.0	0.0	0.0	0.05526262233940163	0.0	0.0	0.10453708716036744	0.0	0.0	0.09433897865591044	0.0	0.0	0.0	0.0	0.0	0.5411688836802085	0.014542060048199808	0.0	0.0	0.0	0.0	0.0	0.0	0.0	0.0	0.0	0.0	0.0	0.0	0.0	0.0	0.0	0.0	0.0	0.0	0.0	0.0	0.0	0.0	0.0	0.0	0.0	0.0
Syn.Breast-AdenoCA::S.41	0.11788397974144227	0.2211740495662088	0.0	0.0	0.16204618637902687	0.0	0.0	0.0	0.0	0.1753860896670055	0.0	0.0	0.0	0.0	0.12355448995974846	0.0	0.0	0.0	0.0	0.0	0.0	0.0	0.0	0.0	0.0	0.0	0.03452456527930512	0.0	0.0	0.0	0.0	0.0	0.1351368025059401	0.0	0.0	0.0	0.0	0.0	0.0	0.0	0.0	0.0	0.0	0.0	0.0	0.0	0.030293836901322917	0.0	0.0	0.0	0.0	0.0	0.0	0.0	0.0	0.0	0.0	0.0	0.0	0.0
Syn.Breast-AdenoCA::S.42	0.09398681938491134	0.15234922644729684	0.16816154659861168	0.0	0.10993720167791915	0.0	0.0	0.0	0.0	0.0	0.0	0.0	0.0	0.0	0.13162891261131457	0.0	0.0	0.0	0.0	0.0	0.0	0.0	0.0	0.14332751901679266	0.0	0.0	0.02462076146547611	0.0	0.0	0.0	0.0	0.0	0.057442748194622625	0.0	0.0	0.0	0.0	0.0	0.0	0.0	0.0	0.0	0.0	0.0	0.0	0.09514688117640455	0.023398383426650512	0.0	0.0	0.0	0.0	0.0	0.0	0.0	0.0	0.0	0.0	0.0	0.0	0.0
Syn.Breast-AdenoCA::S.43	0.030375004305113806	0.0025730753396459006	0.0	0.0	0.07280701304268232	0.0	0.0	0.0	0.0	0.0	0.0	0.0	0.0	0.0	0.24737916016057415	0.0	0.0	0.0	0.0	0.0	0.0	0.0	0.0	0.10447020366111283	0.0	0.0	0.0	0.0	0.0	0.17894230395444163	0.0	0.0	0.3634532395364293	0.0	0.0	0.0	0.0	0.0	0.0	0.0	0.0	0.0	0.0	0.0	0.0	0.0	0.0	0.0	0.0	0.0	0.0	0.0	0.0	0.0	0.0	0.0	0.0	0.0	0.0	0.0
Syn.Breast-AdenoCA::S.44	0.03942647755041122	0.0	0.008950928611193404	0.0	0.03460161359423131	0.0	0.0	0.0	0.0	0.3577502222964767	0.0	0.0	0.0	0.07732129376228403	0.0	0.0	0.0	0.0	0.0	0.0	0.0	0.0	0.0	0.0	0.0	0.0	0.06886568303561173	0.0	0.0	0.15169470537955884	0.0	0.0	0.2527631161179516	0.0	0.0	0.0	0.0	0.0	0.0	0.0	0.0	0.0	0.0	0.0	0.0	0.0	0.008625959652281303	0.0	0.0	0.0	0.0	0.0	0.0	0.0	0.0	0.0	0.0	0.0	0.0	0.0
Syn.Breast-AdenoCA::S.45	0.2017943942124847	0.08099094422635554	0.0	0.0	0.09060664752434945	0.0	0.0	0.0	0.0	0.043125921886334524	0.0	0.0	0.0	0.08437461649386784	0.0	0.0	0.0	0.0	0.0	0.0	0.09352530375472265	0.0	0.0	0.0	0.0	0.04244585417613172	0.02012554297679981	0.0	0.0	0.0	0.0	0.0	0.24026351946803573	0.0	0.0	0.0	0.0	0.0	0.0	0.0	0.08892420591878726	0.0	0.0	0.0	0.0	0.0	0.013823049362130706	0.0	0.0	0.0	0.0	0.0	0.0	0.0	0.0	0.0	0.0	0.0	0.0	0.0
Syn.Breast-AdenoCA::S.46	0.08911034152886524	0.0	0.0	0.0	0.08727090126377644	0.0	0.0	0.0	0.0	0.15111473639775144	0.0	0.0	0.0	0.14277496049470315	0.0	0.0	0.0	0.0	0.0	0.0	0.0	0.0	0.0	0.0	0.0	0.0	0.0	0.0	0.0	0.13653864263165486	0.0	0.0	0.038446849373720615	0.06680910514947583	0.0	0.0	0.0	0.0	0.0	0.0	0.0	0.0	0.0	0.0	0.0	0.2879344631600524	0.0	0.0	0.0	0.0	0.0	0.0	0.0	0.0	0.0	0.0	0.0	0.0	0.0	0.0
Syn.Breast-AdenoCA::S.47	0.027846074781673315	0.0	0.16617065525992608	0.0	0.14303368983278267	0.0	0.0	0.0	0.0	0.0	0.0	0.0	0.0	0.0	0.07727748712081182	0.0	0.0	0.0	0.0	0.0	0.056836908907941325	0.0	0.0	0.0	0.0	0.0	0.04261388087184192	0.0	0.0	0.0	0.0	0.0	0.08369459640410494	0.0	0.0	0.0	0.0	0.0	0.0	0.0	0.02550340582365371	0.0	0.0	0.0	0.0	0.3546860476465475	0.02233725335071671	0.0	0.0	0.0	0.0	0.0	0.0	0.0	0.0	0.0	0.0	0.0	0.0	0.0
Syn.Breast-AdenoCA::S.48	0.08879349398588685	0.06900116401596063	0.11560521972196605	0.0	0.07931313963520405	0.0	0.0	0.0	0.0	0.0	0.0	0.0	0.0	0.13527964791808644	0.07124692177902583	0.0	0.0	0.02525011108519101	0.0	0.0	0.07507237957844073	0.0	0.0	0.0	0.0	0.0	0.05198733359027272	0.0	0.0	0.0	0.0	0.0	0.2884505886899657	0.0	0.0	0.0	0.0	0.0	0.0	0.0	0.0	0.0	0.0	0.0	0.0	0.0	0.0	0.0	0.0	0.0	0.0	0.0	0.0	0.0	0.0	0.0	0.0	0.0	0.0	0.0
Syn.Breast-AdenoCA::S.49	0.08004211918224982	0.13591071586858405	0.0	0.0	0.12659988944359815	0.0	0.0	0.0	0.0	0.019667044601611408	0.0	0.0	0.0	0.10549765738275274	0.42206591476803895	0.0	0.0	0.0	0.0	0.0	0.0	0.0	0.0	0.0	0.0	0.0	0.0	0.0	0.0	0.0	0.0	0.0	0.11021665875316494	0.0	0.0	0.0	0.0	0.0	0.0	0.0	0.0	0.0	0.0	0.0	0.0	0.0	0.0	0.0	0.0	0.0	0.0	0.0	0.0	0.0	0.0	0.0	0.0	0.0	0.0	0.0
Syn.Breast-AdenoCA::S.50	0.04948122380386821	0.18749642584685314	0.0	0.0	0.16321977774619642	0.0	0.0	0.0	0.0	0.0	0.0	0.0	0.0	0.0	0.0	0.0	0.0	0.0	0.0	0.0	0.0	0.0	0.0	0.0	0.0	0.0	0.0	0.0	0.0	0.559691212873407	0.0	0.0	0.0	0.0	0.0	0.0	0.0	0.0	0.0	0.0	0.0	0.0	0.0	0.0	0.0	0.0	0.04011135972967521	0.0	0.0	0.0	0.0	0.0	0.0	0.0	0.0	0.0	0.0	0.0	0.0	0.0
Syn.Breast-AdenoCA::S.51	0.08910365183619824	0.11024472500112885	0.0	0.0	0.13109120671460087	0.0	0.0	0.0	0.0	0.12710809393306705	0.0	0.0	0.0	0.0	0.0	0.0	0.0	0.010339154244705105	0.0	0.0	0.0	0.0	0.0	0.0	0.0	0.011133984722226604	0.061540220895372526	0.0	0.0	0.14445544390416815	0.0	0.0	0.3022740220713443	0.0	0.0	0.0	0.0	0.0	0.0	0.0	0.0	0.0	0.0	0.0	0.0	0.0	0.012709496677188405	0.0	0.0	0.0	0.0	0.0	0.0	0.0	0.0	0.0	0.0	0.0	0.0	0.0
Syn.Breast-AdenoCA::S.52	0.31332724387412725	0.0	0.02481280352990621	0.0	0.1656731105638778	0.0	0.0	0.0	0.0	0.0	0.0	0.0	0.0	0.020729389764558112	0.0	0.0	0.0	0.0	0.0	0.0	0.0	0.0	0.0	0.04088797955958112	0.0	0.0	0.0	0.0	0.0	0.0	0.0	0.0	0.10202181244283964	0.029198034681311814	0.0	0.0	0.0	0.0	0.0	0.0	0.0	0.0	0.0	0.0	0.0	0.30334962558379813	0.0	0.0	0.0	0.0	0.0	0.0	0.0	0.0	0.0	0.0	0.0	0.0	0.0	0.0
Syn.Breast-AdenoCA::S.53	0.0171730795492497	0.0	0.0	0.0	0.0561683700396236	0.0	0.0	0.0	0.0	0.0435145208317718	0.0	0.0	0.0	0.0	0.8831440295793549	0.0	0.0	0.0	0.0	0.0	0.0	0.0	0.0	0.0	0.0	0.0	0.0	0.0	0.0	0.0	0.0	0.0	0.0	0.0	0.0	0.0	0.0	0.0	0.0	0.0	0.0	0.0	0.0	0.0	0.0	0.0	0.0	0.0	0.0	0.0	0.0	0.0	0.0	0.0	0.0	0.0	0.0	0.0	0.0	0.0
Syn.Breast-AdenoCA::S.54	0.10021236576768106	0.008793168419035406	0.0	0.0	0.07780911727421294	0.0	0.0	0.0	0.0	0.05573213376286383	0.0	0.0	0.0	0.1378319077724905	0.0	0.0	0.0	0.0	0.0	0.020369717213465012	0.04629664855889613	0.0	0.0	0.0	0.0	0.0	0.04671438676794853	0.0	0.0	0.15415311677205537	0.0	0.0	0.08326577989496785	0.0	0.0	0.0	0.0	0.0	0.0	0.0	0.0	0.0	0.0	0.0	0.0	0.21596494033309732	0.052856717463286025	0.0	0.0	0.0	0.0	0.0	0.0	0.0	0.0	0.0	0.0	0.0	0.0	0.0
Syn.Breast-AdenoCA::S.55	0.10667983189760304	0.12074093115244004	0.0	0.0	0.10651919281173894	0.0	0.0	0.0	0.0	0.18117987474347574	0.0	0.0	0.0	0.07907781708075033	0.0	0.0	0.0	0.0	0.0	0.0	0.0	0.0	0.0	0.04594626591342151	0.0	0.0	0.0	0.0	0.0	0.0	0.0	0.0	0.3318718352272466	0.013771680306127606	0.0	0.0	0.0	0.0	0.0	0.0	0.014212570867196106	0.0	0.0	0.0	0.0	0.0	0.0	0.0	0.0	0.0	0.0	0.0	0.0	0.0	0.0	0.0	0.0	0.0	0.0	0.0
Syn.Breast-AdenoCA::S.56	0.12877772056848263	0.009306891812291301	0.0	0.0	0.15991557995280822	0.0	0.0	0.0	0.0	0.0	0.0	0.0	0.0	0.19811115128253864	0.014097781268407604	0.0	0.0	0.0	0.0	0.0	0.0	0.0	0.0	0.0	0.0	0.0	0.038774620059561206	0.0	0.0	0.04644249785834521	0.0	0.0	0.07576239314938421	0.0	0.0	0.0	0.0	0.0	0.0	0.0	0.0	0.0	0.0	0.0	0.0	0.03429669593373161	0.054063734022604316	0.24045093409184495	0.0	0.0	0.0	0.0	0.0	0.0	0.0	0.0	0.0	0.0	0.0	0.0
Syn.Breast-AdenoCA::S.57	0.035310168605087816	0.0	0.20615848952180235	0.0	0.08602919767535212	0.0	0.0	0.0	0.0	0.05575561190522052	0.0	0.0	0.0	0.0	0.16171181233930887	0.0	0.0	0.0	0.0	0.0	0.0	0.0	0.0	0.0	0.0	0.0	0.0	0.0	0.0	0.008946646371661104	0.0	0.0	0.44608807358156727	0.0	0.0	0.0	0.0	0.0	0.0	0.0	0.0	0.0	0.0	0.0	0.0	0.0	0.0	0.0	0.0	0.0	0.0	0.0	0.0	0.0	0.0	0.0	0.0	0.0	0.0	0.0
Syn.Breast-AdenoCA::S.58	0.12399370160077668	0.07956104411565273	0.0	0.0	0.07678834396687134	0.0	0.0	0.0	0.0	0.06871945463585974	0.0	0.0	0.0	0.15670767681356648	0.0	0.0	0.0	0.0	0.0	0.023889454125888415	0.23240037083099913	0.0	0.0	0.0	0.0	0.0	0.0	0.0	0.0	0.0	0.0	0.0	0.0	0.0	0.0	0.0	0.0	0.0	0.0	0.0	0.014753304949513608	0.0	0.0	0.0	0.0	0.12302731043702816	0.10015933852384386	0.0	0.0	0.0	0.0	0.0	0.0	0.0	0.0	0.0	0.0	0.0	0.0	0.0
Syn.Breast-AdenoCA::S.59	0.19128530255185344	0.0	0.0	0.0	0.09233523052771213	0.0	0.0	0.0	0.0	0.011727389849290504	0.0	0.0	0.0	0.016670417294463707	0.05036435083884062	0.0	0.0	0.0	0.0	0.0	0.07074611163247392	0.0	0.0	0.07538683359476053	0.0	0.0	0.0	0.0	0.0	0.05226077058504862	0.0	0.0	0.18584063083659635	0.0	0.0	0.0	0.0	0.0	0.0	0.0	0.0	0.0	0.0	0.0	0.0	0.17150088360265026	0.08188207868630983	0.0	0.0	0.0	0.0	0.0	0.0	0.0	0.0	0.0	0.0	0.0	0.0	0.0
Syn.Breast-AdenoCA::S.60	0.12414323329675996	0.005520169851380002	0.0	0.0	0.1757965652908323	0.0	0.0	0.0	0.0	0.15964965761513197	0.0	0.0	0.0	0.14277254098558975	0.02125677358869391	0.0	0.0	0.0	0.0	0.0	0.03271739125733191	0.0	0.0	0.0	0.0	0.0	0.0	0.0	0.0	0.21599371511847779	0.0	0.0	0.0	0.0	0.0	0.0	0.0	0.0	0.0	0.0	0.018143445768075406	0.0	0.0	0.0	0.0	0.0	0.10400650722772704	0.0	0.0	0.0	0.0	0.0	0.0	0.0	0.0	0.0	0.0	0.0	0.0	0.0
Syn.Breast-AdenoCA::S.61	0.04495210211370201	0.056472933413230716	0.0	0.0	0.08600010810351852	0.0	0.0	0.0	0.0	0.3519035105261424	0.0	0.0	0.0	0.012846803021548404	0.0	0.0	0.0	0.0	0.0	0.0	0.07201001479852721	0.0	0.0	0.0	0.0	0.0	0.0	0.0	0.0	0.0	0.0	0.0	0.21629471969490865	0.0	0.0	0.0	0.0	0.0	0.0	0.0	0.0	0.0	0.0	0.0	0.0	0.15951980832842202	0.0	0.0	0.0	0.0	0.0	0.0	0.0	0.0	0.0	0.0	0.0	0.0	0.0	0.0
Syn.Breast-AdenoCA::S.62	0.06013417591219492	0.0	0.0	0.0	0.05255772177109752	0.0	0.0	0.0	0.0	0.4379688656678646	0.0	0.0	0.0	0.0	0.06165225367451612	0.0	0.0	0.0	0.0	0.007039981597650503	0.06467246027531832	0.0	0.0	0.0	0.0	0.13879099691446276	0.07721275214888502	0.0	0.0	0.023244323604474607	0.0	0.0	0.0	0.0	0.0	0.0	0.0	0.0	0.0	0.0	0.0	0.0	0.0	0.0	0.0	0.0	0.07672646843353563	0.0	0.0	0.0	0.0	0.0	0.0	0.0	0.0	0.0	0.0	0.0	0.0	0.0
Syn.Breast-AdenoCA::S.63	0.10095318228787964	0.0	0.0	0.0	0.04347532751365582	0.0	0.0	0.0	0.0	0.011644434641006205	0.0	0.0	0.0	0.09151106251112984	0.0	0.0	0.0	0.0	0.0	0.0	0.06994831156833393	0.0	0.0	0.0	0.0	0.0	0.029289879400497515	0.0	0.0	0.05682663440399133	0.0	0.0	0.2132065384358019	0.0	0.0	0.0	0.0	0.0	0.0	0.0	0.07855363743496124	0.0	0.0	0.0	0.0	0.2078307516820879	0.09676024012065475	0.0	0.0	0.0	0.0	0.0	0.0	0.0	0.0	0.0	0.0	0.0	0.0	0.0
Syn.Breast-AdenoCA::S.64	0.09484361776407972	0.02114657223463731	0.0	0.0	0.08350713116107593	0.0	0.0	0.0	0.0	0.011714208053001404	0.0	0.0	0.0	0.08830745602719482	0.11679988669161034	0.0	0.0	0.0	0.0	0.0	0.07823450268658173	0.0	0.0	0.0	0.0	0.0	0.08190752628613662	0.0	0.0	0.3030205010420351	0.0	0.0	0.025881665431300507	0.0	0.0	0.0	0.0	0.0	0.0	0.0	0.09463693262234653	0.0	0.0	0.0	0.0	0.0	0.0	0.0	0.0	0.0	0.0	0.0	0.0	0.0	0.0	0.0	0.0	0.0	0.0	0.0
Syn.Breast-AdenoCA::S.65	0.025671038036805306	0.34338666691309067	0.0	0.0	0.12051614529550603	0.0	0.0	0.0	0.0	0.0	0.0	0.0	0.0	0.0	0.008829239469907902	0.0	0.0	0.0	0.0	0.0	0.0	0.0	0.0	0.0	0.0	0.0	0.0	0.0	0.0	0.0	0.0	0.0	0.44328332574384843	0.0	0.0	0.0	0.0	0.0	0.0	0.0	0.0	0.0	0.0	0.0	0.0	0.05831358454084171	0.0	0.0	0.0	0.0	0.0	0.0	0.0	0.0	0.0	0.0	0.0	0.0	0.0	0.0
Syn.Breast-AdenoCA::S.66	0.06266066147045435	0.004917279411764703	0.0	0.0	0.1587228424037452	0.0	0.0	0.0	0.0	0.19680174550540644	0.0	0.0	0.0	0.18228874148722862	0.07359811563393895	0.0	0.0	0.0	0.0	0.0	0.0	0.0	0.0	0.044465330214394624	0.0	0.0	0.0	0.0	0.0	0.02357998497658492	0.0	0.0	0.21070597997844384	0.0	0.0	0.0	0.0	0.0	0.0	0.0	0.0	0.0	0.0	0.0	0.0	0.02818879030122952	0.014070528616809009	0.0	0.0	0.0	0.0	0.0	0.0	0.0	0.0	0.0	0.0	0.0	0.0	0.0
Syn.Breast-AdenoCA::S.67	0.05105519854507371	0.08188689314716893	0.0	0.0	0.09861613094709813	0.0	0.0	0.0	0.0	0.07485348219206053	0.0	0.0	0.0	0.04477088931830321	0.0	0.0	0.0	0.0	0.0	0.0	0.0	0.0	0.0	0.0	0.0	0.0	0.0	0.0	0.0	0.0	0.0	0.0	0.6352974983014468	0.0	0.0	0.0	0.0	0.0	0.0	0.0	0.0	0.0	0.0	0.0	0.0	0.013519907548848705	0.0	0.0	0.0	0.0	0.0	0.0	0.0	0.0	0.0	0.0	0.0	0.0	0.0	0.0
Syn.Breast-AdenoCA::S.68	0.06594171558930753	0.0	0.18403242773100414	0.0	0.12607708011303626	0.0	0.0	0.0	0.0	0.0	0.0	0.0	0.0	0.0	0.2374495663880894	0.0	0.0	0.0	0.0	0.0	0.0	0.0	0.0	0.0	0.0	0.05815922184437802	0.0	0.0	0.0	0.0	0.0	0.0	0.03997481572727441	0.0	0.0	0.0	0.0	0.0	0.0	0.0	0.0	0.0	0.0	0.0	0.0	0.16617150359846655	0.08254072641110213	0.03965294259734151	0.0	0.0	0.0	0.0	0.0	0.0	0.0	0.0	0.0	0.0	0.0	0.0
Syn.Breast-AdenoCA::S.69	0.059962085525453616	0.0	0.30915913139135176	0.0	0.09296185475458452	0.0	0.0	0.0	0.0	0.32446285867802194	0.0	0.0	0.0	0.011117086423888702	0.12531014857918724	0.0	0.0	0.0	0.0	0.0	0.049965060382981014	0.0	0.0	0.0	0.0	0.0	0.0	0.0	0.0	0.016483019576168604	0.0	0.0	0.010578754688362502	0.0	0.0	0.0	0.0	0.0	0.0	0.0	0.0	0.0	0.0	0.0	0.0	0.0	0.0	0.0	0.0	0.0	0.0	0.0	0.0	0.0	0.0	0.0	0.0	0.0	0.0	0.0
Syn.Breast-AdenoCA::S.70	0.17799272469417146	0.0	0.013516302161286605	0.0	0.08003143418836813	0.0	0.0	0.0	0.0	0.14517121408904005	0.0	0.0	0.0	0.12212838274300414	0.0	0.0	0.0	0.0	0.0	0.019862834129620508	0.06083285559966132	0.0	0.0	0.0	0.0	0.0	0.0	0.0	0.0	0.08644954285645433	0.0	0.0	0.11605239384829995	0.011953420391445504	0.0	0.0	0.0	0.0	0.0	0.0	0.08271631830275353	0.0	0.0	0.0	0.0	0.08329257699589433	0.0	0.0	0.0	0.0	0.0	0.0	0.0	0.0	0.0	0.0	0.0	0.0	0.0	0.0
Syn.Breast-AdenoCA::S.71	0.07856561626800575	0.05979114972745793	0.0	0.0	0.09553359043360925	0.0	0.0	0.0	0.0	0.0	0.0	0.0	0.0	0.04767731279473252	0.011872951852785404	0.0	0.0	0.0	0.0	0.0	0.0	0.0	0.0	0.0	0.0	0.0	0.0	0.0	0.0	0.11117960156683486	0.0	0.0	0.479447682959531	0.012185232514355606	0.0	0.0	0.0	0.0	0.0	0.0	0.0	0.0	0.0	0.0	0.0	0.10374686188268774	0.0	0.0	0.0	0.0	0.0	0.0	0.0	0.0	0.0	0.0	0.0	0.0	0.0	0.0
Syn.Breast-AdenoCA::S.72	0.07661111518594221	0.09978193240316073	0.0	0.0	0.07664130162534241	0.0	0.0	0.0	0.0	0.0	0.0	0.0	0.0	0.23606010046466397	0.030418562104565207	0.0	0.0	0.0	0.0	0.0	0.0	0.0	0.0	0.0	0.0	0.0	0.0	0.0	0.0	0.08338015229370431	0.0	0.0	0.26630766930867505	0.0	0.0	0.0	0.0	0.0	0.0	0.0	0.0	0.0	0.0	0.0	0.0	0.13079916661394614	0.0	0.0	0.0	0.0	0.0	0.0	0.0	0.0	0.0	0.0	0.0	0.0	0.0	0.0
Syn.Breast-AdenoCA::S.73	0.08322712343283417	0.0	0.09385988905061927	0.0	0.045820000233157535	0.0	0.0	0.0	0.0	0.22044928242145367	0.0	0.0	0.0	0.18842211364834124	0.0	0.0	0.0	0.027307100124282422	0.0	0.0	0.0	0.0	0.0	0.0	0.0	0.0	0.04825275828005884	0.0	0.0	0.1309678101426166	0.0	0.0	0.08356167053536977	0.0	0.0	0.0	0.0	0.0	0.0	0.0	0.0	0.0	0.0	0.0	0.0	0.07813225213126655	0.0	0.0	0.0	0.0	0.0	0.0	0.0	0.0	0.0	0.0	0.0	0.0	0.0	0.0
Syn.Breast-AdenoCA::S.74	0.06250213183025091	0.07572843045017891	0.0	0.0	0.08014270471211102	0.0	0.0	0.0	0.0	0.10666883897594873	0.0	0.0	0.0	0.06815782844842572	0.004757128528442401	0.0	0.0	0.0	0.0	0.0	0.0	0.0	0.0	0.0	0.0	0.0	0.0	0.0	0.0	0.10134483171399873	0.0	0.0	0.5006981053406435	0.0	0.0	0.0	0.0	0.0	0.0	0.0	0.0	0.0	0.0	0.0	0.0	0.0	0.0	0.0	0.0	0.0	0.0	0.0	0.0	0.0	0.0	0.0	0.0	0.0	0.0	0.0
Syn.Breast-AdenoCA::S.75	0.12997884193171627	0.021083292884690314	0.008918224926086606	0.0	0.08276028615058766	0.0	0.0	0.0	0.0	0.0	0.0	0.0	0.0	0.05224663058049234	0.19928424882369533	0.0	0.0	0.0	0.0	0.0	0.0	0.0	0.0	0.0	0.0	0.0	0.10246650111746038	0.0	0.0	0.0	0.0	0.0	0.0	0.0	0.0	0.0	0.0	0.0	0.0	0.0	0.10369405111995507	0.0	0.0	0.0	0.0	0.11510264352152488	0.18446527894379122	0.0	0.0	0.0	0.0	0.0	0.0	0.0	0.0	0.0	0.0	0.0	0.0	0.0
Syn.Breast-AdenoCA::S.76	0.04695161552491123	0.11226190037166256	0.0	0.0	0.07691634378998914	0.0	0.0	0.0	0.0	0.0	0.0	0.0	0.0	0.06551892395555595	0.0	0.0	0.0	0.0	0.0	0.11142966015061395	0.09744524030522946	0.0	0.0	0.0	0.0	0.0	0.0	0.0	0.0	0.0	0.0	0.0	0.17693937949823882	0.01696500930214031	0.0	0.0	0.0	0.0	0.0	0.0	0.0	0.0	0.0	0.0	0.0	0.18236176296457102	0.08363933113820794	0.029570832998879717	0.0	0.0	0.0	0.0	0.0	0.0	0.0	0.0	0.0	0.0	0.0	0.0
Syn.Breast-AdenoCA::S.77	0.2135903739342272	0.09067001988349303	0.0	0.0	0.07522903527195073	0.0	0.0	0.0	0.0	0.0	0.0	0.0	0.0	0.0	0.22211196324571889	0.0	0.0	0.0	0.0	0.0	0.0	0.0	0.0	0.034220180625123914	0.0	0.0	0.0	0.0	0.0	0.0	0.0	0.0	0.2766934157004076	0.0	0.0	0.0	0.0	0.0	0.0	0.0	0.0	0.0	0.0	0.0	0.0	0.0	0.08748501133907872	0.0	0.0	0.0	0.0	0.0	0.0	0.0	0.0	0.0	0.0	0.0	0.0	0.0
Syn.Breast-AdenoCA::S.78	0.04644973591862732	0.1798032944749044	0.0	0.0	0.1888617481120778	0.0	0.0	0.0	0.0	0.0	0.0	0.0	0.0	0.05285312226195312	0.07199956328116883	0.0	0.0	0.04874477616012952	0.0	0.0	0.0	0.0	0.0	0.0	0.0	0.0	0.04184011244535262	0.0	0.0	0.010926964949051704	0.0	0.0	0.34325074727255156	0.0	0.0	0.0	0.0	0.0	0.0	0.0	0.0	0.0	0.0	0.0	0.0	0.0	0.015269935124183207	0.0	0.0	0.0	0.0	0.0	0.0	0.0	0.0	0.0	0.0	0.0	0.0	0.0
Syn.Breast-AdenoCA::S.79	0.07061811807029122	0.17082807878807948	0.0	0.0	0.07641484616557963	0.0	0.0	0.0	0.0	0.0	0.0	0.0	0.0	0.058388697219278925	0.0	0.0	0.0	0.0	0.0	0.0	0.09034027388228284	0.0	0.0	0.0	0.0	0.0	0.14833042756902995	0.0	0.0	0.0	0.0	0.0	0.2618414384300151	0.013098044902170305	0.0	0.0	0.0	0.0	0.0	0.0	0.013771059500016707	0.0	0.0	0.0	0.0	0.012261660591944105	0.08410735488131164	0.0	0.0	0.0	0.0	0.0	0.0	0.0	0.0	0.0	0.0	0.0	0.0	0.0
Syn.Breast-AdenoCA::S.80	0.10000540543035344	0.0	0.17400032405947807	0.0	0.13262884127115154	0.0	0.0	0.0	0.0	0.011108394290849205	0.0	0.0	0.0	0.14861932080395135	0.0	0.0	0.0	0.0	0.0	0.0	0.0	0.0	0.0	0.0	0.0	0.0	0.0	0.0	0.0	0.015120944868001007	0.0	0.0	0.39744176289025657	0.0	0.0	0.0	0.0	0.0	0.0	0.0	0.011098350580416305	0.0	0.0	0.0	0.0	0.009976655805542505	0.0	0.0	0.0	0.0	0.0	0.0	0.0	0.0	0.0	0.0	0.0	0.0	0.0	0.0
Syn.Breast-AdenoCA::S.81	0.11113362855608061	0.0	0.12553678662519044	0.0	0.11803798066514472	0.0	0.0	0.0	0.0	0.0	0.0	0.0	0.0	0.025268932856126605	0.0	0.0	0.0	0.0	0.0	0.0	0.0	0.0	0.0	0.0	0.0	0.0	0.14460003358952764	0.0	0.0	0.34133856140424024	0.0	0.0	0.09052057918928641	0.0	0.0	0.0	0.0	0.0	0.0	0.0	0.0	0.0	0.0	0.0	0.0	0.0	0.04356349711440341	0.0	0.0	0.0	0.0	0.0	0.0	0.0	0.0	0.0	0.0	0.0	0.0	0.0
Syn.Breast-AdenoCA::S.82	0.058351951678521426	0.003847004200751702	0.0	0.0	0.12052738807152835	0.0	0.0	0.0	0.0	0.17814566137083837	0.0	0.0	0.0	0.14472390963229606	0.21202331016808287	0.0	0.0	0.0	0.0	0.0	0.0	0.0	0.0	0.0	0.0	0.0	0.009987276456531404	0.0	0.0	0.017515417171383607	0.0	0.0	0.235740797076993	0.0	0.0	0.0	0.0	0.0	0.0	0.0	0.009109466939267504	0.0	0.0	0.0	0.0	0.0	0.010027817233805705	0.0	0.0	0.0	0.0	0.0	0.0	0.0	0.0	0.0	0.0	0.0	0.0	0.0
Syn.Breast-AdenoCA::S.83	0.14410479031809723	0.09572957205181883	0.0	0.0	0.11093250946151732	0.0	0.0	0.0	0.0	0.09863675465370843	0.0	0.0	0.0	0.0	0.12865072275751532	0.0	0.0	0.0	0.0	0.0	0.07176784515062172	0.0	0.0	0.0	0.0	0.011592869448928402	0.0	0.0	0.0	0.0	0.0	0.0	0.31707681962337086	0.0	0.0	0.0	0.0	0.0	0.0	0.0	0.0	0.0	0.0	0.0	0.0	0.0	0.021508116534421803	0.0	0.0	0.0	0.0	0.0	0.0	0.0	0.0	0.0	0.0	0.0	0.0	0.0
Syn.Breast-AdenoCA::S.84	0.11341911717894697	0.0030150753768844016	0.0	0.0	0.10718216907036945	0.0	0.0	0.0	0.0	0.1916436377820559	0.0	0.0	0.0	0.1624435113436705	0.10160999402446395	0.0	0.0	0.0	0.0	0.0	0.0	0.0	0.0	0.0	0.0	0.0	0.05475315164094073	0.0	0.0	0.014528344900945109	0.0	0.0	0.2234572875256644	0.0	0.0	0.0	0.0	0.0	0.0	0.0	0.0	0.0	0.0	0.0	0.0	0.010641021435786605	0.009367448509149905	0.007939241211122005	0.0	0.0	0.0	0.0	0.0	0.0	0.0	0.0	0.0	0.0	0.0	0.0
Syn.Breast-AdenoCA::S.85	0.06732441815700885	0.10280914903971816	0.0	0.0	0.10294257780598935	0.0	0.0	0.0	0.0	0.061549590554299635	0.0	0.0	0.0	0.15077694116422888	0.005550516959912904	0.0	0.0	0.0	0.0	0.0	0.0	0.0	0.0	0.0	0.0	0.0	0.0	0.0	0.0	0.0	0.0	0.0	0.13778375667630127	0.01503877416321201	0.0	0.0	0.0	0.0	0.0	0.0	0.1995529995026051	0.0	0.0	0.0	0.0	0.07233780304037034	0.08433347293635354	0.0	0.0	0.0	0.0	0.0	0.0	0.0	0.0	0.0	0.0	0.0	0.0	0.0
Syn.Breast-AdenoCA::S.86	0.017973785291924203	0.0	0.0	0.0	0.14706139172007873	0.0	0.0	0.0	0.0	0.015548458862712502	0.0	0.0	0.0	0.056799945646347307	0.0	0.0	0.0	0.0	0.0	0.0	0.0	0.0	0.0	0.0	0.0	0.023651532788523704	0.0	0.0	0.0	0.019545327047338603	0.0	0.0	0.5604517176744735	0.0	0.0	0.0	0.0	0.0	0.0	0.0	0.0	0.0	0.0	0.0	0.0	0.14784072502077514	0.011127115947826201	0.0	0.0	0.0	0.0	0.0	0.0	0.0	0.0	0.0	0.0	0.0	0.0	0.0
Syn.Breast-AdenoCA::S.87	0.14060825534878416	0.03040334390653061	0.0	0.0	0.17528485073957595	0.0	0.0	0.0	0.0	0.0	0.0	0.0	0.0	0.10393651322784712	0.0	0.0	0.0	0.0	0.0	0.0	0.04537040533027061	0.0	0.0	0.0	0.0	0.0	0.09041997873984953	0.0	0.0	0.17140560993896886	0.0	0.0	0.24257104276817318	0.0	0.0	0.0	0.0	0.0	0.0	0.0	0.0	0.0	0.0	0.0	0.0	0.0	0.0	0.0	0.0	0.0	0.0	0.0	0.0	0.0	0.0	0.0	0.0	0.0	0.0	0.0
Syn.Breast-AdenoCA::S.88	0.11106201054561785	0.0	0.0	0.0	0.07430871026303873	0.0	0.0	0.0	0.0	0.0	0.0	0.0	0.0	0.10757073608847614	0.0	0.0	0.0	0.0	0.0	0.0	0.09499718649514773	0.0	0.0	0.04459371586081801	0.0	0.0	0.047673886942419114	0.0	0.0	0.0	0.0	0.0	0.24250997020127488	0.0	0.0	0.0	0.0	0.0	0.0	0.0	0.012609366255004804	0.0	0.0	0.0	0.0	0.09607067179534623	0.16860374555285657	0.0	0.0	0.0	0.0	0.0	0.0	0.0	0.0	0.0	0.0	0.0	0.0	0.0
Syn.Breast-AdenoCA::S.89	0.06394988288071582	0.0	0.08315038622328381	0.0	0.08560173709978881	0.0	0.0	0.0	0.0	0.21915235992219975	0.0	0.0	0.0	0.028989753525619905	0.0	0.0	0.0	0.044963974703078405	0.0	0.0	0.0	0.0	0.0	0.06099920073047661	0.0	0.06607629546184632	0.04730671691781881	0.0	0.0	0.07497130296228942	0.0	0.0	0.021901161282109505	0.0	0.0	0.0	0.0	0.0	0.0	0.0	0.0	0.0	0.0	0.0	0.0	0.20293722829077276	0.0	0.0	0.0	0.0	0.0	0.0	0.0	0.0	0.0	0.0	0.0	0.0	0.0	0.0
Syn.Breast-AdenoCA::S.90	0.03879968608696371	0.0	0.0	0.0	0.12836732746903912	0.0	0.0	0.0	0.0	0.0	0.0	0.0	0.0	0.0	0.6182756393773278	0.0	0.0	0.0	0.0	0.0	0.05305641757768972	0.0	0.0	0.0	0.0	0.0	0.0	0.0	0.0	0.0	0.0	0.0	0.10082008778614633	0.0	0.0	0.0	0.0	0.0	0.0	0.0	0.0	0.0	0.0	0.0	0.0	0.0	0.06068084170283331	0.0	0.0	0.0	0.0	0.0	0.0	0.0	0.0	0.0	0.0	0.0	0.0	0.0
Syn.Breast-AdenoCA::S.91	0.10445221089081926	0.11286134154265456	0.0	0.0	0.2187513710492637	0.0	0.0	0.0	0.0	0.0	0.0	0.0	0.0	0.03139594088227902	0.11595232397829126	0.0	0.0	0.03645863148983982	0.0	0.0	0.01618673072427381	0.0	0.0	0.0	0.0	0.0	0.047977705382758626	0.0	0.0	0.008975317875841405	0.0	0.0	0.27497151081192167	0.032016915372057024	0.0	0.0	0.0	0.0	0.0	0.0	0.0	0.0	0.0	0.0	0.0	0.0	0.0	0.0	0.0	0.0	0.0	0.0	0.0	0.0	0.0	0.0	0.0	0.0	0.0	0.0
Syn.Breast-AdenoCA::S.92	0.11233172116548691	0.08456807069202701	0.017610129319650804	0.0	0.09792842986242312	0.0	0.0	0.0	0.0	0.0	0.0	0.0	0.0	0.12625338822467164	0.07132226121303802	0.0	0.0	0.024894419908729502	0.0	0.0	0.0	0.0	0.0	0.0	0.0	0.0	0.0	0.0	0.0	0.12736288946863134	0.0	0.0	0.25706510214445477	0.0	0.0	0.0	0.0	0.0	0.0	0.0	0.0	0.0	0.0	0.0	0.0	0.08066358800088691	0.0	0.0	0.0	0.0	0.0	0.0	0.0	0.0	0.0	0.0	0.0	0.0	0.0	0.0
Syn.Breast-AdenoCA::S.93	0.07735590027297795	0.12164418762044879	0.0	0.0	0.09680663603470117	0.0	0.0	0.0	0.0	0.2540520155020896	0.0	0.0	0.0	0.17382150094364743	0.0	0.0	0.0	0.0	0.0	0.0	0.0	0.0	0.0	0.0	0.0	0.0	0.0	0.0	0.0	0.009980325523162206	0.0	0.0	0.22378875409259547	0.022873396004963017	0.0	0.0	0.0	0.0	0.0	0.0	0.019677284005414613	0.0	0.0	0.0	0.0	0.0	0.0	0.0	0.0	0.0	0.0	0.0	0.0	0.0	0.0	0.0	0.0	0.0	0.0	0.0
Syn.Breast-AdenoCA::S.94	0.10393990113301854	0.030411965262019412	0.0	0.0	0.12972041290432684	0.0	0.0	0.0	0.0	0.0	0.0	0.0	0.0	0.0	0.09879396025120364	0.0	0.0	0.08077328294699694	0.0	0.0	0.0	0.0	0.0	0.0	0.0	0.011117845225735005	0.14713351911814507	0.0	0.0	0.07249032407039713	0.0	0.0	0.0	0.0	0.0	0.0	0.0	0.0	0.0	0.0	0.0	0.0	0.0	0.0	0.0	0.2904339449092649	0.018859909028192907	0.016324935150699608	0.0	0.0	0.0	0.0	0.0	0.0	0.0	0.0	0.0	0.0	0.0	0.0
Syn.Breast-AdenoCA::S.95	0.06270633367908303	0.08955931253220593	0.0	0.0	0.10588476987548665	0.0	0.0	0.0	0.0	0.47799317623692905	0.0	0.0	0.0	0.08535612885346873	0.0058274187523347015	0.0	0.0	0.0	0.0	0.0	0.0	0.0	0.0	0.0	0.0	0.0	0.0	0.0	0.0	0.0	0.0	0.0	0.0	0.020192327939216007	0.0	0.0	0.0	0.0	0.0	0.0	0.13618785275275747	0.0	0.0	0.0	0.0	0.0	0.01629267937851841	0.0	0.0	0.0	0.0	0.0	0.0	0.0	0.0	0.0	0.0	0.0	0.0	0.0
Syn.Breast-AdenoCA::S.96	0.07527046452736205	0.09376886044843197	0.0	0.0	0.09658154229955117	0.0	0.0	0.0	0.0	0.18478403637009863	0.0	0.0	0.0	0.1281120634852754	0.0	0.0	0.0	0.0	0.0	0.0	0.010683142200543408	0.0	0.0	0.07264890339599636	0.0	0.01302708261912921	0.0	0.0	0.0	0.05985973705158415	0.0	0.0	0.06223736649142705	0.10498653026766028	0.0	0.0	0.0	0.0	0.0	0.0	0.014827120574932112	0.0	0.0	0.0	0.0	0.08321315026800827	0.0	0.0	0.0	0.0	0.0	0.0	0.0	0.0	0.0	0.0	0.0	0.0	0.0	0.0
Syn.Breast-AdenoCA::S.97	0.32348268695123594	0.018426903152535805	0.0	0.0	0.16354913576274582	0.0	0.0	0.0	0.0	0.05730385818823811	0.0	0.0	0.0	0.0	0.0	0.0	0.0	0.0	0.0	0.0	0.0	0.0	0.0	0.0	0.0	0.09776188531821163	0.0	0.0	0.0	0.009695544759237402	0.0	0.0	0.18113064530952913	0.0	0.0	0.0	0.0	0.0	0.0	0.0	0.0	0.0	0.0	0.0	0.0	0.0	0.14864934055826604	0.0	0.0	0.0	0.0	0.0	0.0	0.0	0.0	0.0	0.0	0.0	0.0	0.0
Syn.Breast-AdenoCA::S.98	0.10676995445834173	0.0	0.0	0.0	0.07694843744727452	0.0	0.0	0.0	0.0	0.20964281568669155	0.0	0.0	0.0	0.0	0.0	0.0	0.0	0.0	0.0	0.0	0.0	0.0	0.0	0.0	0.0	0.0	0.0	0.0	0.0	0.07895584971420132	0.0	0.0	0.27165860841604167	0.0	0.0	0.0	0.0	0.0	0.0	0.0	0.07551025461732881	0.0	0.0	0.0	0.0	0.18051407966012042	0.0	0.0	0.0	0.0	0.0	0.0	0.0	0.0	0.0	0.0	0.0	0.0	0.0	0.0
Syn.Breast-AdenoCA::S.99	0.08292231424909771	0.0	0.21619300260383625	0.0	0.09105365057320321	0.0	0.0	0.0	0.0	0.041523580805384604	0.0	0.0	0.0	0.17874793473208572	0.0	0.0	0.0	0.0	0.0	0.0	0.07977376465037822	0.0	0.0	0.0	0.0	0.008026076247646301	0.011340483748309402	0.0	0.0	0.020229501952888803	0.0	0.0	0.2701896904371698	0.0	0.0	0.0	0.0	0.0	0.0	0.0	0.0	0.0	0.0	0.0	0.0	0.0	0.0	0.0	0.0	0.0	0.0	0.0	0.0	0.0	0.0	0.0	0.0	0.0	0.0	0.0
Syn.Breast-AdenoCA::S.100	0.07580245734693386	0.12228589161276578	0.0	0.0	0.11941035322774449	0.0	0.0	0.0	0.0	0.3534086883654905	0.0	0.0	0.0	0.04180771873339423	0.004792579232156604	0.0	0.0	0.0	0.0	0.0	0.0	0.0	0.0	0.0	0.0	0.025114586107383617	0.1423282054677165	0.0	0.0	0.008391361442359606	0.0	0.0	0.0	0.0	0.0	0.0	0.0	0.0	0.0	0.0	0.0	0.0	0.0	0.0	0.0	0.011262839193056507	0.09539531927099837	0.0	0.0	0.0	0.0	0.0	0.0	0.0	0.0	0.0	0.0	0.0	0.0	0.0
Syn.Breast-AdenoCA::S.101	0.09384662501162563	0.0	0.0	0.0	0.15337817235399154	0.0	0.0	0.0	0.0	0.07949459647810031	0.0	0.0	0.0	0.020200580885146903	0.26968269891357083	0.0	0.0	0.0	0.0	0.0	0.0	0.0	0.0	0.0	0.0	0.0	0.0	0.0	0.0	0.0	0.0	0.0	0.29848688790223515	0.0	0.0	0.0	0.0	0.0	0.0	0.0	0.0	0.0	0.0	0.0	0.0	0.0	0.08491043845532971	0.0	0.0	0.0	0.0	0.0	0.0	0.0	0.0	0.0	0.0	0.0	0.0	0.0
Syn.Breast-AdenoCA::S.102	0.059282513071941434	0.1484058217134294	0.0	0.0	0.05562153288584753	0.0	0.0	0.0	0.0	0.1910920952600367	0.0	0.0	0.0	0.1262999595346295	0.10301959046517635	0.0	0.0	0.03263644509855682	0.0	0.0	0.0	0.0	0.0	0.0	0.0	0.0	0.026142013680474512	0.0	0.0	0.07226301607365164	0.0	0.0	0.11755641722064787	0.0	0.0	0.0	0.0	0.0	0.0	0.0	0.0	0.0	0.0	0.0	0.0	0.0	0.06768059499560825	0.0	0.0	0.0	0.0	0.0	0.0	0.0	0.0	0.0	0.0	0.0	0.0	0.0
Syn.Breast-AdenoCA::S.103	0.05086647494312282	0.0	0.0	0.0	0.03248199353988072	0.0	0.0	0.0	0.0	0.10543128851096184	0.0	0.0	0.0	0.15796678932249497	0.0	0.0	0.0	0.0	0.0	0.0	0.06846917684060402	0.0	0.0	0.0	0.0	0.02220303800087891	0.0	0.0	0.0	0.0	0.0	0.0	0.3989216289384447	0.0	0.0	0.0	0.0	0.0	0.0	0.0	0.08278595076810964	0.0	0.0	0.0	0.0	0.06871420187811203	0.012159457257390404	0.0	0.0	0.0	0.0	0.0	0.0	0.0	0.0	0.0	0.0	0.0	0.0	0.0
Syn.Breast-AdenoCA::S.104	0.048553302259653715	0.0	0.0	0.0	0.08756902738505501	0.0	0.0	0.0	0.0	0.0	0.0	0.0	0.0	0.0	0.0	0.0	0.0	0.0	0.0	0.0	0.0	0.0	0.0	0.0	0.0	0.0	0.0	0.0	0.0	0.0	0.0	0.0	0.8484356747999086	0.0	0.0	0.0	0.0	0.0	0.0	0.0	0.0	0.0	0.0	0.0	0.0	0.0	0.015441995555382703	0.0	0.0	0.0	0.0	0.0	0.0	0.0	0.0	0.0	0.0	0.0	0.0	0.0
Syn.Breast-AdenoCA::S.105	0.10009035938475853	0.0	0.07571545688404811	0.0	0.12920181871317601	0.0	0.0	0.0	0.0	0.13210614729458472	0.0	0.0	0.0	0.06988309403098211	0.0	0.0	0.0	0.0	0.0	0.0	0.0	0.0	0.0	0.0	0.0	0.0	0.03328033888763061	0.0	0.0	0.018361567402191702	0.0	0.0	0.4413612174026281	0.0	0.0	0.0	0.0	0.0	0.0	0.0	0.0	0.0	0.0	0.0	0.0	0.0	0.0	0.0	0.0	0.0	0.0	0.0	0.0	0.0	0.0	0.0	0.0	0.0	0.0	0.0
Syn.Breast-AdenoCA::S.106	0.10705198200098706	0.0049649904519414026	0.01662793379163881	0.0	0.09597195321796376	0.0	0.0	0.0	0.0	0.0	0.0	0.0	0.0	0.07044437309486584	0.06851300144396524	0.0	0.0	0.0	0.0	0.0	0.0	0.0	0.0	0.06922383100904334	0.0	0.0	0.0	0.0	0.0	0.0	0.0	0.0	0.46449047581017766	0.08768122951187365	0.0	0.0	0.0	0.0	0.0	0.0	0.015030229667543209	0.0	0.0	0.0	0.0	0.0	0.0	0.0	0.0	0.0	0.0	0.0	0.0	0.0	0.0	0.0	0.0	0.0	0.0	0.0
Syn.Breast-AdenoCA::S.107	0.04543660391174911	0.013344369875072405	0.0	0.0	0.10589160331367155	0.0	0.0	0.0	0.0	0.3347757308895487	0.0	0.0	0.0	0.2564644931771279	0.12933158024713595	0.0	0.0	0.0	0.0	0.0	0.05341472002832432	0.0	0.0	0.0	0.0	0.0	0.008725633654269004	0.0	0.0	0.0	0.0	0.0	0.036232786908436114	0.009638340240683404	0.0	0.0	0.0	0.0	0.0	0.0	0.006744137753981503	0.0	0.0	0.0	0.0	0.0	0.0	0.0	0.0	0.0	0.0	0.0	0.0	0.0	0.0	0.0	0.0	0.0	0.0	0.0
Syn.Breast-AdenoCA::S.108	0.16717239939238404	0.0	0.0	0.0	0.07312446312349602	0.0	0.0	0.0	0.0	0.0	0.0	0.0	0.0	0.023727054392936205	0.0	0.0	0.0	0.0	0.0	0.0	0.0	0.0	0.0	0.25627329077296074	0.0	0.0	0.0	0.0	0.0	0.13109166095761712	0.0	0.0	0.08982749863804661	0.0	0.0	0.0	0.0	0.0	0.0	0.0	0.0	0.0	0.0	0.0	0.0	0.09624274578525432	0.16254088693730484	0.0	0.0	0.0	0.0	0.0	0.0	0.0	0.0	0.0	0.0	0.0	0.0	0.0
Syn.Breast-AdenoCA::S.109	0.046361312860716625	0.2181979107902511	0.009665833984943506	0.0	0.12021411623217387	0.0	0.0	0.0	0.0	0.22303316029126902	0.0	0.0	0.0	0.09176916951540286	0.0	0.0	0.0	0.0	0.0	0.007662843048176405	0.0	0.0	0.0	0.008907521291518306	0.0	0.0	0.04216842901316452	0.0	0.0	0.009333397419165706	0.0	0.0	0.0	0.0	0.0	0.0	0.0	0.0	0.0	0.0	0.0	0.0	0.0	0.0	0.0	0.13006614916635037	0.09262015638686766	0.0	0.0	0.0	0.0	0.0	0.0	0.0	0.0	0.0	0.0	0.0	0.0	0.0
Syn.Breast-AdenoCA::S.110	0.009641098214431	0.2398260252203848	0.0	0.0	0.0524992549475851	0.0	0.0	0.0	0.0	0.6980336216175991	0.0	0.0	0.0	0.0	0.0	0.0	0.0	0.0	0.0	0.0	0.0	0.0	0.0	0.0	0.0	0.0	0.0	0.0	0.0	0.0	0.0	0.0	0.0	0.0	0.0	0.0	0.0	0.0	0.0	0.0	0.0	0.0	0.0	0.0	0.0	0.0	0.0	0.0	0.0	0.0	0.0	0.0	0.0	0.0	0.0	0.0	0.0	0.0	0.0	0.0
Syn.Breast-AdenoCA::S.111	0.09256473336188066	0.0	0.0	0.0	0.12147997587585486	0.0	0.0	0.0	0.0	0.0	0.0	0.0	0.0	0.1735104734603476	0.0	0.0	0.0	0.01680430816050101	0.0	0.25855677944664035	0.0	0.0	0.0	0.0	0.0	0.0	0.11447966854818786	0.0	0.0	0.0	0.0	0.0	0.02177878474344461	0.02100458990621991	0.0	0.0	0.0	0.0	0.0	0.0	0.0	0.0	0.0	0.0	0.0	0.1798206864969232	0.0	0.0	0.0	0.0	0.0	0.0	0.0	0.0	0.0	0.0	0.0	0.0	0.0	0.0
Syn.Breast-AdenoCA::S.112	0.13598860722390663	0.0	0.40246401461324005	0.0	0.18508836416053054	0.0	0.0	0.0	0.0	0.016630578471630204	0.0	0.0	0.0	0.018123299310579103	0.0	0.0	0.0	0.0	0.0	0.0	0.0	0.0	0.0	0.10328584192133232	0.0	0.0	0.0	0.0	0.0	0.024629715387339702	0.0	0.0	0.09092817614603041	0.0	0.0	0.0	0.0	0.0	0.0	0.0	0.0	0.0	0.0	0.0	0.0	0.022861402765411005	0.0	0.0	0.0	0.0	0.0	0.0	0.0	0.0	0.0	0.0	0.0	0.0	0.0	0.0
Syn.Breast-AdenoCA::S.113	0.05122062578611531	0.3923027170158546	0.0	0.0	0.2471393160964234	0.0	0.0	0.0	0.0	0.0	0.0	0.0	0.0	0.13072341482981967	0.0	0.0	0.0	0.0	0.0	0.0	0.0	0.0	0.0	0.0	0.0	0.0	0.11662420417333764	0.0	0.0	0.0	0.0	0.0	0.0	0.03451678504088922	0.0	0.0	0.0	0.0	0.0	0.0	0.02747293705756021	0.0	0.0	0.0	0.0	0.0	0.0	0.0	0.0	0.0	0.0	0.0	0.0	0.0	0.0	0.0	0.0	0.0	0.0	0.0
Syn.Breast-AdenoCA::S.114	0.13366510052787878	0.06547248309108314	0.0	0.0	0.15069737686974757	0.0	0.0	0.0	0.0	0.14832990395039078	0.0	0.0	0.0	0.1899478035043963	0.0	0.0	0.0	0.03616128345956842	0.0	0.0	0.0	0.0	0.0	0.0	0.0	0.010402745661222105	0.0	0.0	0.0	0.023517608800217915	0.0	0.0	0.056337163395675335	0.0	0.0	0.0	0.0	0.0	0.0	0.0	0.0	0.0	0.0	0.0	0.0	0.09841595193036395	0.08705257880945574	0.0	0.0	0.0	0.0	0.0	0.0	0.0	0.0	0.0	0.0	0.0	0.0	0.0
Syn.Breast-AdenoCA::S.115	0.02953583456010351	0.18789145824252865	0.0	0.0	0.09850595081776403	0.0	0.0	0.0	0.0	0.0	0.0	0.0	0.0	0.0	0.22890760248149739	0.0	0.0	0.0	0.0	0.0	0.0	0.0	0.0	0.0	0.0	0.0	0.0	0.0	0.0	0.0	0.0	0.0	0.16210813257339496	0.0	0.0	0.0	0.0	0.0	0.0	0.0	0.0	0.0	0.0	0.0	0.0	0.2930510213247115	0.0	0.0	0.0	0.0	0.0	0.0	0.0	0.0	0.0	0.0	0.0	0.0	0.0	0.0
Syn.Breast-AdenoCA::S.116	0.14047557252968051	0.005715335637934601	0.009933496933790002	0.0	0.09177046896689252	0.0	0.0	0.0	0.0	0.19776793841384216	0.0	0.0	0.0	0.008437860589451302	0.0	0.0	0.0	0.0	0.0	0.0	0.0	0.0	0.0	0.0	0.0	0.0	0.12447688444844612	0.0	0.0	0.2511925921377954	0.0	0.0	0.16155365508895814	0.0	0.0	0.0	0.0	0.0	0.0	0.0	0.008676195253209302	0.0	0.0	0.0	0.0	0.0	0.0	0.0	0.0	0.0	0.0	0.0	0.0	0.0	0.0	0.0	0.0	0.0	0.0	0.0
Syn.Breast-AdenoCA::S.117	0.17466321699056625	0.025079708345317607	0.0	0.0	0.16152894470752316	0.0	0.0	0.0	0.0	0.06751686732501463	0.0	0.0	0.0	0.07398224568324273	0.011414982164090303	0.0	0.0	0.0	0.0	0.0	0.0	0.0	0.0	0.0	0.0	0.07504453898566082	0.0	0.0	0.0	0.0	0.0	0.0	0.14135013462954227	0.0	0.0	0.0	0.0	0.0	0.0	0.0	0.10862789786379515	0.0	0.0	0.0	0.0	0.0	0.16079146330524716	0.0	0.0	0.0	0.0	0.0	0.0	0.0	0.0	0.0	0.0	0.0	0.0	0.0
Syn.Breast-AdenoCA::S.118	0.18669527527362614	0.0	0.12403837826047544	0.0	0.16098397629794176	0.0	0.0	0.0	0.0	0.0	0.0	0.0	0.0	0.12228610420021155	0.15384644712500395	0.0	0.0	0.0	0.0	0.0	0.0	0.0	0.0	0.0	0.0	0.0	0.0	0.0	0.0	0.009792240533468104	0.0	0.0	0.0	0.0	0.0	0.0	0.0	0.0	0.0	0.0	0.0	0.0	0.0	0.0	0.0	0.017547690457223306	0.21003311202094258	0.014776775831107205	0.0	0.0	0.0	0.0	0.0	0.0	0.0	0.0	0.0	0.0	0.0	0.0
Syn.Breast-AdenoCA::S.119	0.03370398839480542	0.01920227383313261	0.0	0.0	0.15929295457788709	0.0	0.0	0.0	0.0	0.13660908624911577	0.0	0.0	0.0	0.009263665383429305	0.0	0.0	0.0	0.0	0.0	0.0	0.08273837144153665	0.0	0.0	0.008178410183021005	0.0	0.0	0.0	0.0	0.0	0.019379267819610812	0.0	0.0	0.5202934888998804	0.0	0.0	0.0	0.0	0.0	0.0	0.0	0.0	0.0	0.0	0.0	0.0	0.0	0.011338493217581007	0.0	0.0	0.0	0.0	0.0	0.0	0.0	0.0	0.0	0.0	0.0	0.0	0.0
Syn.Breast-AdenoCA::S.120	0.07841526767027182	0.0	0.0	0.0	0.12627990093438846	0.0	0.0	0.0	0.0	0.0	0.0	0.0	0.0	0.03223378849041392	0.0	0.0	0.0	0.0	0.0	0.0	0.0	0.0	0.0	0.0	0.0	0.0	0.036639733830676716	0.0	0.0	0.21085899483249917	0.0	0.0	0.47102146984150595	0.0	0.0	0.0	0.0	0.0	0.0	0.0	0.0	0.0	0.0	0.0	0.0	0.026305508346705312	0.01824533605353861	0.0	0.0	0.0	0.0	0.0	0.0	0.0	0.0	0.0	0.0	0.0	0.0	0.0
Syn.Breast-AdenoCA::S.121	0.11957371125135172	0.08414446528144061	0.0	0.0	0.07890760241285122	0.0	0.0	0.0	0.0	0.0	0.0	0.0	0.0	0.0	0.0	0.0	0.0	0.0	0.0	0.0	0.0	0.0	0.0	0.05179247725876221	0.0	0.0	0.0	0.0	0.0	0.3772126770999343	0.0	0.0	0.27336308762299033	0.0	0.0	0.0	0.0	0.0	0.0	0.0	0.0	0.0	0.0	0.0	0.0	0.0	0.015005979072669602	0.0	0.0	0.0	0.0	0.0	0.0	0.0	0.0	0.0	0.0	0.0	0.0	0.0
Syn.Breast-AdenoCA::S.122	0.09695511087539334	0.0	0.0	0.0	0.04974975118022872	0.0	0.0	0.0	0.0	0.2701879057567028	0.0	0.0	0.0	0.11881823556533926	0.0	0.0	0.0	0.0	0.0	0.0	0.0	0.0	0.0	0.0	0.0	0.0	0.021962650857848612	0.0	0.0	0.11003349264515226	0.0	0.0	0.10035539679347415	0.0	0.0	0.0	0.0	0.0	0.0	0.0	0.04013528651428582	0.0	0.0	0.0	0.0	0.10261515556755484	0.08918701424402015	0.0	0.0	0.0	0.0	0.0	0.0	0.0	0.0	0.0	0.0	0.0	0.0	0.0
Syn.Breast-AdenoCA::S.123	0.033354942335175324	0.058297853832290636	0.015449309751042709	0.0	0.06516473286015304	0.0	0.0	0.0	0.0	0.11136013032179536	0.0	0.0	0.0	0.23055297607734135	0.0	0.0	0.0	0.0	0.0	0.0	0.0	0.0	0.0	0.030189306740389818	0.0	0.0	0.0	0.0	0.0	0.0	0.0	0.0	0.42358426611968003	0.014596340541612308	0.0	0.0	0.0	0.0	0.0	0.0	0.01745014142051941	0.0	0.0	0.0	0.0	0.0	0.0	0.0	0.0	0.0	0.0	0.0	0.0	0.0	0.0	0.0	0.0	0.0	0.0	0.0
Syn.Breast-AdenoCA::S.124	0.050148394807142616	0.437028003852333	0.0	0.0	0.13129159172529795	0.0	0.0	0.0	0.0	0.0	0.0	0.0	0.0	0.08644583788569563	0.08230577260299612	0.0	0.0	0.0	0.0	0.0	0.0	0.0	0.0	0.0	0.0	0.0	0.0	0.0	0.0	0.0	0.0	0.0	0.0	0.0	0.0	0.0	0.0	0.0	0.0	0.0	0.0	0.0	0.0	0.0	0.0	0.0	0.17906902678656594	0.03371137233996881	0.0	0.0	0.0	0.0	0.0	0.0	0.0	0.0	0.0	0.0	0.0	0.0
Syn.Breast-AdenoCA::S.125	0.16345924179704316	0.0	0.0	0.0	0.12949827988840606	0.0	0.0	0.0	0.0	0.0	0.0	0.0	0.0	0.23323436851163268	0.011812634588216003	0.0	0.0	0.0	0.0	0.0	0.0	0.0	0.0	0.04519843126917261	0.0	0.0	0.10438152777012254	0.0	0.0	0.0	0.0	0.0	0.23339582359982308	0.025312113698785606	0.0	0.0	0.0	0.0	0.0	0.0	0.0	0.0	0.0	0.0	0.0	0.0	0.05370757887679822	0.0	0.0	0.0	0.0	0.0	0.0	0.0	0.0	0.0	0.0	0.0	0.0	0.0
Syn.Breast-AdenoCA::S.126	0.06284723648990603	0.02207284991544771	0.0	0.0	0.17407052611456328	0.0	0.0	0.0	0.0	0.21345119915662178	0.0	0.0	0.0	0.02094816553679731	0.0	0.0	0.0	0.0	0.0	0.0	0.014047681087956806	0.0	0.0	0.0	0.0	0.0	0.07437824569129463	0.0	0.0	0.14157639717521345	0.0	0.0	0.276607698832199	0.0	0.0	0.0	0.0	0.0	0.0	0.0	0.0	0.0	0.0	0.0	0.0	0.0	0.0	0.0	0.0	0.0	0.0	0.0	0.0	0.0	0.0	0.0	0.0	0.0	0.0	0.0
Syn.Breast-AdenoCA::S.127	0.0151861472000655	0.0	0.0	0.0	0.1275095047311059	0.0	0.0	0.0	0.0	0.0	0.0	0.0	0.0	0.0	0.0	0.0	0.0	0.0	0.0	0.0	0.0	0.0	0.0	0.0	0.0	0.0	0.0	0.0	0.0	0.0	0.0	0.0	0.8203415531369977	0.0	0.0	0.0	0.0	0.0	0.0	0.0	0.0369627949318308	0.0	0.0	0.0	0.0	0.0	0.0	0.0	0.0	0.0	0.0	0.0	0.0	0.0	0.0	0.0	0.0	0.0	0.0	0.0
Syn.Breast-AdenoCA::S.128	0.09480433184341655	0.08622923388516195	0.0	0.0	0.1310179999211594	0.0	0.0	0.0	0.0	0.08416729940769935	0.0	0.0	0.0	0.23614536258798094	0.0	0.0	0.0	0.0	0.0	0.0	0.0	0.0	0.0	0.0	0.0	0.0	0.11955343008452576	0.0	0.0	0.01843934614463581	0.0	0.0	0.14305797926986868	0.0	0.0	0.0	0.0	0.0	0.0	0.0	0.0	0.0	0.0	0.0	0.0	0.07478614924385374	0.011798867611697806	0.0	0.0	0.0	0.0	0.0	0.0	0.0	0.0	0.0	0.0	0.0	0.0	0.0
Syn.Breast-AdenoCA::S.129	0.08531853423951194	0.023061458338488112	0.0	0.0	0.1706394427385816	0.0	0.0	0.0	0.0	0.0	0.0	0.0	0.0	0.014340506646493608	0.0	0.0	0.0	0.07168186143950724	0.0	0.0	0.060094931009985836	0.0	0.0	0.0	0.0	0.013049129191577807	0.057105123115854334	0.0	0.0	0.0	0.0	0.0	0.31819950020162624	0.1627749928277863	0.0	0.0	0.0	0.0	0.0	0.0	0.0	0.0	0.0	0.0	0.0	0.012001036704507907	0.011733483546079107	0.0	0.0	0.0	0.0	0.0	0.0	0.0	0.0	0.0	0.0	0.0	0.0	0.0
Syn.Breast-AdenoCA::S.130	0.06759009202913341	0.0	0.0	0.0	0.12903179072348941	0.0	0.0	0.0	0.0	0.10655298558034992	0.0	0.0	0.0	0.0	0.0	0.0	0.0	0.049644408677210816	0.0	0.0	0.04524056539465011	0.0	0.0	0.0	0.0	0.0	0.0	0.0	0.0	0.0	0.0	0.0	0.0	0.0	0.0	0.0	0.0	0.0	0.0	0.0	0.0	0.0	0.0	0.0	0.0	0.5858685627754933	0.016071594819673005	0.0	0.0	0.0	0.0	0.0	0.0	0.0	0.0	0.0	0.0	0.0	0.0	0.0
Syn.Breast-AdenoCA::S.131	0.03395895683711971	0.2047623039463338	0.0	0.0	0.12253424591692255	0.0	0.0	0.0	0.0	0.0	0.0	0.0	0.0	0.05519151423426283	0.0	0.0	0.0	0.05592578689158763	0.0	0.0	0.0	0.0	0.0	0.034586880059922616	0.0	0.0	0.0	0.0	0.0	0.0	0.0	0.0	0.06666628057968653	0.0	0.0	0.0	0.0	0.0	0.0	0.0	0.2197306811995082	0.0	0.0	0.0	0.0	0.2066433503346562	0.0	0.0	0.0	0.0	0.0	0.0	0.0	0.0	0.0	0.0	0.0	0.0	0.0	0.0
Syn.Breast-AdenoCA::S.132	0.13394574367858314	0.0	0.0	0.0	0.08666249055255681	0.0	0.0	0.0	0.0	0.0	0.0	0.0	0.0	0.25751185892691386	0.022147607055766103	0.0	0.0	0.0	0.0	0.0	0.0	0.0	0.0	0.0	0.0	0.06544753903193831	0.0	0.0	0.0	0.06209097556743761	0.0	0.0	0.09304796229704962	0.0	0.0	0.0	0.0	0.0	0.0	0.0	0.0	0.0	0.0	0.0	0.0	0.2791458228897545	0.0	0.0	0.0	0.0	0.0	0.0	0.0	0.0	0.0	0.0	0.0	0.0	0.0	0.0
Syn.Breast-AdenoCA::S.133	0.17245742337343384	0.021944130402715603	0.0	0.0	0.15631595518221034	0.0	0.0	0.0	0.0	0.012404641162334003	0.0	0.0	0.0	0.07311651489493902	0.0	0.0	0.0	0.0	0.0	0.09619882041870613	0.09291891974630861	0.0	0.0	0.0	0.0	0.0	0.0	0.0	0.0	0.022054756675797003	0.0	0.0	0.35258883814355535	0.0	0.0	0.0	0.0	0.0	0.0	0.0	0.0	0.0	0.0	0.0	0.0	0.0	0.0	0.0	0.0	0.0	0.0	0.0	0.0	0.0	0.0	0.0	0.0	0.0	0.0	0.0
Syn.Breast-AdenoCA::S.134	0.14348315716527565	0.07138400309091053	0.017198659732986406	0.0	0.08261741283434754	0.0	0.0	0.0	0.0	0.0	0.0	0.0	0.0	0.20636928962629109	0.006820891962795102	0.0	0.0	0.009762650026607504	0.0	0.0	0.09819064813001874	0.0	0.0	0.09062271373179755	0.0	0.009681866156380304	0.07519005414127702	0.0	0.0	0.09458895757064564	0.0	0.0	0.0	0.0	0.0	0.0	0.0	0.0	0.0	0.0	0.0	0.0	0.0	0.0	0.0	0.0	0.09408969583066684	0.0	0.0	0.0	0.0	0.0	0.0	0.0	0.0	0.0	0.0	0.0	0.0	0.0
Syn.Breast-AdenoCA::S.135	0.11849780654462826	0.03966272852151292	0.0	0.0	0.11472685595113355	0.0	0.0	0.0	0.0	0.07486093815550493	0.0	0.0	0.0	0.11917035521442526	0.08411564739638414	0.0	0.0	0.0	0.0	0.0	0.0	0.0	0.0	0.08552889211181074	0.0	0.0	0.0	0.0	0.0	0.0	0.0	0.0	0.10050816897572123	0.0	0.0	0.0	0.0	0.0	0.0	0.0	0.0	0.0	0.0	0.0	0.0	0.262928607128879	0.0	0.0	0.0	0.0	0.0	0.0	0.0	0.0	0.0	0.0	0.0	0.0	0.0	0.0
Syn.Breast-AdenoCA::S.136	0.046809908596213805	0.007890000719890503	0.0	0.0	0.12726437368817123	0.0	0.0	0.0	0.0	0.0	0.0	0.0	0.0	0.0	0.7169315439771754	0.0	0.0	0.0	0.0	0.0	0.0	0.0	0.0	0.0	0.0	0.0	0.0	0.0	0.0	0.0	0.0	0.0	0.0	0.0	0.0	0.0	0.0	0.0	0.0	0.0	0.0	0.0	0.0	0.0	0.0	0.10110417301854911	0.0	0.0	0.0	0.0	0.0	0.0	0.0	0.0	0.0	0.0	0.0	0.0	0.0	0.0
Syn.Breast-AdenoCA::S.137	0.253549512066068	0.0	0.0	0.0	0.033595519167935815	0.0	0.0	0.0	0.0	0.0	0.0	0.0	0.0	0.03449290949406732	0.09185477211190904	0.0	0.0	0.08137792558466195	0.0	0.0	0.05527822734921333	0.0	0.0	0.09927281097866784	0.0	0.0	0.0	0.0	0.0	0.013155323998697406	0.0	0.0	0.10856322016185314	0.0	0.0	0.0	0.0	0.0	0.0	0.0	0.09566764352632534	0.0	0.0	0.0	0.0	0.07515703898611192	0.058035096574488826	0.0	0.0	0.0	0.0	0.0	0.0	0.0	0.0	0.0	0.0	0.0	0.0	0.0
Syn.Breast-AdenoCA::S.138	0.053589609965627304	0.0	0.0	0.0	0.07947833862487301	0.0	0.0	0.0	0.0	0.11644884599271181	0.0	0.0	0.0	0.0	0.0	0.0	0.0	0.13587734260724144	0.0	0.0	0.0	0.0	0.0	0.0	0.0	0.0	0.11360454904190381	0.0	0.0	0.10640222138589991	0.0	0.0	0.0	0.0	0.0	0.0	0.0	0.0	0.0	0.0	0.22124237358930293	0.0	0.0	0.0	0.0	0.08086769140770751	0.09248902738473222	0.0	0.0	0.0	0.0	0.0	0.0	0.0	0.0	0.0	0.0	0.0	0.0	0.0
Syn.Breast-AdenoCA::S.139	0.05190730006124263	0.022250801556084915	0.010921697827401508	0.0	0.11031397959491557	0.0	0.0	0.0	0.0	0.23382347549750357	0.0	0.0	0.0	0.07218386758867124	0.0	0.0	0.0	0.0	0.0	0.020636356647259515	0.02916459637468302	0.0	0.0	0.0	0.0	0.0	0.12354725670788388	0.0	0.0	0.08478903892612635	0.0	0.0	0.0	0.013161445270815808	0.0	0.0	0.0	0.0	0.0	0.0	0.13449536924428498	0.0	0.0	0.0	0.0	0.0	0.09280481470312696	0.0	0.0	0.0	0.0	0.0	0.0	0.0	0.0	0.0	0.0	0.0	0.0	0.0
Syn.Breast-AdenoCA::S.140	0.06926955689063344	0.10874169015495015	0.0	0.0	0.10325989293193985	0.0	0.0	0.0	0.0	0.0	0.0	0.0	0.0	0.0	0.18721016849950392	0.0	0.0	0.0	0.0	0.0	0.0	0.0	0.0	0.0	0.0	0.0	0.0	0.0	0.0	0.0	0.0	0.0	0.3667887325348995	0.015367504874232609	0.0	0.0	0.0	0.0	0.0	0.0	0.13303624790308	0.0	0.0	0.0	0.0	0.0	0.01632620621076061	0.0	0.0	0.0	0.0	0.0	0.0	0.0	0.0	0.0	0.0	0.0	0.0	0.0
Syn.Breast-AdenoCA::S.141	0.14670776270234787	0.004325816843074002	0.0	0.0	0.10877630348051374	0.0	0.0	0.0	0.0	0.22297853144867352	0.0	0.0	0.0	0.0	0.12583954266596875	0.0	0.0	0.04159123145351552	0.0	0.0	0.012173757620217605	0.0	0.0	0.0	0.0	0.0	0.12159845328500256	0.0	0.0	0.013437643810400305	0.0	0.0	0.0	0.013397075507270905	0.0	0.0	0.0	0.0	0.0	0.0	0.12122955206228106	0.0	0.0	0.0	0.0	0.0	0.06794432912073413	0.0	0.0	0.0	0.0	0.0	0.0	0.0	0.0	0.0	0.0	0.0	0.0	0.0
Syn.Breast-AdenoCA::S.142	0.09737139752042084	0.01970871817142161	0.0	0.0	0.12555940718731157	0.0	0.0	0.0	0.0	0.0	0.0	0.0	0.0	0.12215339435622476	0.13682035846768495	0.0	0.0	0.0	0.0	0.0	0.03912940374319442	0.0	0.0	0.0	0.0	0.0	0.0	0.0	0.0	0.09544335118685775	0.0	0.0	0.20345698104581797	0.0	0.0	0.0	0.0	0.0	0.0	0.0	0.09570838177996444	0.0	0.0	0.0	0.0	0.0	0.06464860654110173	0.0	0.0	0.0	0.0	0.0	0.0	0.0	0.0	0.0	0.0	0.0	0.0	0.0
Syn.Breast-AdenoCA::S.143	0.020872618503264516	0.004670487106017103	0.0	0.0	0.1205677878257997	0.0	0.0	0.0	0.0	0.10641625271845048	0.0	0.0	0.0	0.01318693663529471	0.09527354739431397	0.0	0.0	0.0	0.0	0.0	0.0	0.0	0.0	0.008803531937473807	0.0	0.0	0.04203325474740433	0.0	0.0	0.007556642814727806	0.0	0.0	0.4987692001428346	0.0	0.0	0.0	0.0	0.0	0.0	0.0	0.0	0.0	0.0	0.0	0.0	0.010459686995695909	0.07139005317872306	0.0	0.0	0.0	0.0	0.0	0.0	0.0	0.0	0.0	0.0	0.0	0.0	0.0
Syn.Breast-AdenoCA::S.144	0.1534358365094488	0.02976131441027682	0.015289245020916711	0.0	0.19596309775413154	0.0	0.0	0.0	0.0	0.0	0.0	0.0	0.0	0.01640864545559441	0.0	0.0	0.0	0.0	0.0	0.0	0.010730852964118607	0.0	0.0	0.0	0.0	0.0	0.0	0.0	0.0	0.0	0.0	0.0	0.0	0.01558349650143671	0.0	0.0	0.0	0.0	0.0	0.0	0.0	0.0	0.0	0.0	0.0	0.5628275113840765	0.0	0.0	0.0	0.0	0.0	0.0	0.0	0.0	0.0	0.0	0.0	0.0	0.0	0.0
Syn.Breast-AdenoCA::S.145	0.04825327366368391	0.0	0.018809894011872306	0.0	0.10176235435805893	0.0	0.0	0.0	0.0	0.24374266146528148	0.0	0.0	0.0	0.10725160328634334	0.0	0.0	0.0	0.0	0.0	0.0	0.0	0.0	0.0	0.0	0.0	0.0	0.07586791269247743	0.0	0.0	0.022254151187096706	0.0	0.0	0.18615961082221366	0.0	0.0	0.0	0.0	0.0	0.0	0.0	0.0	0.0	0.0	0.0	0.0	0.19589853851297226	0.0	0.0	0.0	0.0	0.0	0.0	0.0	0.0	0.0	0.0	0.0	0.0	0.0	0.0
Syn.Breast-AdenoCA::S.146	0.08382503913536564	0.02009135311399271	0.0	0.0	0.15624537038922184	0.0	0.0	0.0	0.0	0.011172007731197605	0.0	0.0	0.0	0.16122386686183987	0.4653474467633961	0.0	0.0	0.02421990001091651	0.0	0.0	0.0	0.0	0.0	0.0	0.0	0.05156939544825012	0.0	0.0	0.0	0.0	0.0	0.0	0.011950101588114605	0.0	0.0	0.0	0.0	0.0	0.0	0.0	0.0	0.0	0.0	0.0	0.0	0.0	0.014355518957705007	0.0	0.0	0.0	0.0	0.0	0.0	0.0	0.0	0.0	0.0	0.0	0.0	0.0
Syn.Breast-AdenoCA::S.147	0.07940153943325912	0.15291188775038234	0.0	0.0	0.09667488115543393	0.0	0.0	0.0	0.0	0.0	0.0	0.0	0.0	0.24282140704962615	0.0	0.0	0.0	0.0	0.0	0.0	0.0	0.0	0.0	0.0	0.0	0.0	0.0	0.0	0.0	0.10870092463572523	0.0	0.0	0.0	0.0	0.0	0.0	0.0	0.0	0.0	0.0	0.0	0.0	0.0	0.0	0.0	0.23469042457003805	0.08479893540553521	0.0	0.0	0.0	0.0	0.0	0.0	0.0	0.0	0.0	0.0	0.0	0.0	0.0
Syn.Breast-AdenoCA::S.148	0.07107236862069742	0.0	0.010868423392867104	0.0	0.14811298762587086	0.0	0.0	0.0	0.0	0.012946875968692404	0.0	0.0	0.0	0.07780932297860753	0.0	0.0	0.0	0.0	0.0	0.0	0.058139479809081324	0.0	0.0	0.0	0.0	0.08232772025217323	0.0	0.0	0.0	0.008701311618894904	0.0	0.0	0.25224788237548124	0.0	0.0	0.0	0.0	0.0	0.0	0.0	0.0	0.0	0.0	0.0	0.0	0.02542654410607781	0.2523470832515562	0.0	0.0	0.0	0.0	0.0	0.0	0.0	0.0	0.0	0.0	0.0	0.0	0.0
Syn.Breast-AdenoCA::S.149	0.020204951831098206	0.0	0.0	0.0	0.08808846592321842	0.0	0.0	0.0	0.0	0.45800154340767324	0.0	0.0	0.0	0.0	0.320442717805601	0.0	0.0	0.0	0.0	0.0	0.0	0.0	0.0	0.0	0.0	0.0	0.0	0.0	0.0	0.0	0.0	0.0	0.11326232103240924	0.0	0.0	0.0	0.0	0.0	0.0	0.0	0.0	0.0	0.0	0.0	0.0	0.0	0.0	0.0	0.0	0.0	0.0	0.0	0.0	0.0	0.0	0.0	0.0	0.0	0.0	0.0
Syn.Breast-AdenoCA::S.150	0.03737692329968242	0.05517594608288212	0.0	0.0	0.04295077250305481	0.0	0.0	0.0	0.0	0.0	0.0	0.0	0.0	0.17086259858711617	0.0	0.0	0.0	0.0	0.0	0.0	0.11725807101831114	0.0	0.0	0.14095664303915315	0.0	0.0	0.07880755153301423	0.0	0.0	0.017443227777019708	0.0	0.0	0.17656569629583516	0.0	0.0	0.0	0.0	0.0	0.0	0.0	0.0	0.0	0.0	0.0	0.0	0.10129290023250492	0.061309669631426124	0.0	0.0	0.0	0.0	0.0	0.0	0.0	0.0	0.0	0.0	0.0	0.0	0.0
Syn.Breast-AdenoCA::S.151	0.16292297105452372	0.0	0.0	0.0	0.10514453432490292	0.0	0.0	0.0	0.0	0.0	0.0	0.0	0.0	0.025438566990205806	0.0	0.0	0.0	0.0	0.0	0.0	0.0	0.0	0.0	0.0	0.0	0.0	0.0	0.0	0.0	0.0	0.0	0.0	0.681837838069911	0.0	0.0	0.0	0.0	0.0	0.0	0.0	0.0	0.0	0.0	0.0	0.0	0.024656089560456406	0.0	0.0	0.0	0.0	0.0	0.0	0.0	0.0	0.0	0.0	0.0	0.0	0.0	0.0
Syn.Breast-AdenoCA::S.152	0.09440232261754393	0.0	0.0	0.0	0.17408733958593922	0.0	0.0	0.0	0.0	0.0	0.0	0.0	0.0	0.019864387660306505	0.5993314660081022	0.0	0.0	0.0	0.0	0.0	0.0	0.0	0.0	0.0	0.0	0.0	0.0	0.0	0.0	0.0	0.0	0.0	0.09202556064737172	0.0	0.0	0.0	0.0	0.0	0.0	0.0	0.020288923480736402	0.0	0.0	0.0	0.0	0.0	0.0	0.0	0.0	0.0	0.0	0.0	0.0	0.0	0.0	0.0	0.0	0.0	0.0	0.0
Syn.Breast-AdenoCA::S.153	0.1501161353084322	0.013963256270913311	0.0	0.0	0.1506988294448562	0.0	0.0	0.0	0.0	0.0	0.0	0.0	0.0	0.18562817662636794	0.08016106633738695	0.0	0.0	0.03229478913170643	0.0	0.0	0.009177473557501007	0.0	0.0	0.0	0.0	0.0	0.05607934112277024	0.0	0.0	0.0	0.0	0.0	0.29935883987699363	0.008624914377870408	0.0	0.0	0.0	0.0	0.0	0.0	0.007175085082835305	0.0	0.0	0.0	0.0	0.0	0.006722092862366505	0.0	0.0	0.0	0.0	0.0	0.0	0.0	0.0	0.0	0.0	0.0	0.0	0.0
Syn.Breast-AdenoCA::S.154	0.06837233764545884	0.0	0.0	0.0	0.07717947031958734	0.0	0.0	0.0	0.0	0.05149027910675933	0.0	0.0	0.0	0.20991215241556282	0.0	0.0	0.0	0.0	0.0	0.0	0.0	0.0	0.0	0.0	0.0	0.0	0.10223739147235135	0.0	0.0	0.009360485887817006	0.0	0.0	0.16399655179683467	0.01661161960375621	0.0	0.0	0.0	0.0	0.0	0.0	0.08772000387057706	0.0	0.0	0.0	0.0	0.1340280859189573	0.07909162196233804	0.0	0.0	0.0	0.0	0.0	0.0	0.0	0.0	0.0	0.0	0.0	0.0	0.0
Syn.Breast-AdenoCA::S.155	0.16887215446665677	0.0	0.020890763358677907	0.0	0.10569278874352474	0.0	0.0	0.0	0.0	0.0	0.0	0.0	0.0	0.10781251010553725	0.03971293797211571	0.0	0.0	0.0	0.0	0.09339245576317763	0.0	0.0	0.0	0.0	0.0	0.0	0.0	0.0	0.0	0.0	0.0	0.0	0.3197247251757991	0.0	0.0	0.0	0.0	0.0	0.0	0.0	0.015543606118879005	0.0	0.0	0.0	0.0	0.12835805829563204	0.0	0.0	0.0	0.0	0.0	0.0	0.0	0.0	0.0	0.0	0.0	0.0	0.0	0.0
Syn.Breast-AdenoCA::S.156	0.0144251536128336	0.0	0.0	0.0	0.1070497389605092	0.0	0.0	0.0	0.0	0.0	0.0	0.0	0.0	0.0	0.0	0.0	0.0	0.0	0.0	0.0	0.0	0.0	0.0	0.0	0.0	0.0084773172263921	0.0	0.0	0.0	0.0	0.0	0.0	0.8493527108069303	0.0	0.0	0.0	0.0	0.0	0.0	0.0	0.0	0.0	0.0	0.0	0.0	0.0	0.0206950793933348	0.0	0.0	0.0	0.0	0.0	0.0	0.0	0.0	0.0	0.0	0.0	0.0	0.0
Syn.Breast-AdenoCA::S.157	0.13582815241709342	0.10527324736904213	0.0	0.0	0.06330323391700202	0.0	0.0	0.0	0.0	0.0	0.0	0.0	0.0	0.0	0.10189458218203773	0.0	0.0	0.0	0.0	0.0	0.09902409592090712	0.0	0.0	0.12089682681825933	0.0	0.0	0.0	0.0	0.0	0.0	0.0	0.0	0.28910785236700487	0.0	0.0	0.0	0.0	0.0	0.0	0.0	0.0	0.0	0.0	0.0	0.0	0.0	0.08467200900865351	0.0	0.0	0.0	0.0	0.0	0.0	0.0	0.0	0.0	0.0	0.0	0.0	0.0
Syn.Breast-AdenoCA::S.158	0.037475855394772606	0.30184101032254007	0.0	0.0	0.07848619798970921	0.0	0.0	0.0	0.0	0.03308938785750401	0.0	0.0	0.0	0.0	0.0	0.0	0.0	0.0	0.0	0.0	0.0	0.0	0.0	0.0	0.0	0.0	0.0	0.0	0.0	0.20018753024671435	0.0	0.0	0.34892001818875973	0.0	0.0	0.0	0.0	0.0	0.0	0.0	0.0	0.0	0.0	0.0	0.0	0.0	0.0	0.0	0.0	0.0	0.0	0.0	0.0	0.0	0.0	0.0	0.0	0.0	0.0	0.0
Syn.Breast-AdenoCA::S.159	0.1609300724237712	0.0	0.2645796016437431	0.0	0.14385895022879416	0.0	0.0	0.0	0.0	0.06900370796943893	0.0	0.0	0.0	0.015926518897829908	0.0	0.0	0.0	0.0	0.0	0.0	0.0	0.0	0.0	0.0	0.0	0.0	0.0	0.0	0.0	0.0	0.0	0.0	0.18234976686635268	0.0	0.0	0.0	0.0	0.0	0.0	0.0	0.0	0.0	0.0	0.0	0.0	0.14498255835223936	0.018368823617830606	0.0	0.0	0.0	0.0	0.0	0.0	0.0	0.0	0.0	0.0	0.0	0.0	0.0
Syn.Breast-AdenoCA::S.160	0.1805362697799626	0.07750558238810473	0.0	0.0	0.06246959667789063	0.0	0.0	0.0	0.0	0.14108581106178786	0.0	0.0	0.0	0.11991311176888556	0.0	0.0	0.0	0.0	0.0	0.0	0.0	0.0	0.0	0.0	0.0	0.07761353355526703	0.04676790529806422	0.0	0.0	0.011317755523764106	0.0	0.0	0.0	0.0	0.0	0.0	0.0	0.0	0.0	0.0	0.08037318918142324	0.0	0.0	0.0	0.0	0.11320466895903576	0.08921257580581424	0.0	0.0	0.0	0.0	0.0	0.0	0.0	0.0	0.0	0.0	0.0	0.0	0.0
Syn.Breast-AdenoCA::S.161	0.02612319004760781	0.0	0.0	0.0	0.16409349366582976	0.0	0.0	0.0	0.0	0.6073042039712294	0.0	0.0	0.0	0.0	0.0	0.0	0.0	0.012152566846182503	0.0	0.0	0.0	0.0	0.0	0.04970462020568812	0.0	0.0	0.0	0.0	0.0	0.0	0.0	0.0	0.0	0.0	0.0	0.0	0.0	0.0	0.0	0.0	0.0	0.0	0.0	0.0	0.0	0.11749229669940404	0.023129628564058407	0.0	0.0	0.0	0.0	0.0	0.0	0.0	0.0	0.0	0.0	0.0	0.0	0.0
Syn.Breast-AdenoCA::S.162	0.03759042398443501	0.04548462994989681	0.0	0.0	0.10421177489453634	0.0	0.0	0.0	0.0	0.011919321809269403	0.0	0.0	0.0	0.08865928113554933	0.05851107480784512	0.0	0.0	0.0	0.0	0.0	0.0	0.0	0.0	0.0	0.0	0.0	0.0	0.0	0.0	0.0	0.0	0.0	0.44624647497234854	0.0	0.0	0.0	0.0	0.0	0.0	0.0	0.018433745699489808	0.0	0.0	0.0	0.0	0.12896720812369095	0.05997606462293862	0.0	0.0	0.0	0.0	0.0	0.0	0.0	0.0	0.0	0.0	0.0	0.0	0.0
Syn.Breast-AdenoCA::S.163	0.053942434083142116	0.0	0.0	0.0	0.14967079890834162	0.0	0.0	0.0	0.0	0.5137385226791463	0.0	0.0	0.0	0.0	0.0	0.0	0.0	0.0	0.0	0.0	0.0	0.0	0.0	0.0	0.0	0.0	0.09285411074788232	0.0	0.0	0.13257741959959263	0.0	0.0	0.0	0.0	0.0	0.0	0.0	0.0	0.0	0.0	0.0	0.0	0.0	0.0	0.0	0.011152046185420901	0.019750994365116105	0.026313673431358008	0.0	0.0	0.0	0.0	0.0	0.0	0.0	0.0	0.0	0.0	0.0	0.0
Syn.Breast-AdenoCA::S.164	0.13397115572137583	0.0	0.07771171711045452	0.0	0.07580255984729141	0.0	0.0	0.0	0.0	0.28316543938012945	0.0	0.0	0.0	0.15927703554198433	0.0	0.0	0.0	0.0	0.0	0.0	0.0	0.0	0.0	0.0	0.0	0.0	0.0	0.0	0.0	0.05559374812690401	0.0	0.0	0.0	0.0	0.0	0.0	0.0	0.0	0.0	0.0	0.0	0.0	0.0	0.0	0.0	0.16180811406970433	0.05267023020215601	0.0	0.0	0.0	0.0	0.0	0.0	0.0	0.0	0.0	0.0	0.0	0.0	0.0
Syn.Breast-AdenoCA::S.165	0.05145094993967432	0.0	0.5292779988905381	0.0	0.15037814767832205	0.0	0.0	0.0	0.0	0.013296185840561005	0.0	0.0	0.0	0.02237680457328181	0.08284974184199144	0.0	0.0	0.0	0.0	0.0	0.0	0.0	0.0	0.0	0.0	0.0	0.011840163511907805	0.0	0.0	0.009456606096195403	0.0	0.0	0.0	0.0	0.0	0.0	0.0	0.0	0.0	0.0	0.12907340162752806	0.0	0.0	0.0	0.0	0.0	0.0	0.0	0.0	0.0	0.0	0.0	0.0	0.0	0.0	0.0	0.0	0.0	0.0	0.0
Syn.Breast-AdenoCA::S.166	0.10130390781189783	0.13134076415185997	0.05880177644465082	0.0	0.051401940737012014	0.0	0.0	0.0	0.0	0.12835073272710465	0.0	0.0	0.0	0.0	0.017698673267516406	0.0	0.0	0.0	0.0	0.0	0.0	0.0	0.0	0.0	0.0	0.0	0.04578415757482581	0.0	0.0	0.11201514360435375	0.0	0.0	0.3410326810416721	0.0	0.0	0.0	0.0	0.0	0.0	0.0	0.012270222639106603	0.0	0.0	0.0	0.0	0.0	0.0	0.0	0.0	0.0	0.0	0.0	0.0	0.0	0.0	0.0	0.0	0.0	0.0	0.0
Syn.Breast-AdenoCA::S.167	0.1635269239800285	0.0	0.0	0.0	0.10366337180452664	0.0	0.0	0.0	0.0	0.15264244865284815	0.0	0.0	0.0	0.0	0.283568782594097	0.0	0.0	0.0	0.0	0.0	0.0	0.0	0.0	0.0	0.0	0.0	0.05614699362071743	0.0	0.0	0.14349638881047086	0.0	0.0	0.0	0.09695509053731154	0.0	0.0	0.0	0.0	0.0	0.0	0.0	0.0	0.0	0.0	0.0	0.0	0.0	0.0	0.0	0.0	0.0	0.0	0.0	0.0	0.0	0.0	0.0	0.0	0.0	0.0
Syn.Breast-AdenoCA::S.168	0.06079014869696981	0.0	0.0	0.0	0.13948803972722632	0.0	0.0	0.0	0.0	0.29102914992836176	0.0	0.0	0.0	0.0	0.0	0.0	0.0	0.08294193372634602	0.0	0.0	0.0	0.0	0.0	0.0	0.0	0.0	0.0	0.0	0.0	0.0	0.0	0.0	0.3836205649751201	0.0	0.0	0.0	0.0	0.0	0.0	0.0	0.0	0.0	0.0	0.0	0.0	0.023830416895842806	0.018299746050133202	0.0	0.0	0.0	0.0	0.0	0.0	0.0	0.0	0.0	0.0	0.0	0.0	0.0
Syn.Breast-AdenoCA::S.169	0.02740388943290591	0.17381411280631487	0.3144796845236789	0.0	0.07514871061823973	0.0	0.0	0.0	0.0	0.20093238840044855	0.0	0.0	0.0	0.0	0.08686136833856553	0.0	0.0	0.0	0.0	0.0	0.0	0.0	0.0	0.0	0.0	0.0	0.0	0.0	0.0	0.12135984587984654	0.0	0.0	0.0	0.0	0.0	0.0	0.0	0.0	0.0	0.0	0.0	0.0	0.0	0.0	0.0	0.0	0.0	0.0	0.0	0.0	0.0	0.0	0.0	0.0	0.0	0.0	0.0	0.0	0.0	0.0
Syn.Breast-AdenoCA::S.170	0.07850207097471212	0.0	0.0	0.0	0.13433949324073274	0.0	0.0	0.0	0.0	0.05939476251503612	0.0	0.0	0.0	0.0	0.06693252556097443	0.0	0.0	0.021236564970147608	0.0	0.0	0.07571263899343272	0.0	0.0	0.0	0.0	0.11787545878330845	0.05597930171406272	0.0	0.0	0.0	0.0	0.0	0.3900271832475931	0.0	0.0	0.0	0.0	0.0	0.0	0.0	0.0	0.0	0.0	0.0	0.0	0.0	0.0	0.0	0.0	0.0	0.0	0.0	0.0	0.0	0.0	0.0	0.0	0.0	0.0	0.0
Syn.Breast-AdenoCA::S.171	0.02853259844196221	0.0	0.0	0.0	0.11617442971977004	0.0	0.0	0.0	0.0	0.09964526335295253	0.0	0.0	0.0	0.0	0.06262079478241533	0.0	0.0	0.0	0.0	0.0	0.0	0.0	0.0	0.0	0.0	0.010702782316622403	0.050932968439095214	0.0	0.0	0.0	0.0	0.0	0.4598470528964896	0.0	0.0	0.0	0.0	0.0	0.0	0.0	0.0	0.0	0.0	0.0	0.0	0.15049312322684777	0.021050986823845007	0.0	0.0	0.0	0.0	0.0	0.0	0.0	0.0	0.0	0.0	0.0	0.0	0.0
Syn.Breast-AdenoCA::S.172	0.05035065620663553	0.0	0.1934790664155569	0.0	0.08892085362678166	0.0	0.0	0.0	0.0	0.05818222099667224	0.0	0.0	0.0	0.06172772962956104	0.04811157170645373	0.0	0.0	0.06032641028949644	0.0	0.0	0.0	0.0	0.0	0.0	0.0	0.0	0.062247891240109834	0.0	0.0	0.12503244510004838	0.0	0.0	0.03715808471249852	0.010487605560810706	0.0	0.0	0.0	0.0	0.0	0.0	0.0	0.0	0.0	0.0	0.0	0.2039754645153751	0.0	0.0	0.0	0.0	0.0	0.0	0.0	0.0	0.0	0.0	0.0	0.0	0.0	0.0
Syn.Breast-AdenoCA::S.173	0.1848820321660769	0.06911423266117624	0.0	0.0	0.14375276394942588	0.0	0.0	0.0	0.0	0.1766147471728924	0.0	0.0	0.0	0.0	0.0	0.0	0.0	0.01179078346277231	0.0	0.0	0.09184597841462526	0.0	0.0	0.0	0.0	0.0	0.043372308630840926	0.0	0.0	0.0	0.0	0.0	0.25047412893807575	0.0	0.0	0.0	0.0	0.0	0.0	0.0	0.0	0.0	0.0	0.0	0.0	0.0	0.01454632302980411	0.013606701574310308	0.0	0.0	0.0	0.0	0.0	0.0	0.0	0.0	0.0	0.0	0.0	0.0
Syn.Breast-AdenoCA::S.174	0.06990038513551222	0.018673039829255306	0.0	0.0	0.13437650538559165	0.0	0.0	0.0	0.0	0.06051306619725893	0.0	0.0	0.0	0.02368259735795591	0.0	0.0	0.0	0.009035511662113804	0.0	0.07429680463865752	0.0	0.0	0.0	0.0	0.0	0.0	0.06369511553165833	0.0	0.0	0.048344227041387224	0.0	0.0	0.2757762090702992	0.0	0.0	0.0	0.0	0.0	0.0	0.0	0.0	0.0	0.0	0.0	0.0	0.2217065381503098	0.0	0.0	0.0	0.0	0.0	0.0	0.0	0.0	0.0	0.0	0.0	0.0	0.0	0.0
Syn.Breast-AdenoCA::S.175	0.05708649728626703	0.006894536955886603	0.0	0.0	0.12312969104431495	0.0	0.0	0.0	0.0	0.033937171604924314	0.0	0.0	0.0	0.0	0.4760713883004024	0.0	0.0	0.0	0.0	0.0	0.0	0.0	0.0	0.0	0.0	0.0	0.10853473238562654	0.0	0.0	0.0	0.0	0.0	0.0	0.11031088540661356	0.0	0.0	0.0	0.0	0.0	0.0	0.03518988065388082	0.0	0.0	0.0	0.0	0.0	0.04884521636208372	0.0	0.0	0.0	0.0	0.0	0.0	0.0	0.0	0.0	0.0	0.0	0.0	0.0
Syn.Breast-AdenoCA::S.176	0.06786098865338623	0.08503756055991282	0.0	0.0	0.10598791035214514	0.0	0.0	0.0	0.0	0.013275210629558705	0.0	0.0	0.0	0.014517545159779405	0.0	0.0	0.0	0.0	0.0	0.0	0.0	0.0	0.0	0.0	0.0	0.0	0.0	0.0	0.0	0.0	0.0	0.0	0.5884860404253454	0.0	0.0	0.0	0.0	0.0	0.0	0.0	0.0	0.0	0.0	0.0	0.0	0.0	0.12483474421987244	0.0	0.0	0.0	0.0	0.0	0.0	0.0	0.0	0.0	0.0	0.0	0.0	0.0
Syn.Breast-AdenoCA::S.177	0.13601330530339864	0.0	0.0	0.0	0.11271472426992041	0.0	0.0	0.0	0.0	0.10946976859508621	0.0	0.0	0.0	0.0	0.0	0.0	0.0	0.0	0.0	0.0	0.025342963247143902	0.0	0.0	0.0	0.0	0.0	0.025905890578921804	0.0	0.0	0.0	0.0	0.0	0.0	0.0	0.0	0.0	0.0	0.0	0.0	0.0	0.0	0.0	0.0	0.0	0.0	0.49308148077693104	0.09747186722859802	0.0	0.0	0.0	0.0	0.0	0.0	0.0	0.0	0.0	0.0	0.0	0.0	0.0
Syn.Breast-AdenoCA::S.178	0.06825178840808885	0.0	0.0	0.0	0.10602763492672627	0.0	0.0	0.0	0.0	0.21401330396825524	0.0	0.0	0.0	0.009159297253880106	0.0	0.0	0.0	0.05867532749669464	0.0	0.006486237144528705	0.0	0.0	0.0	0.0	0.0	0.0	0.009079205025026205	0.0	0.0	0.1578283502608905	0.0	0.0	0.10881326187635527	0.0	0.0	0.0	0.0	0.0	0.0	0.0	0.0	0.0	0.0	0.0	0.0	0.1759810644195831	0.07794963210179616	0.0077348971181750055	0.0	0.0	0.0	0.0	0.0	0.0	0.0	0.0	0.0	0.0	0.0	0.0
Syn.Breast-AdenoCA::S.179	0.04185439660054651	0.07766892155132492	0.0	0.0	0.06194171503846921	0.0	0.0	0.0	0.0	0.06103135700339541	0.0	0.0	0.0	0.0	0.0	0.0	0.0	0.0	0.0	0.0	0.0	0.0	0.0	0.0	0.0	0.0	0.0	0.0	0.0	0.0	0.0	0.0	0.6175089961419363	0.0	0.0	0.0	0.0	0.0	0.0	0.0	0.11657130879268571	0.0	0.0	0.0	0.0	0.008662197317188902	0.014761107554453002	0.0	0.0	0.0	0.0	0.0	0.0	0.0	0.0	0.0	0.0	0.0	0.0	0.0
Syn.Breast-AdenoCA::S.180	0.051532928365612615	0.16667996543057187	0.08081964340312242	0.0	0.05673797280475512	0.0	0.0	0.0	0.0	0.06272312054937973	0.0	0.0	0.0	0.21778889167707277	0.0	0.0	0.0	0.0	0.0	0.0	0.0	0.0	0.0	0.0	0.0	0.0	0.13959903098347576	0.0	0.0	0.08860655409952453	0.0	0.0	0.13551189268648525	0.0	0.0	0.0	0.0	0.0	0.0	0.0	0.0	0.0	0.0	0.0	0.0	0.0	0.0	0.0	0.0	0.0	0.0	0.0	0.0	0.0	0.0	0.0	0.0	0.0	0.0	0.0
Syn.Breast-AdenoCA::S.181	0.07159194377752491	0.10729158917751633	0.0	0.0	0.10218792128452553	0.0	0.0	0.0	0.0	0.5761110440199689	0.0	0.0	0.0	0.0	0.004920083391243901	0.0	0.0	0.0	0.0	0.0	0.0	0.0	0.0	0.0	0.0	0.0	0.11671179692611992	0.0	0.0	0.0	0.0	0.0	0.0	0.0	0.0	0.0	0.0	0.0	0.0	0.0	0.0	0.0	0.0	0.0	0.0	0.0	0.021185621423100404	0.0	0.0	0.0	0.0	0.0	0.0	0.0	0.0	0.0	0.0	0.0	0.0	0.0
Syn.Breast-AdenoCA::S.182	0.04930725478675151	0.003921042030347701	0.3362057640480031	0.0	0.14977787110535815	0.0	0.0	0.0	0.0	0.0	0.0	0.0	0.0	0.022362578068328906	0.15631532837145545	0.0	0.0	0.0	0.0	0.0	0.0	0.0	0.0	0.0	0.0	0.0	0.0	0.0	0.0	0.010884153176638904	0.0	0.0	0.2572337967842725	0.0	0.0	0.0	0.0	0.0	0.0	0.013992211628843804	0.0	0.0	0.0	0.0	0.0	0.0	0.0	0.0	0.0	0.0	0.0	0.0	0.0	0.0	0.0	0.0	0.0	0.0	0.0	0.0
Syn.Breast-AdenoCA::S.183	0.25379080864392145	0.0	0.0	0.0	0.20567870513026315	0.0	0.0	0.0	0.0	0.035829622485943104	0.0	0.0	0.0	0.05688398375205801	0.20793921331148535	0.0	0.0	0.0	0.0	0.0	0.011624441132637801	0.0	0.0	0.0	0.0	0.0	0.11777920062675873	0.0	0.0	0.0	0.0	0.0	0.11047402491693242	0.0	0.0	0.0	0.0	0.0	0.0	0.0	0.0	0.0	0.0	0.0	0.0	0.0	0.0	0.0	0.0	0.0	0.0	0.0	0.0	0.0	0.0	0.0	0.0	0.0	0.0	0.0
Syn.Breast-AdenoCA::S.184	0.13275586716205548	0.011303392432616808	0.0	0.0	0.047366408702675625	0.0	0.0	0.0	0.0	0.0	0.0	0.0	0.0	0.10260101705906266	0.0	0.0	0.0	0.0	0.0	0.0	0.05443926731192553	0.0	0.0	0.0	0.0	0.006656016614740904	0.09368700326379506	0.0	0.0	0.05193734346454853	0.0	0.0	0.45008126326252457	0.0	0.0	0.0	0.0	0.0	0.0	0.0	0.0	0.0	0.0	0.0	0.0	0.0	0.049172420726054926	0.0	0.0	0.0	0.0	0.0	0.0	0.0	0.0	0.0	0.0	0.0	0.0	0.0
Syn.Breast-AdenoCA::S.185	0.07780873828326923	0.0	0.10620733882824634	0.0	0.04568538074526581	0.0	0.0	0.0	0.0	0.10222289104562683	0.0	0.0	0.0	0.03448506612600481	0.0	0.0	0.0	0.0	0.0	0.0	0.0	0.0	0.0	0.0	0.0	0.0	0.13849490546993576	0.0	0.0	0.09830293217153513	0.0	0.0	0.0	0.0	0.0	0.0	0.0	0.0	0.0	0.0	0.0	0.0	0.0	0.0	0.0	0.23522854691503609	0.16156420041507996	0.0	0.0	0.0	0.0	0.0	0.0	0.0	0.0	0.0	0.0	0.0	0.0	0.0
Syn.Breast-AdenoCA::S.186	0.07263670237774522	0.07176592149521843	0.0	0.0	0.160086212315397	0.0	0.0	0.0	0.0	0.07995656034492864	0.0	0.0	0.0	0.012348034941666405	0.0	0.0	0.0	0.0	0.0	0.0	0.0	0.0	0.0	0.0	0.0	0.011402397671329206	0.037803200272137516	0.0	0.0	0.009722095291425703	0.0	0.0	0.1854733422973576	0.0	0.0	0.0	0.0	0.0	0.0	0.0	0.0	0.0	0.0	0.0	0.0	0.34702892218933995	0.011776610803454305	0.0	0.0	0.0	0.0	0.0	0.0	0.0	0.0	0.0	0.0	0.0	0.0	0.0
Syn.Breast-AdenoCA::S.187	0.06122309442410074	0.0053047380366252036	0.010555405042773606	0.0	0.1482888428245633	0.0	0.0	0.0	0.0	0.5251976331239164	0.0	0.0	0.0	0.0	0.0	0.0	0.0	0.0077379727861948055	0.0	0.0	0.0	0.0	0.0	0.0	0.0	0.0	0.0	0.0	0.0	0.007891306420253406	0.0	0.0	0.21874611368867483	0.0	0.0	0.0	0.0	0.0	0.0	0.0	0.006826723834714404	0.0	0.0	0.0	0.0	0.0	0.008228169818183305	0.0	0.0	0.0	0.0	0.0	0.0	0.0	0.0	0.0	0.0	0.0	0.0	0.0
Syn.Breast-AdenoCA::S.188	0.13586192091619265	0.022603932615297608	0.0	0.0	0.08199515564331562	0.0	0.0	0.0	0.0	0.0	0.0	0.0	0.0	0.07279608164617543	0.009687034277198204	0.0	0.0	0.04947840584978831	0.0	0.0	0.0	0.0	0.0	0.15398110047747915	0.0	0.0	0.0	0.0	0.0	0.05450716090590062	0.0	0.0	0.12654702398550677	0.0	0.0	0.0	0.0	0.0	0.0	0.0	0.0	0.0	0.0	0.0	0.0	0.13305438560683344	0.07713931564390773	0.08234848243240443	0.0	0.0	0.0	0.0	0.0	0.0	0.0	0.0	0.0	0.0	0.0	0.0
Syn.Breast-AdenoCA::S.189	0.10821748751574545	0.07612211659037382	0.0	0.0	0.07984604091916234	0.0	0.0	0.0	0.0	0.187819050985447	0.0	0.0	0.0	0.07194487174468633	0.015860103970058406	0.0	0.0	0.03234048297646051	0.0	0.0	0.06054450262765593	0.0	0.0	0.0	0.0	0.05457480407836652	0.0	0.0	0.0	0.0	0.0	0.0	0.2380620478466213	0.0	0.0	0.0	0.0	0.0	0.0	0.0	0.012492380822251506	0.0	0.0	0.0	0.0	0.0	0.062176109923170825	0.0	0.0	0.0	0.0	0.0	0.0	0.0	0.0	0.0	0.0	0.0	0.0	0.0
Syn.Breast-AdenoCA::S.190	0.14906778188523645	0.07394892409941432	0.10380157748432634	0.0	0.11049812723347766	0.0	0.0	0.0	0.0	0.0	0.0	0.0	0.0	0.014344355037732107	0.0	0.0	0.0	0.0	0.0	0.11529200466007776	0.0	0.0	0.0	0.0	0.0	0.20822820695097768	0.08700004758671204	0.0	0.0	0.10062175223749985	0.0	0.0	0.0	0.0	0.0	0.0	0.0	0.0	0.0	0.0	0.0	0.0	0.0	0.0	0.0	0.037197222824545816	0.0	0.0	0.0	0.0	0.0	0.0	0.0	0.0	0.0	0.0	0.0	0.0	0.0	0.0
Syn.Breast-AdenoCA::S.191	0.15415701731828965	0.0033318971707597014	0.0	0.0	0.10391108191344173	0.0	0.0	0.0	0.0	0.0	0.0	0.0	0.0	0.15323912911160495	0.18388102831777126	0.0	0.0	0.0	0.0	0.0	0.0	0.0	0.0	0.0	0.0	0.0	0.0	0.0	0.0	0.0	0.0	0.0	0.24127260436344988	0.0	0.0	0.0	0.0	0.0	0.0	0.0	0.0	0.0	0.0	0.0	0.0	0.0	0.16020724180468285	0.0	0.0	0.0	0.0	0.0	0.0	0.0	0.0	0.0	0.0	0.0	0.0	0.0
Syn.Breast-AdenoCA::S.192	0.09499780186345592	0.25290337105157806	0.0	0.0	0.15571529578114832	0.0	0.0	0.0	0.0	0.0	0.0	0.0	0.0	0.0	0.28272657967960424	0.0	0.0	0.0	0.0	0.0	0.0	0.0	0.0	0.0	0.0	0.0	0.0	0.0	0.0	0.17762310239415013	0.0	0.0	0.036033849230063406	0.0	0.0	0.0	0.0	0.0	0.0	0.0	0.0	0.0	0.0	0.0	0.0	0.0	0.0	0.0	0.0	0.0	0.0	0.0	0.0	0.0	0.0	0.0	0.0	0.0	0.0	0.0
Syn.Breast-AdenoCA::S.193	0.011014938626609601	0.0	0.0	0.0	0.06672902520987752	0.0	0.0	0.0	0.0	0.0	0.0	0.0	0.0	0.0	0.9222560361635129	0.0	0.0	0.0	0.0	0.0	0.0	0.0	0.0	0.0	0.0	0.0	0.0	0.0	0.0	0.0	0.0	0.0	0.0	0.0	0.0	0.0	0.0	0.0	0.0	0.0	0.0	0.0	0.0	0.0	0.0	0.0	0.0	0.0	0.0	0.0	0.0	0.0	0.0	0.0	0.0	0.0	0.0	0.0	0.0	0.0
Syn.Breast-AdenoCA::S.194	0.02199811838950981	0.07352475558123772	0.0	0.0	0.09004521737799084	0.0	0.0	0.0	0.0	0.4225354446695544	0.0	0.0	0.0	0.0	0.0	0.0	0.0	0.0	0.0	0.0	0.0	0.0	0.0	0.0	0.0	0.0	0.05183802662329772	0.0	0.0	0.06798274728702353	0.0	0.0	0.06328412032896213	0.0	0.0	0.0	0.0	0.0	0.0	0.0	0.0	0.0	0.0	0.0	0.0	0.20879156974242388	0.0	0.0	0.0	0.0	0.0	0.0	0.0	0.0	0.0	0.0	0.0	0.0	0.0	0.0
Syn.Breast-AdenoCA::S.195	0.08488982880285234	0.0	0.0	0.0	0.10727258170252016	0.0	0.0	0.0	0.0	0.0	0.0	0.0	0.0	0.12974307649262617	0.027139483927720715	0.0	0.0	0.029607896658102217	0.0	0.0	0.06650912157154364	0.0	0.0	0.0	0.0	0.06439208051535435	0.07422215996860815	0.0	0.0	0.0	0.0	0.0	0.06879799178282144	0.1381068344166353	0.0	0.0	0.0	0.0	0.0	0.0	0.0	0.0	0.0	0.0	0.0	0.20931894416121552	0.0	0.0	0.0	0.0	0.0	0.0	0.0	0.0	0.0	0.0	0.0	0.0	0.0	0.0
Syn.Breast-AdenoCA::S.196	0.14498626625690936	0.12138197069465526	0.0	0.0	0.09547699719125904	0.0	0.0	0.0	0.0	0.2731464790453811	0.0	0.0	0.0	0.0	0.0	0.0	0.0	0.06713517563327352	0.0	0.0	0.06329796809170803	0.0	0.0	0.0	0.0	0.0	0.0	0.0	0.0	0.0	0.0	0.0	0.2146304291762361	0.0	0.0	0.0	0.0	0.0	0.0	0.0	0.0	0.0	0.0	0.0	0.0	0.0	0.019944713910577512	0.0	0.0	0.0	0.0	0.0	0.0	0.0	0.0	0.0	0.0	0.0	0.0	0.0
Syn.Breast-AdenoCA::S.197	0.18427206434222781	0.10868576370866626	0.0	0.0	0.12913599884243	0.0	0.0	0.0	0.0	0.10619921131840215	0.0	0.0	0.0	0.04314935711568382	0.0	0.0	0.0	0.07272852887826754	0.0	0.0	0.0	0.0	0.0	0.0	0.0	0.0	0.10174483030408316	0.0	0.0	0.008831983276718006	0.0	0.0	0.2189323219347223	0.0	0.0	0.0	0.0	0.0	0.0	0.0	0.026319940278798915	0.0	0.0	0.0	0.0	0.0	0.0	0.0	0.0	0.0	0.0	0.0	0.0	0.0	0.0	0.0	0.0	0.0	0.0	0.0
Syn.Breast-AdenoCA::S.198	0.13372310824273823	0.0	0.0	0.0	0.11711352968576513	0.0	0.0	0.0	0.0	0.14440342092174363	0.0	0.0	0.0	0.0	0.0	0.0	0.0	0.0	0.0	0.0	0.0	0.0	0.0	0.0	0.0	0.0	0.21108527911990285	0.0	0.0	0.0	0.0	0.0	0.0	0.0	0.0	0.0	0.0	0.0	0.0	0.0	0.0	0.0	0.0	0.0	0.0	0.3936746620298502	0.0	0.0	0.0	0.0	0.0	0.0	0.0	0.0	0.0	0.0	0.0	0.0	0.0	0.0
