Samples	SBS1	SBS2	SBS3	SBS4	SBS5	SBS6	SBS7a	SBS7b	SBS7c	SBS8	SBS9	SBS10a	SBS11	SBS12	SBS13	SBS14	SBS15	SBS16	SBS17a	SBS17b	SBS18	SBS19	SBS21	SBS22	SBS26	SBS28	SBS30	SBS33	SBS35	SBS36	SBS37	SBS38	SBS39	SBS40	SBS60	SBS55	SBS44	SBS61	SBS62	SBS63	SBS64	SBS65	SBS66	SBS67	SBS68	SBS69	SBS70	SBS71	SBS72	SBS73	SBS74	SBS75	SBS76	SBS77	SBS78	SBS79	SBS80	SBS81	SBS82	SBS83
Syn.Breast-AdenoCA::S.1	0.0	0.0	0.0	0.0	0.0	0.0	0.0	0.0	0.0	0.0	0.0	0.0	0.0	0.0	0.0	0.0	0.0	0.0	0.0	0.0	0.0	0.0	0.0	0.0	0.0	0.0	0.0	0.0	0.0	0.04695892694411221	0.0	0.0	0.9032898458810085	0.0	0.0	0.0	0.0	0.0	0.0	0.0	0.0	0.0	0.0	0.0	0.0	0.0	0.0497512271748793	0.0	0.0	0.0	0.0	0.0	0.0	0.0	0.0	0.0	0.0	0.0	0.0	0.0
Syn.Breast-AdenoCA::S.2	0.0	0.0	0.0	0.0	0.0	0.0	0.0	0.0	0.0	0.11594804032582352	0.0	0.0	0.0	0.0	0.0	0.0	0.0	0.0	0.0	0.0	0.0	0.0	0.0	0.0	0.0	0.0	0.0	0.0	0.0	0.0	0.0	0.0	0.7511345656121527	0.0	0.0	0.0	0.0	0.0	0.0	0.0	0.0	0.0	0.0	0.0	0.0	0.060356153887639645	0.07256124017438399	0.0	0.0	0.0	0.0	0.0	0.0	0.0	0.0	0.0	0.0	0.0	0.0	0.0
Syn.Breast-AdenoCA::S.3	0.11676878789683087	0.0	0.0	0.0	0.0	0.0	0.0	0.0	0.0	0.19349813622998374	0.0	0.0	0.0	0.3822794195465791	0.0	0.0	0.0	0.0	0.0	0.0	0.0	0.0	0.0	0.0	0.0	0.0	0.0	0.0	0.0	0.0	0.0	0.0	0.13201877799219028	0.0	0.0	0.0	0.0	0.0	0.0	0.0	0.0	0.0	0.0	0.0	0.0	0.17543487833441593	0.0	0.0	0.0	0.0	0.0	0.0	0.0	0.0	0.0	0.0	0.0	0.0	0.0	0.0
Syn.Breast-AdenoCA::S.4	0.06510532580047142	0.0	0.0	0.0	0.0	0.0	0.0	0.0	0.0	0.0	0.0	0.0	0.0	0.06315006833953667	0.0	0.0	0.0	0.0	0.0	0.04731159803026228	0.06323248706698104	0.0	0.0	0.0	0.0	0.0	0.09518971394184286	0.0	0.0	0.0	0.0	0.0	0.0	0.14461466020999653	0.0	0.0	0.0	0.0	0.0	0.0	0.06322736074373494	0.0	0.0	0.0	0.0	0.40918874067223804	0.048980045194936296	0.0	0.0	0.0	0.0	0.0	0.0	0.0	0.0	0.0	0.0	0.0	0.0	0.0
Syn.Breast-AdenoCA::S.5	0.16937841856996863	0.0	0.0	0.0	0.0	0.0	0.0	0.0	0.0	0.37517637501685136	0.0	0.0	0.0	0.17319131004434216	0.0	0.0	0.0	0.0	0.0	0.0	0.06217540707786843	0.0	0.0	0.0	0.0	0.0	0.0	0.0	0.0	0.0	0.0	0.0	0.0	0.0	0.0	0.0	0.0	0.0	0.0	0.0	0.0	0.0	0.0	0.0	0.0	0.15105884295278948	0.06901964633818003	0.0	0.0	0.0	0.0	0.0	0.0	0.0	0.0	0.0	0.0	0.0	0.0	0.0
Syn.Breast-AdenoCA::S.6	0.08169291688608353	0.08661773002747396	0.0	0.0	0.0	0.0	0.0	0.0	0.0	0.0	0.0	0.0	0.0	0.0610284093480722	0.04078335613477078	0.0	0.0	0.0	0.0	0.0	0.0	0.0	0.0	0.0	0.0	0.04208524934048971	0.0	0.0	0.0	0.0	0.0	0.0	0.6121976619363112	0.0	0.0	0.0	0.0	0.0	0.0	0.0	0.0	0.0	0.0	0.0	0.0	0.0	0.07559467632679862	0.0	0.0	0.0	0.0	0.0	0.0	0.0	0.0	0.0	0.0	0.0	0.0	0.0
Syn.Breast-AdenoCA::S.7	0.13791469131065015	0.0	0.0	0.0	0.0	0.0	0.0	0.0	0.0	0.13978941585993174	0.0	0.0	0.0	0.33789627865285843	0.38439961417655966	0.0	0.0	0.0	0.0	0.0	0.0	0.0	0.0	0.0	0.0	0.0	0.0	0.0	0.0	0.0	0.0	0.0	0.0	0.0	0.0	0.0	0.0	0.0	0.0	0.0	0.0	0.0	0.0	0.0	0.0	0.0	0.0	0.0	0.0	0.0	0.0	0.0	0.0	0.0	0.0	0.0	0.0	0.0	0.0	0.0
Syn.Breast-AdenoCA::S.8	0.0	0.0	0.0	0.0	0.0	0.0	0.0	0.0	0.0	0.0	0.0	0.0	0.0	0.0	0.5259543245725979	0.0	0.0	0.0	0.0	0.0	0.0	0.0	0.0	0.0	0.0	0.0	0.0	0.0	0.0	0.0	0.0	0.0	0.0	0.0	0.0	0.0	0.0	0.0	0.0	0.0	0.0	0.0	0.0	0.0	0.0	0.0	0.26144097227575647	0.21260470315164567	0.0	0.0	0.0	0.0	0.0	0.0	0.0	0.0	0.0	0.0	0.0	0.0
Syn.Breast-AdenoCA::S.9	0.08248939348435161	0.05003102961335304	0.0	0.0	0.0	0.0	0.0	0.0	0.0	0.08134628304437252	0.0	0.0	0.0	0.0770728666691524	0.08681397479400027	0.0	0.0	0.0	0.0	0.0	0.08203194905933438	0.0	0.0	0.0	0.0	0.05178579823538851	0.0	0.0	0.0	0.0	0.0	0.0	0.29153013318692095	0.0	0.0	0.0	0.0	0.0	0.0	0.0	0.0	0.0	0.0	0.0	0.0	0.08878484739685576	0.10811372451627066	0.0	0.0	0.0	0.0	0.0	0.0	0.0	0.0	0.0	0.0	0.0	0.0	0.0
Syn.Breast-AdenoCA::S.10	0.08723849066804187	0.0	0.0	0.0	0.0	0.0	0.0	0.0	0.0	0.48551362527478015	0.0	0.0	0.0	0.0	0.10089984765791342	0.0	0.0	0.0	0.0	0.0	0.0	0.0	0.0	0.0	0.0	0.0	0.0	0.0	0.0	0.0	0.0	0.0	0.32634803639926463	0.0	0.0	0.0	0.0	0.0	0.0	0.0	0.0	0.0	0.0	0.0	0.0	0.0	0.0	0.0	0.0	0.0	0.0	0.0	0.0	0.0	0.0	0.0	0.0	0.0	0.0	0.0
Syn.Breast-AdenoCA::S.11	0.07003193847756083	0.0	0.10394955423666254	0.0	0.0	0.0	0.0	0.0	0.0	0.0	0.0	0.0	0.0	0.155846243064159	0.1637866440783331	0.0	0.0	0.0	0.0	0.0	0.043365833329591416	0.0	0.0	0.0	0.0	0.0	0.0881104255894074	0.0	0.0	0.04036742587226496	0.0	0.0	0.22596418150535713	0.05482865290414467	0.0	0.0	0.0	0.0	0.0	0.0	0.0	0.0	0.0	0.0	0.0	0.0	0.05374910094251874	0.0	0.0	0.0	0.0	0.0	0.0	0.0	0.0	0.0	0.0	0.0	0.0	0.0
Syn.Breast-AdenoCA::S.12	0.2862049900285208	0.0	0.0	0.0	0.0	0.0	0.0	0.0	0.0	0.0	0.0	0.0	0.0	0.08236630314351101	0.0	0.0	0.0	0.0	0.0	0.0	0.08703030820689883	0.0	0.0	0.0	0.0	0.0	0.0	0.0	0.0	0.11672847850512998	0.0	0.0	0.23003393643491366	0.0	0.0	0.0	0.0	0.0	0.0	0.0	0.12549937986309026	0.0	0.0	0.0	0.0	0.07213660381793535	0.0	0.0	0.0	0.0	0.0	0.0	0.0	0.0	0.0	0.0	0.0	0.0	0.0	0.0
Syn.Breast-AdenoCA::S.13	0.1673689118120451	0.0	0.0	0.0	0.0	0.0	0.0	0.0	0.0	0.0	0.0	0.0	0.0	0.2391855655217072	0.09717421190089387	0.0	0.0	0.0	0.0	0.0	0.0	0.0	0.0	0.0	0.0	0.0	0.09385946267451567	0.0	0.0	0.0	0.0	0.0	0.0	0.2687131005571339	0.0	0.0	0.0	0.0	0.0	0.0	0.13369874753370428	0.0	0.0	0.0	0.0	0.0	0.0	0.0	0.0	0.0	0.0	0.0	0.0	0.0	0.0	0.0	0.0	0.0	0.0	0.0
Syn.Breast-AdenoCA::S.14	0.09115496865616839	0.13771011144036654	0.04200398384889017	0.0	0.0	0.0	0.0	0.0	0.0	0.10663977238827207	0.0	0.0	0.0	0.11175570586985642	0.0	0.0	0.0	0.04837973791106688	0.0	0.0	0.0	0.0	0.0	0.0	0.0	0.04586054240222167	0.13883924590456515	0.0	0.0	0.03904959152118259	0.0	0.0	0.15125938931245017	0.0	0.0	0.0	0.0	0.0	0.0	0.0	0.0	0.0	0.0	0.0	0.0	0.0	0.08734695074495998	0.0	0.0	0.0	0.0	0.0	0.0	0.0	0.0	0.0	0.0	0.0	0.0	0.0
Syn.Breast-AdenoCA::S.15	0.047550112057120154	0.0	0.0	0.0	0.0	0.0	0.0	0.0	0.0	0.25438977614449076	0.0	0.0	0.0	0.0522610357256548	0.0	0.0	0.0	0.03868667129557663	0.0	0.030882112249939343	0.0	0.0	0.0	0.18838775953552125	0.0	0.0	0.05574559407157911	0.0	0.0	0.14413059188516109	0.0	0.0	0.0	0.0	0.0	0.0	0.0	0.0	0.0	0.0	0.0	0.0	0.0	0.0	0.0	0.0895532431325706	0.05180459820884703	0.04660850569353914	0.0	0.0	0.0	0.0	0.0	0.0	0.0	0.0	0.0	0.0	0.0	0.0
Syn.Breast-AdenoCA::S.16	0.1302137988520466	0.106791682442016	0.07814166768551971	0.0	0.0	0.0	0.0	0.0	0.0	0.061657735339067675	0.0	0.0	0.0	0.07440871845405897	0.0	0.0	0.0	0.0800165301120406	0.0	0.0	0.0	0.0	0.0	0.17053967203955206	0.0	0.0	0.0	0.0	0.0	0.053777452990703	0.0	0.0	0.0	0.0	0.0	0.0	0.0	0.0	0.0	0.0	0.0	0.0	0.0	0.0	0.0	0.115271653774485	0.07268872945571155	0.05649235885479882	0.0	0.0	0.0	0.0	0.0	0.0	0.0	0.0	0.0	0.0	0.0	0.0
Syn.Breast-AdenoCA::S.17	0.0	0.0	0.0	0.0	0.0	0.0	0.0	0.0	0.0	0.0	0.0	0.0	0.0	0.15885098164789554	0.0	0.0	0.0	0.0	0.0	0.08634929527033952	0.11424442688112164	0.0	0.0	0.0	0.0	0.0	0.0	0.0	0.0	0.10803033669697161	0.0	0.0	0.312270024579932	0.0	0.0	0.0	0.0	0.0	0.0	0.0	0.0	0.0	0.0	0.0	0.0	0.2202549349237396	0.0	0.0	0.0	0.0	0.0	0.0	0.0	0.0	0.0	0.0	0.0	0.0	0.0	0.0
Syn.Breast-AdenoCA::S.18	0.0	0.0	0.0	0.0	0.0	0.0	0.0	0.0	0.0	0.0	0.0	0.0	0.0	0.0	1.0	0.0	0.0	0.0	0.0	0.0	0.0	0.0	0.0	0.0	0.0	0.0	0.0	0.0	0.0	0.0	0.0	0.0	0.0	0.0	0.0	0.0	0.0	0.0	0.0	0.0	0.0	0.0	0.0	0.0	0.0	0.0	0.0	0.0	0.0	0.0	0.0	0.0	0.0	0.0	0.0	0.0	0.0	0.0	0.0	0.0
Syn.Breast-AdenoCA::S.19	0.0	0.155186975532447	0.0	0.0	0.0	0.0	0.0	0.0	0.0	0.0	0.0	0.0	0.0	0.0	0.0	0.0	0.0	0.0	0.0	0.0	0.0	0.0	0.0	0.0	0.0	0.0	0.0	0.0	0.0	0.4557654180055099	0.0	0.0	0.38904760646204295	0.0	0.0	0.0	0.0	0.0	0.0	0.0	0.0	0.0	0.0	0.0	0.0	0.0	0.0	0.0	0.0	0.0	0.0	0.0	0.0	0.0	0.0	0.0	0.0	0.0	0.0	0.0
Syn.Breast-AdenoCA::S.20	0.12002075432509368	0.04943966328939839	0.0	0.0	0.0	0.0	0.0	0.0	0.0	0.0	0.0	0.0	0.0	0.0	0.0	0.0	0.0	0.0	0.0	0.0	0.0	0.0	0.0	0.0	0.0	0.08076059893779809	0.07851851774823877	0.0	0.0	0.062215299110674374	0.0	0.0	0.5452659969152742	0.0	0.0	0.0	0.0	0.0	0.0	0.0	0.0	0.0	0.0	0.0	0.0	0.0	0.06377916967352247	0.0	0.0	0.0	0.0	0.0	0.0	0.0	0.0	0.0	0.0	0.0	0.0	0.0
Syn.Breast-AdenoCA::S.21	0.03200851782056849	0.05127750241950229	0.0	0.0	0.0	0.0	0.0	0.0	0.0	0.12912923878015983	0.0	0.0	0.0	0.04378328104287929	0.06626578892554152	0.0	0.0	0.0	0.0	0.033760939755654557	0.053034185792082515	0.0	0.0	0.0431136149727976	0.0	0.0	0.051085214104800415	0.0	0.0	0.0	0.0	0.0	0.4226436347184696	0.0	0.0	0.0	0.0	0.0	0.0	0.0	0.0	0.0	0.0	0.0	0.0	0.0	0.07389808166754393	0.0	0.0	0.0	0.0	0.0	0.0	0.0	0.0	0.0	0.0	0.0	0.0	0.0
Syn.Breast-AdenoCA::S.22	0.11416509875766717	0.04546164892420604	0.0	0.0	0.0	0.0	0.0	0.0	0.0	0.15138241574666322	0.0	0.0	0.0	0.0	0.05600618056304433	0.0	0.0	0.05767989554160033	0.0	0.059823544087914446	0.0	0.0	0.0	0.09884124269877105	0.0	0.0	0.10760508572922164	0.0	0.0	0.13824903779517178	0.0	0.0	0.11121308466514579	0.0	0.0	0.0	0.0	0.0	0.0	0.0	0.0	0.0	0.0	0.0	0.0	0.0	0.059572765490594363	0.0	0.0	0.0	0.0	0.0	0.0	0.0	0.0	0.0	0.0	0.0	0.0	0.0
Syn.Breast-AdenoCA::S.23	0.0	0.0	0.0	0.0	0.0	0.0	0.0	0.0	0.0	0.0	0.0	0.0	0.0	0.07996625824814037	0.1645214850268872	0.0	0.0	0.0	0.0	0.0	0.0	0.0	0.0	0.0703622750538467	0.0	0.0	0.0	0.0	0.0	0.0	0.0	0.0	0.5901466663730563	0.0	0.0	0.0	0.0	0.0	0.0	0.0	0.0	0.0	0.0	0.0	0.0	0.0	0.09500331529806931	0.0	0.0	0.0	0.0	0.0	0.0	0.0	0.0	0.0	0.0	0.0	0.0	0.0
Syn.Breast-AdenoCA::S.24	0.08083383203832199	0.04136861545874885	0.0	0.0	0.0	0.0	0.0	0.0	0.0	0.14961594384195578	0.0	0.0	0.0	0.04347710457430466	0.24734198092079018	0.0	0.0	0.05628166064701265	0.0	0.0	0.0	0.0	0.0	0.0	0.0	0.11422452935222716	0.05669265391019435	0.0	0.0	0.0	0.0	0.0	0.0	0.0	0.0	0.0	0.0	0.0	0.0	0.0	0.04477237849916664	0.0	0.0	0.0	0.0	0.0	0.16539130075727754	0.0	0.0	0.0	0.0	0.0	0.0	0.0	0.0	0.0	0.0	0.0	0.0	0.0
Syn.Breast-AdenoCA::S.25	0.2060557901836237	0.0	0.12467132004280965	0.0	0.0	0.0	0.0	0.0	0.0	0.0	0.0	0.0	0.0	0.0	0.0	0.0	0.0	0.0	0.0	0.0	0.0	0.0	0.0	0.0	0.0	0.0	0.15851988635121397	0.0	0.0	0.0	0.0	0.0	0.0	0.0	0.0	0.0	0.0	0.0	0.0	0.0	0.21287312489689506	0.0	0.0	0.0	0.0	0.1095947762976922	0.18828510222776543	0.0	0.0	0.0	0.0	0.0	0.0	0.0	0.0	0.0	0.0	0.0	0.0	0.0
Syn.Breast-AdenoCA::S.26	0.09905395429268143	0.0	0.0	0.0	0.0	0.0	0.0	0.0	0.0	0.20223481235298263	0.0	0.0	0.0	0.0	0.0	0.0	0.0	0.17380609409539224	0.0	0.0	0.0	0.0	0.0	0.0	0.0	0.0	0.13654073200518216	0.0	0.0	0.0	0.0	0.0	0.0	0.10844770379750783	0.0	0.0	0.0	0.0	0.0	0.0	0.0	0.0	0.0	0.0	0.0	0.15826655228035016	0.12165015117590368	0.0	0.0	0.0	0.0	0.0	0.0	0.0	0.0	0.0	0.0	0.0	0.0	0.0
Syn.Breast-AdenoCA::S.27	0.0	0.0	0.21055369109805858	0.0	0.0	0.0	0.0	0.0	0.0	0.15279600249044978	0.0	0.0	0.0	0.11938900729752079	0.07706708212192738	0.0	0.0	0.0	0.0	0.0	0.0	0.0	0.0	0.0	0.0	0.0	0.0	0.0	0.0	0.2099788317251618	0.0	0.0	0.14545683900509726	0.08475854626178445	0.0	0.0	0.0	0.0	0.0	0.0	0.0	0.0	0.0	0.0	0.0	0.0	0.0	0.0	0.0	0.0	0.0	0.0	0.0	0.0	0.0	0.0	0.0	0.0	0.0	0.0
Syn.Breast-AdenoCA::S.28	0.07511644671430201	0.07322064305059432	0.0	0.0	0.0	0.0	0.0	0.0	0.0	0.0	0.0	0.0	0.0	0.0	0.0	0.0	0.0	0.17110621281038563	0.0	0.059040022221524956	0.06400490356704279	0.0	0.0	0.09090973245079317	0.0	0.07084449172537234	0.11390692819173566	0.0	0.0	0.0	0.0	0.0	0.14547293302207745	0.0	0.0	0.0	0.0	0.0	0.0	0.0	0.0	0.0	0.0	0.0	0.0	0.0	0.13637768624617166	0.0	0.0	0.0	0.0	0.0	0.0	0.0	0.0	0.0	0.0	0.0	0.0	0.0
Syn.Breast-AdenoCA::S.29	0.03885659213064932	0.0	0.0	0.0	0.0	0.0	0.0	0.0	0.0	0.15660538527125628	0.0	0.0	0.0	0.05968255205404757	0.0	0.0	0.0	0.0	0.0	0.03406994646158593	0.0	0.0	0.0	0.0	0.0	0.0	0.0	0.0	0.0	0.0	0.0	0.0	0.48959550086515724	0.07085640422803528	0.0	0.0	0.0	0.0	0.0	0.0	0.06477632987167388	0.0	0.0	0.0	0.0	0.0	0.08555728911759451	0.0	0.0	0.0	0.0	0.0	0.0	0.0	0.0	0.0	0.0	0.0	0.0	0.0
Syn.Breast-AdenoCA::S.30	0.17897011627418005	0.04594722740843089	0.0	0.0	0.0	0.0	0.0	0.0	0.0	0.14809066233201873	0.0	0.0	0.0	0.07771905942581359	0.0	0.0	0.0	0.0	0.0	0.0	0.06683354978369911	0.0	0.0	0.0	0.0	0.0	0.07577880576700204	0.0	0.0	0.0	0.0	0.0	0.08949801795144165	0.09176130559780747	0.0	0.0	0.0	0.0	0.0	0.0	0.05687479410134541	0.0	0.0	0.0	0.0	0.059506034902052696	0.10902042645620824	0.0	0.0	0.0	0.0	0.0	0.0	0.0	0.0	0.0	0.0	0.0	0.0	0.0
Syn.Breast-AdenoCA::S.31	0.35498450960492384	0.0546607412346149	0.0	0.0	0.0	0.0	0.0	0.0	0.0	0.1291222053211285	0.0	0.0	0.0	0.11792444310101498	0.0	0.0	0.0	0.0	0.0	0.0	0.0	0.0	0.0	0.0	0.0	0.0	0.0	0.0	0.0	0.20301502349966888	0.0	0.0	0.14029307723864895	0.0	0.0	0.0	0.0	0.0	0.0	0.0	0.0	0.0	0.0	0.0	0.0	0.0	0.0	0.0	0.0	0.0	0.0	0.0	0.0	0.0	0.0	0.0	0.0	0.0	0.0	0.0
Syn.Breast-AdenoCA::S.32	0.06501262754974706	0.05396298594635061	0.0	0.0	0.0	0.0	0.0	0.0	0.0	0.06350592841612719	0.0	0.0	0.0	0.06163846088887859	0.1472503118261399	0.0	0.0	0.0	0.0	0.067355360959875	0.0	0.0	0.0	0.0	0.0	0.0	0.06018889258318019	0.0	0.0	0.27400280531175253	0.0	0.0	0.151048054120685	0.0	0.0	0.0	0.0	0.0	0.0	0.0	0.0	0.0	0.0	0.0	0.0	0.0	0.05603457239726384	0.0	0.0	0.0	0.0	0.0	0.0	0.0	0.0	0.0	0.0	0.0	0.0	0.0
Syn.Breast-AdenoCA::S.33	0.17307893972881974	0.0	0.13256976775980392	0.0	0.0	0.0	0.0	0.0	0.0	0.0	0.0	0.0	0.0	0.34706036475786783	0.09365160668427816	0.0	0.0	0.0	0.0	0.0	0.0	0.0	0.0	0.0	0.0	0.060118005240917156	0.0	0.0	0.0	0.083214729945832	0.0	0.0	0.0	0.0	0.0	0.0	0.0	0.0	0.0	0.0	0.0	0.0	0.0	0.0	0.0	0.0	0.1103065858824812	0.0	0.0	0.0	0.0	0.0	0.0	0.0	0.0	0.0	0.0	0.0	0.0	0.0
Syn.Breast-AdenoCA::S.34	0.0	0.0	0.0	0.0	0.0	0.0	0.0	0.0	0.0	0.0	0.0	0.0	0.0	0.0	0.05627810477760043	0.0	0.0	0.0	0.0	0.0	0.06643511150143908	0.0	0.0	0.0	0.0	0.0	0.0	0.0	0.0	0.0	0.0	0.0	0.7189625529758243	0.07150191359394939	0.0	0.0	0.0	0.0	0.0	0.0	0.0	0.0	0.0	0.0	0.0	0.0	0.08682231715118657	0.0	0.0	0.0	0.0	0.0	0.0	0.0	0.0	0.0	0.0	0.0	0.0	0.0
Syn.Breast-AdenoCA::S.35	0.0	0.0	0.0	0.0	0.0	0.0	0.0	0.0	0.0	0.0	0.0	0.0	0.0	0.0	0.6533167358215076	0.0	0.0	0.0	0.0	0.0	0.0	0.0	0.0	0.0	0.0	0.0	0.0	0.0	0.0	0.0	0.0	0.0	0.34668326417849227	0.0	0.0	0.0	0.0	0.0	0.0	0.0	0.0	0.0	0.0	0.0	0.0	0.0	0.0	0.0	0.0	0.0	0.0	0.0	0.0	0.0	0.0	0.0	0.0	0.0	0.0	0.0
Syn.Breast-AdenoCA::S.36	0.12985652694686797	0.0	0.0	0.0	0.0	0.0	0.0	0.0	0.0	0.0	0.0	0.0	0.0	0.2824174600141291	0.0	0.0	0.0	0.0	0.0	0.0	0.0	0.0	0.0	0.0	0.0	0.0	0.11874600932955451	0.0	0.0	0.1590108105764527	0.0	0.0	0.20656760139138003	0.0	0.0	0.0	0.0	0.0	0.0	0.0	0.0	0.0	0.0	0.0	0.0	0.10340159174161578	0.0	0.0	0.0	0.0	0.0	0.0	0.0	0.0	0.0	0.0	0.0	0.0	0.0	0.0
Syn.Breast-AdenoCA::S.37	0.06337686750087818	0.0	0.0	0.0	0.0	0.0	0.0	0.0	0.0	0.4038421419026815	0.0	0.0	0.0	0.10011863709786148	0.315008157252885	0.0	0.0	0.0	0.0	0.0	0.0	0.0	0.0	0.0	0.0	0.0	0.0	0.0	0.0	0.0	0.0	0.0	0.0	0.0	0.0	0.0	0.0	0.0	0.0	0.0	0.0	0.0	0.0	0.0	0.0	0.11765419624569394	0.0	0.0	0.0	0.0	0.0	0.0	0.0	0.0	0.0	0.0	0.0	0.0	0.0	0.0
Syn.Breast-AdenoCA::S.38	0.09718746817229938	0.0	0.0	0.0	0.0	0.0	0.0	0.0	0.0	0.0	0.0	0.0	0.0	0.11431325835588306	0.0	0.0	0.0	0.0	0.0	0.0	0.0	0.0	0.0	0.05200536881580145	0.0	0.0	0.06731869027145175	0.0	0.0	0.05918284862716471	0.0	0.0	0.31035592598516976	0.0	0.0	0.0	0.0	0.0	0.0	0.0	0.05721645385546418	0.0	0.0	0.0	0.0	0.0972329559540038	0.14518702996276187	0.0	0.0	0.0	0.0	0.0	0.0	0.0	0.0	0.0	0.0	0.0	0.0	0.0
Syn.Breast-AdenoCA::S.39	0.05969213980189647	0.23244905616181555	0.0	0.0	0.0	0.0	0.0	0.0	0.0	0.0	0.0	0.0	0.0	0.26624430182257447	0.0	0.0	0.0	0.0	0.0	0.0	0.0	0.0	0.0	0.0	0.0	0.06404198836463013	0.06403920488499565	0.0	0.0	0.0	0.0	0.0	0.0	0.0	0.0	0.0	0.0	0.0	0.0	0.0	0.07749170342117209	0.0	0.0	0.0	0.0	0.13532793699179854	0.10071366855111692	0.0	0.0	0.0	0.0	0.0	0.0	0.0	0.0	0.0	0.0	0.0	0.0	0.0
Syn.Breast-AdenoCA::S.40	0.04785743167966779	0.0	0.0	0.0	0.0	0.0	0.0	0.0	0.0	0.0	0.0	0.0	0.0	0.0865701585062523	0.0	0.0	0.0	0.0	0.0	0.0	0.064012840232596	0.0	0.0	0.1028567507952146	0.0	0.0	0.10106241899616396	0.0	0.0	0.0	0.0	0.0	0.5249300995491062	0.07271030024099906	0.0	0.0	0.0	0.0	0.0	0.0	0.0	0.0	0.0	0.0	0.0	0.0	0.0	0.0	0.0	0.0	0.0	0.0	0.0	0.0	0.0	0.0	0.0	0.0	0.0	0.0
Syn.Breast-AdenoCA::S.41	0.1141791087607588	0.23407750692713394	0.0	0.0	0.0	0.0	0.0	0.0	0.0	0.17806738445703743	0.0	0.0	0.0	0.0	0.11465074386455086	0.0	0.0	0.0	0.0	0.0	0.0	0.0	0.0	0.0	0.0	0.0	0.0	0.0	0.0	0.0	0.0	0.0	0.20755607148390387	0.0	0.0	0.0	0.0	0.0	0.0	0.0	0.0	0.0	0.0	0.0	0.0	0.0	0.15146918450661495	0.0	0.0	0.0	0.0	0.0	0.0	0.0	0.0	0.0	0.0	0.0	0.0	0.0
Syn.Breast-AdenoCA::S.42	0.09220040046965737	0.15536187702852267	0.12406147888333514	0.0	0.0	0.0	0.0	0.0	0.0	0.0	0.0	0.0	0.0	0.0	0.11058993434108981	0.0	0.0	0.0	0.0	0.0	0.0	0.0	0.0	0.15313692013021024	0.0	0.0	0.0	0.0	0.0	0.0	0.0	0.0	0.11369041187754048	0.0	0.0	0.0	0.0	0.0	0.0	0.0	0.0	0.0	0.0	0.0	0.0	0.13396706013639148	0.11699191713325278	0.0	0.0	0.0	0.0	0.0	0.0	0.0	0.0	0.0	0.0	0.0	0.0	0.0
Syn.Breast-AdenoCA::S.43	0.0	0.0	0.0	0.0	0.0	0.0	0.0	0.0	0.0	0.0	0.0	0.0	0.0	0.0	0.25884664828098686	0.0	0.0	0.0	0.0	0.0	0.0	0.0	0.0	0.11550793093544931	0.0	0.0	0.0	0.0	0.0	0.19653924824729135	0.0	0.0	0.4291061725362726	0.0	0.0	0.0	0.0	0.0	0.0	0.0	0.0	0.0	0.0	0.0	0.0	0.0	0.0	0.0	0.0	0.0	0.0	0.0	0.0	0.0	0.0	0.0	0.0	0.0	0.0	0.0
Syn.Breast-AdenoCA::S.44	0.03827488571264303	0.0	0.04475464305596742	0.0	0.0	0.0	0.0	0.0	0.0	0.3433255563433731	0.0	0.0	0.0	0.08217663354754672	0.0	0.0	0.0	0.0	0.0	0.0	0.0	0.0	0.0	0.0	0.0	0.0	0.06611317640197976	0.0	0.0	0.15113589719801812	0.0	0.0	0.23108940947906528	0.0	0.0	0.0	0.0	0.0	0.0	0.0	0.0	0.0	0.0	0.0	0.0	0.0	0.04312979826140664	0.0	0.0	0.0	0.0	0.0	0.0	0.0	0.0	0.0	0.0	0.0	0.0	0.0
Syn.Breast-AdenoCA::S.45	0.19106129266880223	0.08280483907676081	0.0	0.0	0.0	0.0	0.0	0.0	0.0	0.05355085939588345	0.0	0.0	0.0	0.10043129806367866	0.0	0.0	0.0	0.0	0.0	0.0	0.09650196189892171	0.0	0.0	0.0	0.0	0.04906389938597341	0.0	0.0	0.0	0.0	0.0	0.0	0.23929739270980643	0.0	0.0	0.0	0.0	0.0	0.0	0.0	0.11817320998951962	0.0	0.0	0.0	0.0	0.0	0.06911524681065362	0.0	0.0	0.0	0.0	0.0	0.0	0.0	0.0	0.0	0.0	0.0	0.0	0.0
Syn.Breast-AdenoCA::S.46	0.08898774050762508	0.0	0.0	0.0	0.0	0.0	0.0	0.0	0.0	0.17050955528299433	0.0	0.0	0.0	0.18460533604910756	0.0	0.0	0.0	0.0	0.0	0.0	0.0	0.0	0.0	0.0	0.0	0.0	0.0	0.0	0.0	0.14346483037466948	0.0	0.0	0.0	0.10824484796896165	0.0	0.0	0.0	0.0	0.0	0.0	0.0	0.0	0.0	0.0	0.0	0.30418768981664174	0.0	0.0	0.0	0.0	0.0	0.0	0.0	0.0	0.0	0.0	0.0	0.0	0.0	0.0
Syn.Breast-AdenoCA::S.47	0.0	0.0	0.11982742013667692	0.0	0.0	0.0	0.0	0.0	0.0	0.0	0.0	0.0	0.0	0.0	0.08773526545132962	0.0	0.0	0.0	0.0	0.0	0.0736651968753648	0.0	0.0	0.0	0.0	0.0	0.0	0.0	0.0	0.0	0.0	0.0	0.1261698287664308	0.0	0.0	0.0	0.0	0.0	0.0	0.0	0.1275170291182688	0.0	0.0	0.0	0.0	0.353398992898345	0.11168626675358398	0.0	0.0	0.0	0.0	0.0	0.0	0.0	0.0	0.0	0.0	0.0	0.0	0.0
Syn.Breast-AdenoCA::S.48	0.08689558100271172	0.06828312774976852	0.14448449729777427	0.0	0.0	0.0	0.0	0.0	0.0	0.0	0.0	0.0	0.0	0.1945432320862525	0.07720492454060474	0.0	0.0	0.0	0.0	0.0	0.08882333882456486	0.0	0.0	0.0	0.0	0.0	0.0675688659648505	0.0	0.0	0.0	0.0	0.0	0.2721964325334729	0.0	0.0	0.0	0.0	0.0	0.0	0.0	0.0	0.0	0.0	0.0	0.0	0.0	0.0	0.0	0.0	0.0	0.0	0.0	0.0	0.0	0.0	0.0	0.0	0.0	0.0	0.0
Syn.Breast-AdenoCA::S.49	0.07527427329152334	0.1381589968105254	0.0	0.0	0.0	0.0	0.0	0.0	0.0	0.09833522300805712	0.0	0.0	0.0	0.14775791961563425	0.42901680414863175	0.0	0.0	0.0	0.0	0.0	0.0	0.0	0.0	0.0	0.0	0.0	0.0	0.0	0.0	0.0	0.0	0.0	0.1114567831256282	0.0	0.0	0.0	0.0	0.0	0.0	0.0	0.0	0.0	0.0	0.0	0.0	0.0	0.0	0.0	0.0	0.0	0.0	0.0	0.0	0.0	0.0	0.0	0.0	0.0	0.0	0.0
Syn.Breast-AdenoCA::S.50	0.0	0.20296150944647398	0.0	0.0	0.0	0.0	0.0	0.0	0.0	0.0	0.0	0.0	0.0	0.0	0.0	0.0	0.0	0.0	0.0	0.0	0.0	0.0	0.0	0.0	0.0	0.0	0.0	0.0	0.0	0.5964816919051498	0.0	0.0	0.0	0.0	0.0	0.0	0.0	0.0	0.0	0.0	0.0	0.0	0.0	0.0	0.0	0.0	0.20055679864837633	0.0	0.0	0.0	0.0	0.0	0.0	0.0	0.0	0.0	0.0	0.0	0.0	0.0
Syn.Breast-AdenoCA::S.51	0.08264835176666538	0.11051274150479412	0.0	0.0	0.0	0.0	0.0	0.0	0.0	0.13690037485465278	0.0	0.0	0.0	0.0	0.0	0.0	0.0	0.05169577122352569	0.0	0.0	0.0	0.0	0.0	0.0	0.0	0.05566992361113335	0.08461834877522158	0.0	0.0	0.15278503408406155	0.0	0.0	0.2616219707940034	0.0	0.0	0.0	0.0	0.0	0.0	0.0	0.0	0.0	0.0	0.0	0.0	0.0	0.06354748338594221	0.0	0.0	0.0	0.0	0.0	0.0	0.0	0.0	0.0	0.0	0.0	0.0	0.0
Syn.Breast-AdenoCA::S.52	0.30958985851533266	0.0	0.12406401764953133	0.0	0.0	0.0	0.0	0.0	0.0	0.0	0.0	0.0	0.0	0.10364694882279064	0.0	0.0	0.0	0.0	0.0	0.0	0.0	0.0	0.0	0.0	0.0	0.0	0.0	0.0	0.0	0.0	0.0	0.0	0.0	0.14599017340655943	0.0	0.0	0.0	0.0	0.0	0.0	0.0	0.0	0.0	0.0	0.0	0.316709001605786	0.0	0.0	0.0	0.0	0.0	0.0	0.0	0.0	0.0	0.0	0.0	0.0	0.0	0.0
Syn.Breast-AdenoCA::S.53	0.0	0.0	0.0	0.0	0.0	0.0	0.0	0.0	0.0	0.0	0.0	0.0	0.0	0.0	1.0	0.0	0.0	0.0	0.0	0.0	0.0	0.0	0.0	0.0	0.0	0.0	0.0	0.0	0.0	0.0	0.0	0.0	0.0	0.0	0.0	0.0	0.0	0.0	0.0	0.0	0.0	0.0	0.0	0.0	0.0	0.0	0.0	0.0	0.0	0.0	0.0	0.0	0.0	0.0	0.0	0.0	0.0	0.0	0.0	0.0
Syn.Breast-AdenoCA::S.54	0.0924638173947604	0.04396584209517734	0.0	0.0	0.0	0.0	0.0	0.0	0.0	0.06516609244964701	0.0	0.0	0.0	0.1386344018024852	0.0	0.0	0.0	0.0	0.0	0.046533115021517184	0.06084278665508598	0.0	0.0	0.0	0.0	0.0	0.05698781981438084	0.0	0.0	0.1521719167006399	0.0	0.0	0.13392018976985337	0.0	0.0	0.0	0.0	0.0	0.0	0.0	0.0	0.0	0.0	0.0	0.0	0.15545218121109802	0.05386183708535476	0.0	0.0	0.0	0.0	0.0	0.0	0.0	0.0	0.0	0.0	0.0	0.0	0.0
Syn.Breast-AdenoCA::S.55	0.0935888327039429	0.12063051970916792	0.0	0.0	0.0	0.0	0.0	0.0	0.0	0.16653862731963875	0.0	0.0	0.0	0.10338574706556312	0.0	0.0	0.0	0.0	0.0	0.0	0.0	0.0	0.0	0.05544531887442026	0.0	0.0	0.0	0.0	0.0	0.0	0.0	0.0	0.3204896984606482	0.06885840153063837	0.0	0.0	0.0	0.0	0.0	0.0	0.07106285433598056	0.0	0.0	0.0	0.0	0.0	0.0	0.0	0.0	0.0	0.0	0.0	0.0	0.0	0.0	0.0	0.0	0.0	0.0	0.0
Syn.Breast-AdenoCA::S.56	0.12498210571446915	0.0	0.0	0.0	0.0	0.0	0.0	0.0	0.0	0.0	0.0	0.0	0.0	0.27167299503298536	0.0	0.0	0.0	0.0	0.0	0.0	0.0	0.0	0.0	0.0	0.0	0.0	0.0	0.0	0.0	0.05849630903373534	0.0	0.0	0.0	0.0	0.0	0.0	0.0	0.0	0.0	0.0	0.0	0.0	0.0	0.0	0.0	0.17148347966865804	0.10998095778133384	0.2633841527688183	0.0	0.0	0.0	0.0	0.0	0.0	0.0	0.0	0.0	0.0	0.0	0.0
Syn.Breast-AdenoCA::S.57	0.03567838933708446	0.0	0.18858915103862953	0.0	0.0	0.0	0.0	0.0	0.0	0.07698760514066809	0.0	0.0	0.0	0.0	0.1627804914979049	0.0	0.0	0.0	0.0	0.0	0.0	0.0	0.0	0.0	0.0	0.0	0.0	0.0	0.0	0.044733231858305945	0.0	0.0	0.4912311311274071	0.0	0.0	0.0	0.0	0.0	0.0	0.0	0.0	0.0	0.0	0.0	0.0	0.0	0.0	0.0	0.0	0.0	0.0	0.0	0.0	0.0	0.0	0.0	0.0	0.0	0.0	0.0
Syn.Breast-AdenoCA::S.58	0.10966182538103006	0.0803587530408881	0.0	0.0	0.0	0.0	0.0	0.0	0.0	0.07122160358716133	0.0	0.0	0.0	0.1547769514818097	0.0	0.0	0.0	0.0	0.0	0.05661498450087761	0.23137174283174536	0.0	0.0	0.0	0.0	0.0	0.0	0.0	0.0	0.0	0.0	0.0	0.0	0.0	0.0	0.0	0.0	0.0	0.0	0.0	0.07376652474756829	0.0	0.0	0.0	0.0	0.11886405868404554	0.10336355574487406	0.0	0.0	0.0	0.0	0.0	0.0	0.0	0.0	0.0	0.0	0.0	0.0	0.0
Syn.Breast-AdenoCA::S.59	0.1880730272339848	0.0	0.0	0.0	0.0	0.0	0.0	0.0	0.0	0.058636949246452734	0.0	0.0	0.0	0.0833520864723185	0.06957174270400848	0.0	0.0	0.0	0.0	0.0	0.07798531004240104	0.0	0.0	0.07260462669490361	0.0	0.0	0.0	0.0	0.0	0.05527914147056099	0.0	0.0	0.14622914459716688	0.0	0.0	0.0	0.0	0.0	0.0	0.0	0.0	0.0	0.0	0.0	0.0	0.16107333672276272	0.08719463481544032	0.0	0.0	0.0	0.0	0.0	0.0	0.0	0.0	0.0	0.0	0.0	0.0	0.0
Syn.Breast-AdenoCA::S.60	0.10559080012145104	0.0	0.0	0.0	0.0	0.0	0.0	0.0	0.0	0.16119291965559093	0.0	0.0	0.0	0.19819409512081868	0.06500054640537109	0.0	0.0	0.0	0.0	0.0	0.06763865494306752	0.0	0.0	0.0	0.0	0.0	0.0	0.0	0.0	0.21137954891266744	0.0	0.0	0.0	0.0	0.0	0.0	0.0	0.0	0.0	0.0	0.09071722884037747	0.0	0.0	0.0	0.0	0.0	0.10028620600065602	0.0	0.0	0.0	0.0	0.0	0.0	0.0	0.0	0.0	0.0	0.0	0.0	0.0
Syn.Breast-AdenoCA::S.61	0.044032396256851965	0.058105099022044145	0.0	0.0	0.0	0.0	0.0	0.0	0.0	0.36536172035635184	0.0	0.0	0.0	0.06423401510774214	0.0	0.0	0.0	0.0	0.0	0.0	0.08652698943652602	0.0	0.0	0.0	0.0	0.0	0.0	0.0	0.0	0.0	0.0	0.0	0.21269060124166506	0.0	0.0	0.0	0.0	0.0	0.0	0.0	0.0	0.0	0.0	0.0	0.0	0.16904917857881893	0.0	0.0	0.0	0.0	0.0	0.0	0.0	0.0	0.0	0.0	0.0	0.0	0.0	0.0
Syn.Breast-AdenoCA::S.62	0.06003183493617122	0.0	0.0	0.0	0.0	0.0	0.0	0.0	0.0	0.439750848941386	0.0	0.0	0.0	0.0	0.06233796475475956	0.0	0.0	0.0	0.0	0.035199907988252725	0.05881044418099999	0.0	0.0	0.0	0.0	0.10991699652357305	0.08799713218077108	0.0	0.0	0.04990308016336542	0.0	0.0	0.0	0.0	0.0	0.0	0.0	0.0	0.0	0.0	0.0	0.0	0.0	0.0	0.0	0.0	0.0960517903307209	0.0	0.0	0.0	0.0	0.0	0.0	0.0	0.0	0.0	0.0	0.0	0.0	0.0
Syn.Breast-AdenoCA::S.63	0.09526936496440411	0.0	0.0	0.0	0.0	0.0	0.0	0.0	0.0	0.0582221732050311	0.0	0.0	0.0	0.09913561906250758	0.0	0.0	0.0	0.0	0.0	0.0	0.06488613244644516	0.0	0.0	0.0	0.0	0.0	0.0	0.0	0.0	0.05329685081709615	0.0	0.0	0.1841949303516014	0.0	0.0	0.0	0.0	0.0	0.0	0.0	0.10006221573417512	0.0	0.0	0.0	0.0	0.21615762549677997	0.1287750879219594	0.0	0.0	0.0	0.0	0.0	0.0	0.0	0.0	0.0	0.0	0.0	0.0	0.0
Syn.Breast-AdenoCA::S.64	0.09390239716205824	0.054373344556872726	0.0	0.0	0.0	0.0	0.0	0.0	0.0	0.0585710402650071	0.0	0.0	0.0	0.09914161770449496	0.0893662830917259	0.0	0.0	0.0	0.0	0.0	0.07480397205296344	0.0	0.0	0.0	0.0	0.0	0.0660955629202877	0.0	0.0	0.30835167061396995	0.0	0.0	0.08507609971156216	0.0	0.0	0.0	0.0	0.0	0.0	0.0	0.07031801192105791	0.0	0.0	0.0	0.0	0.0	0.0	0.0	0.0	0.0	0.0	0.0	0.0	0.0	0.0	0.0	0.0	0.0	0.0	0.0
Syn.Breast-AdenoCA::S.65	0.0	0.3967637645040802	0.0	0.0	0.0	0.0	0.0	0.0	0.0	0.0	0.0	0.0	0.0	0.0	0.0	0.0	0.0	0.0	0.0	0.0	0.0	0.0	0.0	0.0	0.0	0.0	0.0	0.0	0.0	0.0	0.0	0.0	0.6032362354959199	0.0	0.0	0.0	0.0	0.0	0.0	0.0	0.0	0.0	0.0	0.0	0.0	0.0	0.0	0.0	0.0	0.0	0.0	0.0	0.0	0.0	0.0	0.0	0.0	0.0	0.0	0.0
Syn.Breast-AdenoCA::S.66	0.059330567293019595	0.0	0.0	0.0	0.0	0.0	0.0	0.0	0.0	0.1620345096129897	0.0	0.0	0.0	0.21418240670260522	0.0	0.0	0.0	0.0	0.0	0.0	0.0	0.0	0.0	0.06285644469463492	0.0	0.0	0.0	0.0	0.0	0.06436132194174847	0.0	0.0	0.22593815516480945	0.0	0.0	0.0	0.0	0.0	0.0	0.0	0.0	0.0	0.0	0.0	0.0	0.14094395150614764	0.07035264308404507	0.0	0.0	0.0	0.0	0.0	0.0	0.0	0.0	0.0	0.0	0.0	0.0	0.0
Syn.Breast-AdenoCA::S.67	0.05050474137509282	0.06606609362940807	0.0	0.0	0.0	0.0	0.0	0.0	0.0	0.1219857512999478	0.0	0.0	0.0	0.09742093051669244	0.0	0.0	0.0	0.0	0.0	0.0	0.0	0.0	0.0	0.0	0.0	0.0	0.0	0.0	0.0	0.0	0.0	0.0	0.5964229454346152	0.0	0.0	0.0	0.0	0.0	0.0	0.0	0.0	0.0	0.0	0.0	0.0	0.06759953774424378	0.0	0.0	0.0	0.0	0.0	0.0	0.0	0.0	0.0	0.0	0.0	0.0	0.0	0.0
Syn.Breast-AdenoCA::S.68	0.0	0.0	0.19914348759006034	0.0	0.0	0.0	0.0	0.0	0.0	0.0	0.0	0.0	0.0	0.0	0.24856056991330283	0.0	0.0	0.0	0.0	0.0	0.0	0.0	0.0	0.0	0.0	0.0	0.0	0.0	0.0	0.0	0.0	0.0	0.0	0.0	0.0	0.0	0.0	0.0	0.0	0.0	0.0	0.0	0.0	0.0	0.0	0.1787641992414473	0.17526703026848192	0.19826471298670753	0.0	0.0	0.0	0.0	0.0	0.0	0.0	0.0	0.0	0.0	0.0	0.0
Syn.Breast-AdenoCA::S.69	0.05873263911623	0.0	0.2797899909204229	0.0	0.0	0.0	0.0	0.0	0.0	0.3325974734613214	0.0	0.0	0.0	0.05558543211944364	0.12587386359066843	0.0	0.0	0.0	0.0	0.0	0.056122398722409636	0.0	0.0	0.0	0.0	0.0	0.0	0.0	0.0	0.038404428627691195	0.0	0.0	0.05289377344181269	0.0	0.0	0.0	0.0	0.0	0.0	0.0	0.0	0.0	0.0	0.0	0.0	0.0	0.0	0.0	0.0	0.0	0.0	0.0	0.0	0.0	0.0	0.0	0.0	0.0	0.0	0.0
Syn.Breast-AdenoCA::S.70	0.17304578485075778	0.0	0.06758151080643306	0.0	0.0	0.0	0.0	0.0	0.0	0.10580378508575204	0.0	0.0	0.0	0.13494811206611979	0.0	0.0	0.0	0.0	0.0	0.04444379561664039	0.08262166584772368	0.0	0.0	0.0	0.0	0.0	0.0	0.0	0.0	0.07972788388444342	0.0	0.0	0.0854828463491699	0.05976710195722763	0.0	0.0	0.0	0.0	0.0	0.0	0.08153635668681568	0.0	0.0	0.0	0.0	0.08504115684891654	0.0	0.0	0.0	0.0	0.0	0.0	0.0	0.0	0.0	0.0	0.0	0.0	0.0	0.0
Syn.Breast-AdenoCA::S.71	0.07804242919960339	0.05702157232365521	0.0	0.0	0.0	0.0	0.0	0.0	0.0	0.0	0.0	0.0	0.0	0.08630914035028955	0.0	0.0	0.0	0.0	0.0	0.0	0.0	0.0	0.0	0.0	0.0	0.0	0.0	0.0	0.0	0.11708531541554086	0.0	0.0	0.46687487592398147	0.06092616257177807	0.0	0.0	0.0	0.0	0.0	0.0	0.0	0.0	0.0	0.0	0.0	0.1337405042151515	0.0	0.0	0.0	0.0	0.0	0.0	0.0	0.0	0.0	0.0	0.0	0.0	0.0	0.0
Syn.Breast-AdenoCA::S.72	0.07617055170257489	0.10053720181584351	0.0	0.0	0.0	0.0	0.0	0.0	0.0	0.0	0.0	0.0	0.0	0.2616399703145749	0.0	0.0	0.0	0.0	0.0	0.0	0.0	0.0	0.0	0.0	0.0	0.0	0.0	0.0	0.0	0.09331426929103188	0.0	0.0	0.2950209835901191	0.0	0.0	0.0	0.0	0.0	0.0	0.0	0.0	0.0	0.0	0.0	0.0	0.17331702328585566	0.0	0.0	0.0	0.0	0.0	0.0	0.0	0.0	0.0	0.0	0.0	0.0	0.0	0.0
Syn.Breast-AdenoCA::S.73	0.08153177105096655	0.0	0.10956710677276278	0.0	0.0	0.0	0.0	0.0	0.0	0.2052354337510666	0.0	0.0	0.0	0.2268670268164151	0.0	0.0	0.0	0.0	0.0	0.0	0.0	0.0	0.0	0.0	0.0	0.0	0.05905083437955813	0.0	0.0	0.13551792226736595	0.0	0.0	0.10645989810043398	0.0	0.0	0.0	0.0	0.0	0.0	0.0	0.0	0.0	0.0	0.0	0.0	0.07577000686143096	0.0	0.0	0.0	0.0	0.0	0.0	0.0	0.0	0.0	0.0	0.0	0.0	0.0	0.0
Syn.Breast-AdenoCA::S.74	0.06200360828157118	0.08129002331371238	0.0	0.0	0.0	0.0	0.0	0.0	0.0	0.11815408900686723	0.0	0.0	0.0	0.09865764803058256	0.0	0.0	0.0	0.0	0.0	0.0	0.0	0.0	0.0	0.0	0.0	0.0	0.0	0.0	0.0	0.1102502331037557	0.0	0.0	0.529644398263511	0.0	0.0	0.0	0.0	0.0	0.0	0.0	0.0	0.0	0.0	0.0	0.0	0.0	0.0	0.0	0.0	0.0	0.0	0.0	0.0	0.0	0.0	0.0	0.0	0.0	0.0	0.0
Syn.Breast-AdenoCA::S.75	0.12418188715812806	0.04392849943439257	0.04459112463043304	0.0	0.0	0.0	0.0	0.0	0.0	0.0	0.0	0.0	0.0	0.08541141938562696	0.20413425349927866	0.0	0.0	0.0	0.0	0.0	0.0	0.0	0.0	0.0	0.0	0.0	0.10258434485113767	0.0	0.0	0.0	0.0	0.0	0.0	0.0	0.0	0.0	0.0	0.0	0.0	0.0	0.13238739540817088	0.0	0.0	0.0	0.0	0.08530066855525754	0.17748040707757468	0.0	0.0	0.0	0.0	0.0	0.0	0.0	0.0	0.0	0.0	0.0	0.0	0.0
Syn.Breast-AdenoCA::S.76	0.0	0.11233096703646717	0.0	0.0	0.0	0.0	0.0	0.0	0.0	0.0	0.0	0.0	0.0	0.0	0.0	0.0	0.0	0.0	0.0	0.1020175960480666	0.08358151035088679	0.0	0.0	0.0	0.0	0.0	0.0	0.0	0.0	0.0	0.0	0.0	0.14143959414041582	0.08482504651070184	0.0	0.0	0.0	0.0	0.0	0.0	0.0	0.0	0.0	0.0	0.0	0.1804159955892716	0.1475351253297915	0.14785416499439868	0.0	0.0	0.0	0.0	0.0	0.0	0.0	0.0	0.0	0.0	0.0	0.0
Syn.Breast-AdenoCA::S.77	0.2183248538189727	0.0962344076542479	0.0	0.0	0.0	0.0	0.0	0.0	0.0	0.0	0.0	0.0	0.0	0.0	0.22855395675973128	0.0	0.0	0.0	0.0	0.0	0.0	0.0	0.0	0.0	0.0	0.0	0.0	0.0	0.0	0.0	0.0	0.0	0.3097899880628816	0.0	0.0	0.0	0.0	0.0	0.0	0.0	0.0	0.0	0.0	0.0	0.0	0.0	0.14709679370416665	0.0	0.0	0.0	0.0	0.0	0.0	0.0	0.0	0.0	0.0	0.0	0.0	0.0
Syn.Breast-AdenoCA::S.78	0.04243861335128324	0.18506404564270404	0.0	0.0	0.0	0.0	0.0	0.0	0.0	0.0	0.0	0.0	0.0	0.07380064531155733	0.07269726774184547	0.0	0.0	0.08125782612739943	0.0	0.0	0.0	0.0	0.0	0.0	0.0	0.0	0.06870171399487468	0.0	0.0	0.05463482474525873	0.0	0.0	0.34505538746416087	0.0	0.0	0.0	0.0	0.0	0.0	0.0	0.0	0.0	0.0	0.0	0.0	0.0	0.0763496756209163	0.0	0.0	0.0	0.0	0.0	0.0	0.0	0.0	0.0	0.0	0.0	0.0	0.0
Syn.Breast-AdenoCA::S.79	0.05868810023478989	0.15003525610844073	0.0	0.0	0.0	0.0	0.0	0.0	0.0	0.0	0.0	0.0	0.0	0.08844416111578919	0.0	0.0	0.0	0.0	0.0	0.0	0.08864317358440814	0.0	0.0	0.0	0.0	0.0	0.14343193667407667	0.0	0.0	0.0	0.0	0.0	0.1864839302828357	0.06549022451085199	0.0	0.0	0.0	0.0	0.0	0.0	0.0688552975000839	0.0	0.0	0.0	0.0	0.06130830295972052	0.08861961702900337	0.0	0.0	0.0	0.0	0.0	0.0	0.0	0.0	0.0	0.0	0.0	0.0	0.0
Syn.Breast-AdenoCA::S.80	0.08906428526550136	0.0	0.14153345153173272	0.0	0.0	0.0	0.0	0.0	0.0	0.05554197145424624	0.0	0.0	0.0	0.1956394511222501	0.0	0.0	0.0	0.0	0.0	0.0	0.0	0.0	0.0	0.0	0.0	0.0	0.0	0.0	0.0	0.038065961487059034	0.0	0.0	0.374779847209416	0.0	0.0	0.0	0.0	0.0	0.0	0.0	0.05549175290208155	0.0	0.0	0.0	0.0	0.049883279027712904	0.0	0.0	0.0	0.0	0.0	0.0	0.0	0.0	0.0	0.0	0.0	0.0	0.0	0.0
Syn.Breast-AdenoCA::S.81	0.11576025894463757	0.0	0.22182117358972614	0.0	0.0	0.0	0.0	0.0	0.0	0.0	0.0	0.0	0.0	0.12634466428063315	0.0	0.0	0.0	0.0	0.0	0.0	0.0	0.0	0.0	0.0	0.0	0.0	0.1696169455968107	0.0	0.0	0.3664569575881926	0.0	0.0	0.0	0.0	0.0	0.0	0.0	0.0	0.0	0.0	0.0	0.0	0.0	0.0	0.0	0.0	0.0	0.0	0.0	0.0	0.0	0.0	0.0	0.0	0.0	0.0	0.0	0.0	0.0	0.0
Syn.Breast-AdenoCA::S.82	0.04690461571809501	0.0	0.0	0.0	0.0	0.0	0.0	0.0	0.0	0.17240043485268575	0.0	0.0	0.0	0.16985083030753756	0.2172115378425788	0.0	0.0	0.0	0.0	0.0	0.0	0.0	0.0	0.0	0.0	0.0	0.04993638228265726	0.0	0.0	0.042584824083759014	0.0	0.0	0.2054249540473202	0.0	0.0	0.0	0.0	0.0	0.0	0.0	0.045547334696337746	0.0	0.0	0.0	0.0	0.0	0.05013908616902852	0.0	0.0	0.0	0.0	0.0	0.0	0.0	0.0	0.0	0.0	0.0	0.0	0.0
Syn.Breast-AdenoCA::S.83	0.13702556960200735	0.09281670987814468	0.0	0.0	0.0	0.0	0.0	0.0	0.0	0.12584791180917027	0.0	0.0	0.0	0.0	0.13750416196915927	0.0	0.0	0.0	0.0	0.0	0.07553280375033644	0.0	0.0	0.0	0.0	0.05796434724464234	0.0	0.0	0.0	0.0	0.0	0.0	0.2657679130744306	0.0	0.0	0.0	0.0	0.0	0.0	0.0	0.0	0.0	0.0	0.0	0.0	0.0	0.10754058267210909	0.0	0.0	0.0	0.0	0.0	0.0	0.0	0.0	0.0	0.0	0.0	0.0	0.0
Syn.Breast-AdenoCA::S.84	0.10243513685532135	0.0	0.0	0.0	0.0	0.0	0.0	0.0	0.0	0.18659428413193313	0.0	0.0	0.0	0.18936798267682547	0.08214111531354097	0.0	0.0	0.0	0.0	0.0	0.0	0.0	0.0	0.0	0.0	0.0	0.05267387650215243	0.0	0.0	0.03669274885725769	0.0	0.0	0.21035629988267593	0.0	0.0	0.0	0.0	0.0	0.0	0.0	0.0	0.0	0.0	0.0	0.0	0.053205107178933106	0.04683724254574979	0.03969620605561005	0.0	0.0	0.0	0.0	0.0	0.0	0.0	0.0	0.0	0.0	0.0	0.0
Syn.Breast-AdenoCA::S.85	0.06595421717190471	0.09878248181147052	0.0	0.0	0.0	0.0	0.0	0.0	0.0	0.07865185833561326	0.0	0.0	0.0	0.18250087732070866	0.0	0.0	0.0	0.0	0.0	0.0	0.0	0.0	0.0	0.0	0.0	0.0	0.0	0.0	0.0	0.0	0.0	0.0	0.10591513200641514	0.0751938708160603	0.0	0.0	0.0	0.0	0.0	0.0	0.1899663693727361	0.0	0.0	0.0	0.0	0.09476589564245705	0.10826929752263434	0.0	0.0	0.0	0.0	0.0	0.0	0.0	0.0	0.0	0.0	0.0	0.0	0.0
Syn.Breast-AdenoCA::S.86	0.0	0.0	0.0	0.0	0.0	0.0	0.0	0.0	0.0	0.0777422943135625	0.0	0.0	0.0	0.09411859166704561	0.0	0.0	0.0	0.0	0.0	0.0	0.0	0.0	0.0	0.0	0.0	0.057048595932542995	0.0	0.0	0.0	0.05087524984626512	0.0	0.0	0.5058165994986352	0.0	0.0	0.0	0.0	0.0	0.0	0.0	0.0	0.0	0.0	0.0	0.0	0.1587630890028176	0.05563557973913103	0.0	0.0	0.0	0.0	0.0	0.0	0.0	0.0	0.0	0.0	0.0	0.0	0.0
Syn.Breast-AdenoCA::S.87	0.13466136700221765	0.0764413158912927	0.0	0.0	0.0	0.0	0.0	0.0	0.0	0.0	0.0	0.0	0.0	0.16265286107255666	0.0	0.0	0.0	0.0	0.0	0.0	0.0842790732928627	0.0	0.0	0.0	0.0	0.0	0.09090345461826865	0.0	0.0	0.17771971819777002	0.0	0.0	0.2733422099250315	0.0	0.0	0.0	0.0	0.0	0.0	0.0	0.0	0.0	0.0	0.0	0.0	0.0	0.0	0.0	0.0	0.0	0.0	0.0	0.0	0.0	0.0	0.0	0.0	0.0	0.0	0.0
Syn.Breast-AdenoCA::S.88	0.09989974341923985	0.0	0.0	0.0	0.0	0.0	0.0	0.0	0.0	0.0	0.0	0.0	0.0	0.126794666396812	0.0	0.0	0.0	0.0	0.0	0.0	0.10181808096910235	0.0	0.0	0.05585338717633861	0.0	0.0	0.05846696484208239	0.0	0.0	0.0	0.0	0.0	0.23943684301118381	0.0	0.0	0.0	0.0	0.0	0.0	0.0	0.06304683127502403	0.0	0.0	0.0	0.0	0.09730358341192934	0.15737989949828765	0.0	0.0	0.0	0.0	0.0	0.0	0.0	0.0	0.0	0.0	0.0	0.0	0.0
Syn.Breast-AdenoCA::S.89	0.06670340391620003	0.0	0.1297028651359894	0.0	0.0	0.0	0.0	0.0	0.0	0.23492644618579966	0.0	0.0	0.0	0.14494876762809966	0.0	0.0	0.0	0.0	0.0	0.0	0.0	0.0	0.0	0.058815341638892675	0.0	0.057910543178416506	0.0	0.0	0.0	0.08102598530778281	0.0	0.0	0.0	0.0	0.0	0.0	0.0	0.0	0.0	0.0	0.0	0.0	0.0	0.0	0.0	0.22596664700881922	0.0	0.0	0.0	0.0	0.0	0.0	0.0	0.0	0.0	0.0	0.0	0.0	0.0	0.0
Syn.Breast-AdenoCA::S.90	0.0	0.0	0.0	0.0	0.0	0.0	0.0	0.0	0.0	0.0	0.0	0.0	0.0	0.0	0.6965957914858332	0.0	0.0	0.0	0.0	0.0	0.0	0.0	0.0	0.0	0.0	0.0	0.0	0.0	0.0	0.0	0.0	0.0	0.0	0.0	0.0	0.0	0.0	0.0	0.0	0.0	0.0	0.0	0.0	0.0	0.0	0.0	0.30340420851416683	0.0	0.0	0.0	0.0	0.0	0.0	0.0	0.0	0.0	0.0	0.0	0.0	0.0
Syn.Breast-AdenoCA::S.91	0.09301966516361931	0.10735184177385573	0.0	0.0	0.0	0.0	0.0	0.0	0.0	0.0	0.0	0.0	0.0	0.1569797044113952	0.13348739049641742	0.0	0.0	0.0	0.0	0.0	0.0809336536213694	0.0	0.0	0.0	0.0	0.0	0.08057875653769138	0.0	0.0	0.0	0.0	0.0	0.18756441113536632	0.16008457686028527	0.0	0.0	0.0	0.0	0.0	0.0	0.0	0.0	0.0	0.0	0.0	0.0	0.0	0.0	0.0	0.0	0.0	0.0	0.0	0.0	0.0	0.0	0.0	0.0	0.0	0.0
Syn.Breast-AdenoCA::S.92	0.11213598925565613	0.08205616154334495	0.08805064659825401	0.0	0.0	0.0	0.0	0.0	0.0	0.0	0.0	0.0	0.0	0.1944691245213912	0.07161608339042895	0.0	0.0	0.0	0.0	0.0	0.0	0.0	0.0	0.0	0.0	0.0	0.0	0.0	0.0	0.13404057755636795	0.0	0.0	0.21979504883322745	0.0	0.0	0.0	0.0	0.0	0.0	0.0	0.0	0.0	0.0	0.0	0.0	0.09783636830132937	0.0	0.0	0.0	0.0	0.0	0.0	0.0	0.0	0.0	0.0	0.0	0.0	0.0	0.0
Syn.Breast-AdenoCA::S.93	0.05993220893043936	0.1196062402040954	0.0	0.0	0.0	0.0	0.0	0.0	0.0	0.22832889429399839	0.0	0.0	0.0	0.18639900163258663	0.0	0.0	0.0	0.0	0.0	0.0	0.0	0.0	0.0	0.0	0.0	0.0	0.0	0.0	0.0	0.0	0.0	0.0	0.19298025488699147	0.11436698002481534	0.0	0.0	0.0	0.0	0.0	0.0	0.09838642002707335	0.0	0.0	0.0	0.0	0.0	0.0	0.0	0.0	0.0	0.0	0.0	0.0	0.0	0.0	0.0	0.0	0.0	0.0	0.0
Syn.Breast-AdenoCA::S.94	0.07528052642054965	0.052703432005533395	0.0	0.0	0.0	0.0	0.0	0.0	0.0	0.0	0.0	0.0	0.0	0.0	0.15146026420092518	0.0	0.0	0.08864586943154258	0.0	0.0	0.0	0.0	0.0	0.0	0.0	0.055589226128675	0.14994369621283807	0.0	0.0	0.06935417080819699	0.0	0.0	0.0	0.0	0.0	0.0	0.0	0.0	0.0	0.0	0.0	0.0	0.0	0.0	0.0	0.18109859389727603	0.09429954514096485	0.08162467575349829	0.0	0.0	0.0	0.0	0.0	0.0	0.0	0.0	0.0	0.0	0.0	0.0
Syn.Breast-AdenoCA::S.95	0.061389651813523335	0.09229950179305227	0.0	0.0	0.0	0.0	0.0	0.0	0.0	0.450409395645012	0.0	0.0	0.0	0.0958830824464861	0.0	0.0	0.0	0.0	0.0	0.0	0.0	0.0	0.0	0.0	0.0	0.0	0.0	0.0	0.0	0.0	0.0	0.0	0.0	0.10096163969608049	0.0	0.0	0.0	0.0	0.0	0.0	0.11759333171325362	0.0	0.0	0.0	0.0	0.0	0.08146339689259219	0.0	0.0	0.0	0.0	0.0	0.0	0.0	0.0	0.0	0.0	0.0	0.0	0.0
Syn.Breast-AdenoCA::S.96	0.058788815326098975	0.09586066748654455	0.0	0.0	0.0	0.0	0.0	0.0	0.0	0.1532607738344412	0.0	0.0	0.0	0.15192506079127271	0.0	0.0	0.0	0.0	0.0	0.0	0.053415711002717255	0.0	0.0	0.07434385997919468	0.0	0.0	0.0	0.0	0.0	0.044297290000803395	0.0	0.0	0.08027787066745114	0.13236013976337152	0.0	0.0	0.0	0.0	0.0	0.0	0.07413560287466099	0.0	0.0	0.0	0.0	0.08133420827344352	0.0	0.0	0.0	0.0	0.0	0.0	0.0	0.0	0.0	0.0	0.0	0.0	0.0	0.0
Syn.Breast-AdenoCA::S.97	0.3224427990894182	0.050065974822806544	0.0	0.0	0.0	0.0	0.0	0.0	0.0	0.08432806050540692	0.0	0.0	0.0	0.0	0.0	0.0	0.0	0.0	0.0	0.0	0.0	0.0	0.0	0.0	0.0	0.096290731161348	0.0	0.0	0.0	0.048477723796187026	0.0	0.0	0.2343376158217444	0.0	0.0	0.0	0.0	0.0	0.0	0.0	0.0	0.0	0.0	0.0	0.0	0.0	0.16405709480308886	0.0	0.0	0.0	0.0	0.0	0.0	0.0	0.0	0.0	0.0	0.0	0.0	0.0
Syn.Breast-AdenoCA::S.98	0.10431238661365144	0.0	0.0	0.0	0.0	0.0	0.0	0.0	0.0	0.22884872315802124	0.0	0.0	0.0	0.0	0.0	0.0	0.0	0.0	0.0	0.0	0.0	0.0	0.0	0.0	0.0	0.0	0.0	0.0	0.0	0.08477106739973597	0.0	0.0	0.29241342432303147	0.0	0.0	0.0	0.0	0.0	0.0	0.0	0.10040575999377371	0.0	0.0	0.0	0.0	0.18924863851178617	0.0	0.0	0.0	0.0	0.0	0.0	0.0	0.0	0.0	0.0	0.0	0.0	0.0	0.0
Syn.Breast-AdenoCA::S.99	0.07915219056044777	0.0	0.1696082610432705	0.0	0.0	0.0	0.0	0.0	0.0	0.0678978009331382	0.0	0.0	0.0	0.19627281435562935	0.0	0.0	0.0	0.0	0.0	0.0	0.06786109437037831	0.0	0.0	0.0	0.0	0.040130381238231615	0.05670241874154705	0.0	0.0	0.054357346877187566	0.0	0.0	0.2680176918801696	0.0	0.0	0.0	0.0	0.0	0.0	0.0	0.0	0.0	0.0	0.0	0.0	0.0	0.0	0.0	0.0	0.0	0.0	0.0	0.0	0.0	0.0	0.0	0.0	0.0	0.0	0.0
Syn.Breast-AdenoCA::S.100	0.07470432115998624	0.10904677121341373	0.0	0.0	0.0	0.0	0.0	0.0	0.0	0.3518632863920658	0.0	0.0	0.0	0.08086113839622115	0.0	0.0	0.0	0.0	0.0	0.0	0.0	0.0	0.0	0.0	0.0	0.05780689085642377	0.14803439830817955	0.0	0.0	0.041956807211798314	0.0	0.0	0.0	0.0	0.0	0.0	0.0	0.0	0.0	0.0	0.0	0.0	0.0	0.0	0.0	0.05631419596528293	0.07941219049662843	0.0	0.0	0.0	0.0	0.0	0.0	0.0	0.0	0.0	0.0	0.0	0.0	0.0
Syn.Breast-AdenoCA::S.101	0.09113897843947134	0.0	0.0	0.0	0.0	0.0	0.0	0.0	0.0	0.13128144726542146	0.0	0.0	0.0	0.10100290442573452	0.28193084022562814	0.0	0.0	0.0	0.0	0.0	0.0	0.0	0.0	0.0	0.0	0.0	0.0	0.0	0.0	0.0	0.0	0.0	0.27345395706828846	0.0	0.0	0.0	0.0	0.0	0.0	0.0	0.0	0.0	0.0	0.0	0.0	0.0	0.12119187257545623	0.0	0.0	0.0	0.0	0.0	0.0	0.0	0.0	0.0	0.0	0.0	0.0	0.0
Syn.Breast-AdenoCA::S.102	0.05880895416872547	0.15365581922480454	0.0	0.0	0.0	0.0	0.0	0.0	0.0	0.18563187058849967	0.0	0.0	0.0	0.17594727894011203	0.09738560635713545	0.0	0.0	0.0	0.0	0.0	0.0	0.0	0.0	0.0	0.0	0.0	0.0	0.0	0.0	0.07612837870594155	0.0	0.0	0.16351731972084255	0.0	0.0	0.0	0.0	0.0	0.0	0.0	0.0	0.0	0.0	0.0	0.0	0.0	0.08892477229393891	0.0	0.0	0.0	0.0	0.0	0.0	0.0	0.0	0.0	0.0	0.0	0.0	0.0
Syn.Breast-AdenoCA::S.103	0.04779822490469931	0.0	0.0	0.0	0.0	0.0	0.0	0.0	0.0	0.10064781546217139	0.0	0.0	0.0	0.1484810987645212	0.0	0.0	0.0	0.0	0.0	0.0	0.06731530548830127	0.0	0.0	0.0	0.0	0.05188524491077244	0.0	0.0	0.0	0.0	0.0	0.0	0.3703951359275457	0.0	0.0	0.0	0.0	0.0	0.0	0.0	0.08384122241944167	0.0	0.0	0.0	0.0	0.06883866583559485	0.0607972862869523	0.0	0.0	0.0	0.0	0.0	0.0	0.0	0.0	0.0	0.0	0.0	0.0	0.0
Syn.Breast-AdenoCA::S.104	0.04677512709962118	0.0	0.0	0.0	0.0	0.0	0.0	0.0	0.0	0.0	0.0	0.0	0.0	0.0	0.0	0.0	0.0	0.0	0.0	0.0	0.0	0.0	0.0	0.0	0.0	0.0	0.0	0.0	0.0	0.0	0.0	0.0	0.876014895123465	0.0	0.0	0.0	0.0	0.0	0.0	0.0	0.0	0.0	0.0	0.0	0.0	0.0	0.0772099777769139	0.0	0.0	0.0	0.0	0.0	0.0	0.0	0.0	0.0	0.0	0.0	0.0	0.0
Syn.Breast-AdenoCA::S.105	0.0985421046052304	0.0	0.07396070035672164	0.0	0.0	0.0	0.0	0.0	0.0	0.14101716270191228	0.0	0.0	0.0	0.11758058523100615	0.0	0.0	0.0	0.0	0.0	0.0	0.0	0.0	0.0	0.0	0.0	0.0	0.0598755259936309	0.0	0.0	0.05213300080615406	0.0	0.0	0.45689092030534445	0.0	0.0	0.0	0.0	0.0	0.0	0.0	0.0	0.0	0.0	0.0	0.0	0.0	0.0	0.0	0.0	0.0	0.0	0.0	0.0	0.0	0.0	0.0	0.0	0.0	0.0	0.0
Syn.Breast-AdenoCA::S.106	0.0937077469417252	0.0	0.08313966895819448	0.0	0.0	0.0	0.0	0.0	0.0	0.0	0.0	0.0	0.0	0.0986569509817397	0.07773602135563364	0.0	0.0	0.0	0.0	0.0	0.0	0.0	0.0	0.061081503094243095	0.0	0.0	0.0	0.0	0.0	0.0	0.0	0.0	0.39636276302333395	0.11416419730741346	0.0	0.0	0.0	0.0	0.0	0.0	0.0751511483377164	0.0	0.0	0.0	0.0	0.0	0.0	0.0	0.0	0.0	0.0	0.0	0.0	0.0	0.0	0.0	0.0	0.0	0.0	0.0
Syn.Breast-AdenoCA::S.107	0.03425843378753181	0.033234092922682146	0.0	0.0	0.0	0.0	0.0	0.0	0.0	0.30427532223121295	0.0	0.0	0.0	0.26943766718679196	0.11115449231490689	0.0	0.0	0.0	0.0	0.0	0.06740456053851962	0.0	0.0	0.0	0.0	0.0	0.043628168271345455	0.0	0.0	0.0	0.0	0.0	0.054694872773684344	0.04819170120341717	0.0	0.0	0.0	0.0	0.0	0.0	0.033720688769907754	0.0	0.0	0.0	0.0	0.0	0.0	0.0	0.0	0.0	0.0	0.0	0.0	0.0	0.0	0.0	0.0	0.0	0.0	0.0
Syn.Breast-AdenoCA::S.108	0.16786330615440098	0.0	0.0	0.0	0.0	0.0	0.0	0.0	0.0	0.0	0.0	0.0	0.0	0.0	0.0	0.0	0.0	0.0	0.0	0.0	0.0	0.0	0.0	0.2632789779347817	0.0	0.0	0.0	0.0	0.0	0.13686610953732742	0.0	0.0	0.13949692873407463	0.0	0.0	0.0	0.0	0.0	0.0	0.0	0.0	0.0	0.0	0.0	0.0	0.097437528165183	0.1950571494742322	0.0	0.0	0.0	0.0	0.0	0.0	0.0	0.0	0.0	0.0	0.0	0.0	0.0
Syn.Breast-AdenoCA::S.109	0.04510235847868259	0.21660921978834166	0.04832916992471751	0.0	0.0	0.0	0.0	0.0	0.0	0.1792185496546993	0.0	0.0	0.0	0.11316960858004897	0.0	0.0	0.0	0.0	0.0	0.03831421524088234	0.0	0.0	0.0	0.04453760645759175	0.0	0.0	0.07003349880451203	0.0	0.0	0.04666698709582857	0.0	0.0	0.0	0.0	0.0	0.0	0.0	0.0	0.0	0.0	0.0	0.0	0.0	0.0	0.0	0.12268184475427524	0.07533694122041998	0.0	0.0	0.0	0.0	0.0	0.0	0.0	0.0	0.0	0.0	0.0	0.0	0.0
Syn.Breast-AdenoCA::S.110	0.0	0.2507101099566998	0.0	0.0	0.0	0.0	0.0	0.0	0.0	0.7492898900433003	0.0	0.0	0.0	0.0	0.0	0.0	0.0	0.0	0.0	0.0	0.0	0.0	0.0	0.0	0.0	0.0	0.0	0.0	0.0	0.0	0.0	0.0	0.0	0.0	0.0	0.0	0.0	0.0	0.0	0.0	0.0	0.0	0.0	0.0	0.0	0.0	0.0	0.0	0.0	0.0	0.0	0.0	0.0	0.0	0.0	0.0	0.0	0.0	0.0	0.0
Syn.Breast-AdenoCA::S.111	0.09083123146308637	0.0	0.0	0.0	0.0	0.0	0.0	0.0	0.0	0.0	0.0	0.0	0.0	0.2356138772890081	0.0	0.0	0.0	0.0	0.0	0.25515810254766186	0.0	0.0	0.0	0.0	0.0	0.0	0.12510906261104565	0.0	0.0	0.0	0.0	0.0	0.0	0.1050229495310998	0.0	0.0	0.0	0.0	0.0	0.0	0.0	0.0	0.0	0.0	0.0	0.1882647765580982	0.0	0.0	0.0	0.0	0.0	0.0	0.0	0.0	0.0	0.0	0.0	0.0	0.0	0.0
Syn.Breast-AdenoCA::S.112	0.13291995804672235	0.0	0.34457760312554736	0.0	0.0	0.0	0.0	0.0	0.0	0.08315289235815143	0.0	0.0	0.0	0.0906164965528957	0.0	0.0	0.0	0.0	0.0	0.0	0.0	0.0	0.0	0.11156056060559816	0.0	0.0	0.0	0.0	0.0	0.07004472286197073	0.0	0.0	0.10710142340758434	0.0	0.0	0.0	0.0	0.0	0.0	0.0	0.0	0.0	0.0	0.0	0.0	0.06002634304152997	0.0	0.0	0.0	0.0	0.0	0.0	0.0	0.0	0.0	0.0	0.0	0.0	0.0	0.0
Syn.Breast-AdenoCA::S.113	0.0	0.39542135441142995	0.0	0.0	0.0	0.0	0.0	0.0	0.0	0.0	0.0	0.0	0.0	0.17353975106871025	0.0	0.0	0.0	0.0	0.0	0.0	0.0	0.0	0.0	0.0	0.0	0.0	0.12109028402761217	0.0	0.0	0.0	0.0	0.0	0.0	0.17258392520444624	0.0	0.0	0.0	0.0	0.0	0.0	0.13736468528780132	0.0	0.0	0.0	0.0	0.0	0.0	0.0	0.0	0.0	0.0	0.0	0.0	0.0	0.0	0.0	0.0	0.0	0.0	0.0
Syn.Breast-AdenoCA::S.114	0.1313070567168253	0.07247912693694399	0.0	0.0	0.0	0.0	0.0	0.0	0.0	0.15379569470330615	0.0	0.0	0.0	0.1883624108410404	0.0	0.0	0.0	0.06957654895427838	0.0	0.0	0.0	0.0	0.0	0.0	0.0	0.05201372830611056	0.0	0.0	0.0	0.06323003088019	0.0	0.0	0.08144586874147704	0.0	0.0	0.0	0.0	0.0	0.0	0.0	0.0	0.0	0.0	0.0	0.0	0.09387896533052002	0.09391056858930813	0.0	0.0	0.0	0.0	0.0	0.0	0.0	0.0	0.0	0.0	0.0	0.0	0.0
Syn.Breast-AdenoCA::S.115	0.0	0.21094801109563824	0.0	0.0	0.0	0.0	0.0	0.0	0.0	0.0	0.0	0.0	0.0	0.0	0.23567964118379134	0.0	0.0	0.0	0.0	0.0	0.0	0.0	0.0	0.0	0.0	0.0	0.0	0.0	0.0	0.0	0.0	0.0	0.2664119563833372	0.0	0.0	0.0	0.0	0.0	0.0	0.0	0.0	0.0	0.0	0.0	0.0	0.2869603913372331	0.0	0.0	0.0	0.0	0.0	0.0	0.0	0.0	0.0	0.0	0.0	0.0	0.0	0.0
Syn.Breast-AdenoCA::S.116	0.1323453507147959	0.028576678189673223	0.04966748466895015	0.0	0.0	0.0	0.0	0.0	0.0	0.18637123672998024	0.0	0.0	0.0	0.04218930294725665	0.0	0.0	0.0	0.0	0.0	0.0	0.0	0.0	0.0	0.0	0.0	0.0	0.10984083411263007	0.0	0.0	0.25391090096036334	0.0	0.0	0.15371723541030383	0.0	0.0	0.0	0.0	0.0	0.0	0.0	0.0433809762660466	0.0	0.0	0.0	0.0	0.0	0.0	0.0	0.0	0.0	0.0	0.0	0.0	0.0	0.0	0.0	0.0	0.0	0.0	0.0
Syn.Breast-AdenoCA::S.117	0.16802209387237568	0.07367440379555355	0.0	0.0	0.0	0.0	0.0	0.0	0.0	0.08662606752507727	0.0	0.0	0.0	0.12446853006075763	0.0	0.0	0.0	0.0	0.0	0.0	0.0	0.0	0.0	0.0	0.0	0.06482861623128584	0.0	0.0	0.0	0.0	0.0	0.0	0.21172742031160938	0.0	0.0	0.0	0.0	0.0	0.0	0.0	0.10973164680623143	0.0	0.0	0.0	0.0	0.0	0.16092122139710924	0.0	0.0	0.0	0.0	0.0	0.0	0.0	0.0	0.0	0.0	0.0	0.0	0.0
Syn.Breast-AdenoCA::S.118	0.16742000950229466	0.0	0.14230092258406563	0.0	0.0	0.0	0.0	0.0	0.0	0.0	0.0	0.0	0.0	0.17055698632402602	0.11601155651827688	0.0	0.0	0.0	0.0	0.0	0.0	0.0	0.0	0.0	0.0	0.0	0.0	0.0	0.0	0.04896120266734063	0.0	0.0	0.0	0.0	0.0	0.0	0.0	0.0	0.0	0.0	0.0	0.0	0.0	0.0	0.0	0.0877384522861169	0.19312699096234287	0.07388387915553636	0.0	0.0	0.0	0.0	0.0	0.0	0.0	0.0	0.0	0.0	0.0	0.0
Syn.Breast-AdenoCA::S.119	0.02972334291303319	0.04919699940724547	0.0	0.0	0.0	0.0	0.0	0.0	0.0	0.11381634091548398	0.0	0.0	0.0	0.04631832691714669	0.0	0.0	0.0	0.0	0.0	0.0	0.08662939845289086	0.0	0.0	0.04089205091510535	0.0	0.0	0.0	0.0	0.0	0.04970645300467605	0.0	0.0	0.527024621386513	0.0	0.0	0.0	0.0	0.0	0.0	0.0	0.0	0.0	0.0	0.0	0.0	0.0	0.05669246608790533	0.0	0.0	0.0	0.0	0.0	0.0	0.0	0.0	0.0	0.0	0.0	0.0	0.0
Syn.Breast-AdenoCA::S.120	0.07813599798322289	0.0	0.0	0.0	0.0	0.0	0.0	0.0	0.0	0.0	0.0	0.0	0.0	0.09575675607214167	0.0	0.0	0.0	0.0	0.0	0.0	0.0	0.0	0.0	0.0	0.0	0.0	0.0	0.0	0.0	0.2201962092306166	0.0	0.0	0.44520878603896336	0.0	0.0	0.0	0.0	0.0	0.0	0.0	0.0	0.0	0.0	0.0	0.0	0.06947557040736203	0.09122668026769339	0.0	0.0	0.0	0.0	0.0	0.0	0.0	0.0	0.0	0.0	0.0	0.0	0.0
Syn.Breast-AdenoCA::S.121	0.11676344322720825	0.0863504599295563	0.0	0.0	0.0	0.0	0.0	0.0	0.0	0.0	0.0	0.0	0.0	0.0	0.0	0.0	0.0	0.0	0.0	0.0	0.0	0.0	0.0	0.06747312181522343	0.0	0.0	0.0	0.0	0.0	0.3812172596695373	0.0	0.0	0.2731658199951266	0.0	0.0	0.0	0.0	0.0	0.0	0.0	0.0	0.0	0.0	0.0	0.0	0.0	0.07502989536334832	0.0	0.0	0.0	0.0	0.0	0.0	0.0	0.0	0.0	0.0	0.0	0.0	0.0
Syn.Breast-AdenoCA::S.122	0.10359138802748778	0.0	0.0	0.0	0.0	0.0	0.0	0.0	0.0	0.27507966729809585	0.0	0.0	0.0	0.13239252887425298	0.0	0.0	0.0	0.0	0.0	0.0	0.0	0.0	0.0	0.0	0.0	0.0	0.0	0.0	0.0	0.11628943263648925	0.0	0.0	0.13216447440959936	0.0	0.0	0.0	0.0	0.0	0.0	0.0	0.0	0.0	0.0	0.0	0.0	0.10705540266881229	0.13342710608526243	0.0	0.0	0.0	0.0	0.0	0.0	0.0	0.0	0.0	0.0	0.0	0.0	0.0
Syn.Breast-AdenoCA::S.123	0.0	0.05664373366923656	0.07724654875521388	0.0	0.0	0.0	0.0	0.0	0.0	0.08912669834828527	0.0	0.0	0.0	0.2416932331302471	0.0	0.0	0.0	0.0	0.0	0.0	0.0	0.0	0.0	0.0	0.0	0.0	0.0	0.0	0.0	0.0	0.0	0.0	0.37505737628635816	0.07298170270806174	0.0	0.0	0.0	0.0	0.0	0.0	0.08725070710259737	0.0	0.0	0.0	0.0	0.0	0.0	0.0	0.0	0.0	0.0	0.0	0.0	0.0	0.0	0.0	0.0	0.0	0.0	0.0
Syn.Breast-AdenoCA::S.124	0.0	0.4400608476421466	0.0	0.0	0.0	0.0	0.0	0.0	0.0	0.0	0.0	0.0	0.0	0.10492450250386295	0.08633658977070366	0.0	0.0	0.0	0.0	0.0	0.0	0.0	0.0	0.0	0.0	0.0	0.0	0.0	0.0	0.0	0.0	0.0	0.0	0.0	0.0	0.0	0.0	0.0	0.0	0.0	0.0	0.0	0.0	0.0	0.0	0.0	0.20012119838344275	0.16855686169984413	0.0	0.0	0.0	0.0	0.0	0.0	0.0	0.0	0.0	0.0	0.0	0.0
Syn.Breast-AdenoCA::S.125	0.1614181619239004	0.0	0.0	0.0	0.0	0.0	0.0	0.0	0.0	0.0	0.0	0.0	0.0	0.2858799552202339	0.059063172941080294	0.0	0.0	0.0	0.0	0.0	0.0	0.0	0.0	0.05841119608707963	0.0	0.0	0.11752779533425114	0.0	0.0	0.0	0.0	0.0	0.1282311684177203	0.12656056849392824	0.0	0.0	0.0	0.0	0.0	0.0	0.0	0.0	0.0	0.0	0.0	0.0	0.06290798158180609	0.0	0.0	0.0	0.0	0.0	0.0	0.0	0.0	0.0	0.0	0.0	0.0	0.0
Syn.Breast-AdenoCA::S.126	0.06048066248042151	0.05605802948154517	0.0	0.0	0.0	0.0	0.0	0.0	0.0	0.24615718499909314	0.0	0.0	0.0	0.10474082768398699	0.0	0.0	0.0	0.0	0.0	0.0	0.0	0.0	0.0	0.0	0.0	0.0	0.0799923603015909	0.0	0.0	0.16505520173024918	0.0	0.0	0.287515733323113	0.0	0.0	0.0	0.0	0.0	0.0	0.0	0.0	0.0	0.0	0.0	0.0	0.0	0.0	0.0	0.0	0.0	0.0	0.0	0.0	0.0	0.0	0.0	0.0	0.0	0.0	0.0
Syn.Breast-AdenoCA::S.127	0.0	0.0	0.0	0.0	0.0	0.0	0.0	0.0	0.0	0.0	0.0	0.0	0.0	0.0	0.0	0.0	0.0	0.0	0.0	0.0	0.0	0.0	0.0	0.0	0.0	0.0	0.0	0.0	0.0	0.0	0.0	0.0	0.8824814374638442	0.0	0.0	0.0	0.0	0.0	0.0	0.0	0.11751856253615588	0.0	0.0	0.0	0.0	0.0	0.0	0.0	0.0	0.0	0.0	0.0	0.0	0.0	0.0	0.0	0.0	0.0	0.0	0.0
Syn.Breast-AdenoCA::S.128	0.09188099423714863	0.08218587070988946	0.0	0.0	0.0	0.0	0.0	0.0	0.0	0.10098880120499597	0.0	0.0	0.0	0.27773954807154616	0.0	0.0	0.0	0.0	0.0	0.0	0.0	0.0	0.0	0.0	0.0	0.0	0.12739691950917548	0.0	0.0	0.04765428309363142	0.0	0.0	0.1166061465726574	0.0	0.0	0.0	0.0	0.0	0.0	0.0	0.0	0.0	0.0	0.0	0.0	0.09655309854246605	0.058994338058489415	0.0	0.0	0.0	0.0	0.0	0.0	0.0	0.0	0.0	0.0	0.0	0.0	0.0
Syn.Breast-AdenoCA::S.129	0.07968518517615832	0.046162503545833226	0.0	0.0	0.0	0.0	0.0	0.0	0.0	0.0	0.0	0.0	0.0	0.07170253323246803	0.0	0.0	0.0	0.08657094327953098	0.0	0.0	0.08619882344871677	0.0	0.0	0.0	0.0	0.0	0.04830694056703513	0.0	0.0	0.0	0.0	0.0	0.2799114858216216	0.18278898367570037	0.0	0.0	0.0	0.0	0.0	0.0	0.0	0.0	0.0	0.0	0.0	0.060005183522539515	0.05866741773039588	0.0	0.0	0.0	0.0	0.0	0.0	0.0	0.0	0.0	0.0	0.0	0.0	0.0
Syn.Breast-AdenoCA::S.130	0.06347155483577392	0.0	0.0	0.0	0.0	0.0	0.0	0.0	0.0	0.10528811853070111	0.0	0.0	0.0	0.0	0.0	0.0	0.0	0.07950812705585182	0.0	0.0	0.0684324976772856	0.0	0.0	0.0	0.0	0.0	0.0	0.0	0.0	0.0	0.0	0.0	0.0	0.0	0.0	0.0	0.0	0.0	0.0	0.0	0.0	0.0	0.0	0.0	0.0	0.6029417278020223	0.08035797409836527	0.0	0.0	0.0	0.0	0.0	0.0	0.0	0.0	0.0	0.0	0.0	0.0	0.0
Syn.Breast-AdenoCA::S.131	0.0	0.22786035018979775	0.0	0.0	0.0	0.0	0.0	0.0	0.0	0.0	0.0	0.0	0.0	0.0	0.0	0.0	0.0	0.1186101043216531	0.0	0.0	0.0	0.0	0.0	0.0	0.0	0.0	0.0	0.0	0.0	0.0	0.0	0.0	0.14839646355484853	0.0	0.0	0.0	0.0	0.0	0.0	0.0	0.30560243710719526	0.0	0.0	0.0	0.0	0.19953064482650548	0.0	0.0	0.0	0.0	0.0	0.0	0.0	0.0	0.0	0.0	0.0	0.0	0.0	0.0
Syn.Breast-AdenoCA::S.132	0.13221593666276546	0.0	0.0	0.0	0.0	0.0	0.0	0.0	0.0	0.0	0.0	0.0	0.0	0.2826982769092585	0.0	0.0	0.0	0.0	0.0	0.0	0.0	0.0	0.0	0.0	0.0	0.059683204639154	0.0	0.0	0.0	0.07113772161366193	0.0	0.0	0.14690057981373764	0.0	0.0	0.0	0.0	0.0	0.0	0.0	0.0	0.0	0.0	0.0	0.0	0.3073642803614225	0.0	0.0	0.0	0.0	0.0	0.0	0.0	0.0	0.0	0.0	0.0	0.0	0.0	0.0
Syn.Breast-AdenoCA::S.133	0.16632437193299132	0.05427867967443199	0.0	0.0	0.0	0.0	0.0	0.0	0.0	0.06202320581167013	0.0	0.0	0.0	0.12464716649125737	0.0	0.0	0.0	0.0	0.0	0.09268779780709618	0.08862765616440327	0.0	0.0	0.0	0.0	0.0	0.0	0.0	0.0	0.05471154645775842	0.0	0.0	0.3566995756603913	0.0	0.0	0.0	0.0	0.0	0.0	0.0	0.0	0.0	0.0	0.0	0.0	0.0	0.0	0.0	0.0	0.0	0.0	0.0	0.0	0.0	0.0	0.0	0.0	0.0	0.0	0.0
Syn.Breast-AdenoCA::S.134	0.1396385675058319	0.07513416859605312	0.08599329866493212	0.0	0.0	0.0	0.0	0.0	0.0	0.0	0.0	0.0	0.0	0.16749723264413838	0.0	0.0	0.0	0.048813250133037535	0.0	0.0	0.10139037122386489	0.0	0.0	0.08145826357342648	0.0	0.048409330781901794	0.07828338140894193	0.0	0.0	0.09894477866621605	0.0	0.0	0.0	0.0	0.0	0.0	0.0	0.0	0.0	0.0	0.0	0.0	0.0	0.0	0.0	0.0	0.07443735680165586	0.0	0.0	0.0	0.0	0.0	0.0	0.0	0.0	0.0	0.0	0.0	0.0	0.0
Syn.Breast-AdenoCA::S.135	0.11670531315986911	0.054195293771046066	0.0	0.0	0.0	0.0	0.0	0.0	0.0	0.1186525480869819	0.0	0.0	0.0	0.16124773294220732	0.10839391302898964	0.0	0.0	0.0	0.0	0.0	0.0	0.0	0.0	0.08657570416869323	0.0	0.0	0.0	0.0	0.0	0.0	0.0	0.0	0.13339735323283086	0.0	0.0	0.0	0.0	0.0	0.0	0.0	0.0	0.0	0.0	0.0	0.0	0.22083214160938183	0.0	0.0	0.0	0.0	0.0	0.0	0.0	0.0	0.0	0.0	0.0	0.0	0.0	0.0
Syn.Breast-AdenoCA::S.136	0.0	0.0	0.0	0.0	0.0	0.0	0.0	0.0	0.0	0.0	0.0	0.0	0.0	0.0	1.0	0.0	0.0	0.0	0.0	0.0	0.0	0.0	0.0	0.0	0.0	0.0	0.0	0.0	0.0	0.0	0.0	0.0	0.0	0.0	0.0	0.0	0.0	0.0	0.0	0.0	0.0	0.0	0.0	0.0	0.0	0.0	0.0	0.0	0.0	0.0	0.0	0.0	0.0	0.0	0.0	0.0	0.0	0.0	0.0	0.0
Syn.Breast-AdenoCA::S.137	0.24774660107022733	0.0	0.0	0.0	0.0	0.0	0.0	0.0	0.0	0.0	0.0	0.0	0.0	0.0	0.14333641368274339	0.0	0.0	0.10255074181800078	0.0	0.0	0.06964360078892382	0.0	0.0	0.10086180766173557	0.0	0.0	0.0	0.0	0.0	0.0	0.0	0.0	0.09758019322543394	0.0	0.0	0.0	0.0	0.0	0.0	0.0	0.13834017538175195	0.0	0.0	0.0	0.0	0.0	0.09994046637118315	0.0	0.0	0.0	0.0	0.0	0.0	0.0	0.0	0.0	0.0	0.0	0.0	0.0
Syn.Breast-AdenoCA::S.138	0.05334384123399967	0.0	0.0	0.0	0.0	0.0	0.0	0.0	0.0	0.12902295747340345	0.0	0.0	0.0	0.0	0.0	0.0	0.0	0.15429561859848737	0.0	0.0	0.0	0.0	0.0	0.0	0.0	0.0	0.12264544232110845	0.0	0.0	0.1136378952611651	0.0	0.0	0.0	0.0	0.0	0.0	0.0	0.0	0.0	0.0	0.21623113681249423	0.0	0.0	0.0	0.0	0.08627226000434508	0.12455084829499681	0.0	0.0	0.0	0.0	0.0	0.0	0.0	0.0	0.0	0.0	0.0	0.0	0.0
Syn.Breast-AdenoCA::S.139	0.05127818871463003	0.05356170008811724	0.05460848913700765	0.0	0.0	0.0	0.0	0.0	0.0	0.19810732446487997	0.0	0.0	0.0	0.09993318583810396	0.0	0.0	0.0	0.0	0.0	0.04707318595123005	0.055277367216140176	0.0	0.0	0.0	0.0	0.0	0.11349229654646747	0.0	0.0	0.08392634068097064	0.0	0.0	0.0	0.06580722635407933	0.0	0.0	0.0	0.0	0.0	0.0	0.10879082686466646	0.0	0.0	0.0	0.0	0.0	0.06814386814370707	0.0	0.0	0.0	0.0	0.0	0.0	0.0	0.0	0.0	0.0	0.0	0.0	0.0
Syn.Breast-AdenoCA::S.140	0.06646242589359283	0.10910132487779772	0.0	0.0	0.0	0.0	0.0	0.0	0.0	0.0	0.0	0.0	0.0	0.0	0.1912695131143168	0.0	0.0	0.0	0.0	0.0	0.0	0.0	0.0	0.0	0.0	0.0	0.0	0.0	0.0	0.0	0.0	0.0	0.34628960033581596	0.07683752437116345	0.0	0.0	0.0	0.0	0.0	0.0	0.12840858035351	0.0	0.0	0.0	0.0	0.0	0.08163103105380329	0.0	0.0	0.0	0.0	0.0	0.0	0.0	0.0	0.0	0.0	0.0	0.0	0.0
Syn.Breast-AdenoCA::S.141	0.1366963916356142	0.0	0.0	0.0	0.0	0.0	0.0	0.0	0.0	0.19085206285238676	0.0	0.0	0.0	0.0	0.13009171253907223	0.0	0.0	0.06124107851968975	0.0	0.0	0.06086878810108828	0.0	0.0	0.0	0.0	0.0	0.13490821800087716	0.0	0.0	0.0	0.0	0.0	0.0	0.06698537753635458	0.0	0.0	0.0	0.0	0.0	0.0	0.14000432378311964	0.0	0.0	0.0	0.0	0.0	0.07835204703179756	0.0	0.0	0.0	0.0	0.0	0.0	0.0	0.0	0.0	0.0	0.0	0.0	0.0
Syn.Breast-AdenoCA::S.142	0.09348764556357607	0.04812342278988145	0.0	0.0	0.0	0.0	0.0	0.0	0.0	0.0	0.0	0.0	0.0	0.16099832348597876	0.11713070725001126	0.0	0.0	0.0	0.0	0.0	0.0659751618729289	0.0	0.0	0.0	0.0	0.0	0.0	0.0	0.0	0.10058067950158926	0.0	0.0	0.2477648486652637	0.0	0.0	0.0	0.0	0.0	0.0	0.0	0.0937027988675904	0.0	0.0	0.0	0.0	0.0	0.0722364120031802	0.0	0.0	0.0	0.0	0.0	0.0	0.0	0.0	0.0	0.0	0.0	0.0	0.0
Syn.Breast-AdenoCA::S.143	0.0	0.0	0.0	0.0	0.0	0.0	0.0	0.0	0.0	0.0990604612026195	0.0	0.0	0.0	0.06593468317647365	0.07874585211797105	0.0	0.0	0.0	0.0	0.0	0.0	0.0	0.0	0.0440176596873691	0.0	0.0	0.06356843237288864	0.0	0.0	0.03778321407363937	0.0	0.0	0.4821746891739141	0.0	0.0	0.0	0.0	0.0	0.0	0.0	0.0	0.0	0.0	0.0	0.0	0.05229843497847991	0.07641657321664469	0.0	0.0	0.0	0.0	0.0	0.0	0.0	0.0	0.0	0.0	0.0	0.0	0.0
Syn.Breast-AdenoCA::S.144	0.13949964603905818	0.0514052056800152	0.07644622510458397	0.0	0.0	0.0	0.0	0.0	0.0	0.0	0.0	0.0	0.0	0.08204322727797224	0.0	0.0	0.0	0.0	0.0	0.0	0.053654264820593406	0.0	0.0	0.0	0.0	0.0	0.0	0.0	0.0	0.0	0.0	0.0	0.0	0.07791748250718375	0.0	0.0	0.0	0.0	0.0	0.0	0.0	0.0	0.0	0.0	0.0	0.5190339485705933	0.0	0.0	0.0	0.0	0.0	0.0	0.0	0.0	0.0	0.0	0.0	0.0	0.0	0.0
Syn.Breast-AdenoCA::S.145	0.048706535574152256	0.0	0.0940494700593618	0.0	0.0	0.0	0.0	0.0	0.0	0.2200863947753492	0.0	0.0	0.0	0.14402985518900388	0.0	0.0	0.0	0.0	0.0	0.0	0.0	0.0	0.0	0.0	0.0	0.0	0.08655562028119271	0.0	0.0	0.05666925879765881	0.0	0.0	0.14621782606397363	0.0	0.0	0.0	0.0	0.0	0.0	0.0	0.0	0.0	0.0	0.0	0.0	0.20368503925930775	0.0	0.0	0.0	0.0	0.0	0.0	0.0	0.0	0.0	0.0	0.0	0.0	0.0	0.0
Syn.Breast-AdenoCA::S.146	0.07414987289873329	0.052800252138469776	0.0	0.0	0.0	0.0	0.0	0.0	0.0	0.05586003865598845	0.0	0.0	0.0	0.1385049307881366	0.4315798750852858	0.0	0.0	0.060072523683616215	0.0	0.0	0.0	0.0	0.0	0.0	0.0	0.05550440402067123	0.0	0.0	0.0	0.0	0.0	0.0	0.059750507940573114	0.0	0.0	0.0	0.0	0.0	0.0	0.0	0.0	0.0	0.0	0.0	0.0	0.0	0.07177759478852537	0.0	0.0	0.0	0.0	0.0	0.0	0.0	0.0	0.0	0.0	0.0	0.0	0.0
Syn.Breast-AdenoCA::S.147	0.07914904981097438	0.15697903036239097	0.0	0.0	0.0	0.0	0.0	0.0	0.0	0.0	0.0	0.0	0.0	0.27999665532678075	0.0	0.0	0.0	0.0	0.0	0.0	0.0	0.0	0.0	0.0	0.0	0.0	0.0	0.0	0.0	0.11813710032866871	0.0	0.0	0.0	0.0	0.0	0.0	0.0	0.0	0.0	0.0	0.0	0.0	0.0	0.0	0.0	0.24330257392007587	0.12243559025110935	0.0	0.0	0.0	0.0	0.0	0.0	0.0	0.0	0.0	0.0	0.0	0.0	0.0
Syn.Breast-AdenoCA::S.148	0.07060601720737142	0.0	0.054342116964335586	0.0	0.0	0.0	0.0	0.0	0.0	0.06473437984346202	0.0	0.0	0.0	0.14737159286577736	0.0	0.0	0.0	0.0	0.0	0.0	0.05275099106600904	0.0	0.0	0.0	0.0	0.07613877042389858	0.0	0.0	0.0	0.0435065580944748	0.0	0.0	0.19973298163769485	0.0	0.0	0.0	0.0	0.0	0.0	0.0	0.0	0.0	0.0	0.0	0.0	0.07125332354546478	0.2195632683515115	0.0	0.0	0.0	0.0	0.0	0.0	0.0	0.0	0.0	0.0	0.0	0.0	0.0
Syn.Breast-AdenoCA::S.149	0.0	0.0	0.0	0.0	0.0	0.0	0.0	0.0	0.0	0.4983170708071979	0.0	0.0	0.0	0.0	0.3279473235641397	0.0	0.0	0.0	0.0	0.0	0.0	0.0	0.0	0.0	0.0	0.0	0.0	0.0	0.0	0.0	0.0	0.0	0.17373560562866244	0.0	0.0	0.0	0.0	0.0	0.0	0.0	0.0	0.0	0.0	0.0	0.0	0.0	0.0	0.0	0.0	0.0	0.0	0.0	0.0	0.0	0.0	0.0	0.0	0.0	0.0	0.0
Syn.Breast-AdenoCA::S.150	0.03797695812172126	0.057137181104351224	0.0	0.0	0.0	0.0	0.0	0.0	0.0	0.0	0.0	0.0	0.0	0.18596272096391986	0.0	0.0	0.0	0.0	0.0	0.0	0.10632818788986159	0.0	0.0	0.1433326783282923	0.0	0.0	0.08389769454650908	0.0	0.0	0.041665495025786675	0.0	0.0	0.18273938898371314	0.0	0.0	0.0	0.0	0.0	0.0	0.0	0.0	0.0	0.0	0.0	0.0	0.09943566704819633	0.06152402798764854	0.0	0.0	0.0	0.0	0.0	0.0	0.0	0.0	0.0	0.0	0.0	0.0	0.0
Syn.Breast-AdenoCA::S.151	0.16573600651059836	0.0	0.0	0.0	0.0	0.0	0.0	0.0	0.0	0.0	0.0	0.0	0.0	0.08078922252647612	0.0	0.0	0.0	0.0	0.0	0.0	0.0	0.0	0.0	0.0	0.0	0.0	0.0	0.0	0.0	0.0	0.0	0.0	0.685178999562302	0.0	0.0	0.0	0.0	0.0	0.0	0.0	0.0	0.0	0.0	0.0	0.0	0.0682957714006235	0.0	0.0	0.0	0.0	0.0	0.0	0.0	0.0	0.0	0.0	0.0	0.0	0.0	0.0
Syn.Breast-AdenoCA::S.152	0.0778714433829452	0.0	0.0	0.0	0.0	0.0	0.0	0.0	0.0	0.0	0.0	0.0	0.0	0.09932193830153278	0.6115953721335273	0.0	0.0	0.0	0.0	0.0	0.0	0.0	0.0	0.0	0.0	0.0	0.0	0.0	0.0	0.0	0.0	0.0	0.10976662877831253	0.0	0.0	0.0	0.0	0.0	0.0	0.0	0.10144461740368212	0.0	0.0	0.0	0.0	0.0	0.0	0.0	0.0	0.0	0.0	0.0	0.0	0.0	0.0	0.0	0.0	0.0	0.0	0.0
Syn.Breast-AdenoCA::S.153	0.13594126647948895	0.033102022129645685	0.0	0.0	0.0	0.0	0.0	0.0	0.0	0.0	0.0	0.0	0.0	0.1792984130188701	0.06829119863655339	0.0	0.0	0.06523160651954114	0.0	0.0	0.04588736778750532	0.0	0.0	0.0	0.0	0.0	0.06499189277070257	0.0	0.0	0.0	0.0	0.0	0.2946457710423314	0.04312457188935225	0.0	0.0	0.0	0.0	0.0	0.0	0.03587542541417658	0.0	0.0	0.0	0.0	0.0	0.0336104643118328	0.0	0.0	0.0	0.0	0.0	0.0	0.0	0.0	0.0	0.0	0.0	0.0	0.0
Syn.Breast-AdenoCA::S.154	0.06171326130384051	0.0	0.0	0.0	0.0	0.0	0.0	0.0	0.0	0.06449468852765708	0.0	0.0	0.0	0.22662578506998557	0.0	0.0	0.0	0.0	0.0	0.0	0.0	0.0	0.0	0.0	0.0	0.0	0.1030656981352559	0.0	0.0	0.0	0.0	0.0	0.12387106851188465	0.08305809801878143	0.0	0.0	0.0	0.0	0.0	0.0	0.10452174089389214	0.0	0.0	0.0	0.0	0.13722670711079082	0.09542295242791188	0.0	0.0	0.0	0.0	0.0	0.0	0.0	0.0	0.0	0.0	0.0	0.0	0.0
Syn.Breast-AdenoCA::S.155	0.1562296014043082	0.0	0.10445381679338954	0.0	0.0	0.0	0.0	0.0	0.0	0.0	0.0	0.0	0.0	0.1391598289899042	0.06312705240167775	0.0	0.0	0.0	0.0	0.0896242549793277	0.0	0.0	0.0	0.0	0.0	0.0	0.0	0.0	0.0	0.0	0.0	0.0	0.2614888285352071	0.0	0.0	0.0	0.0	0.0	0.0	0.0	0.07771803059439525	0.0	0.0	0.0	0.0	0.10819858630179024	0.0	0.0	0.0	0.0	0.0	0.0	0.0	0.0	0.0	0.0	0.0	0.0	0.0	0.0
Syn.Breast-AdenoCA::S.156	0.0	0.0	0.0	0.0	0.0	0.0	0.0	0.0	0.0	0.0	0.0	0.0	0.0	0.0	0.0	0.0	0.0	0.0	0.0	0.0	0.0	0.0	0.0	0.0	0.0	0.0423865861319606	0.0	0.0	0.0	0.0	0.0	0.0	0.8541380169013653	0.0	0.0	0.0	0.0	0.0	0.0	0.0	0.0	0.0	0.0	0.0	0.0	0.0	0.1034753969666742	0.0	0.0	0.0	0.0	0.0	0.0	0.0	0.0	0.0	0.0	0.0	0.0	0.0
Syn.Breast-AdenoCA::S.157	0.13451927998902738	0.10794277878594274	0.0	0.0	0.0	0.0	0.0	0.0	0.0	0.0	0.0	0.0	0.0	0.0	0.10283654838203268	0.0	0.0	0.0	0.0	0.0	0.1073824653259846	0.0	0.0	0.12442719388371147	0.0	0.0	0.0	0.0	0.0	0.0	0.0	0.0	0.3011444214365476	0.0	0.0	0.0	0.0	0.0	0.0	0.0	0.0	0.0	0.0	0.0	0.0	0.0	0.12174731219675347	0.0	0.0	0.0	0.0	0.0	0.0	0.0	0.0	0.0	0.0	0.0	0.0	0.0
Syn.Breast-AdenoCA::S.158	0.0	0.3256090108789348	0.0	0.0	0.0	0.0	0.0	0.0	0.0	0.0	0.0	0.0	0.0	0.0	0.0	0.0	0.0	0.0	0.0	0.0	0.0	0.0	0.0	0.0	0.0	0.0	0.0	0.0	0.0	0.2253594450091374	0.0	0.0	0.44903154411192786	0.0	0.0	0.0	0.0	0.0	0.0	0.0	0.0	0.0	0.0	0.0	0.0	0.0	0.0	0.0	0.0	0.0	0.0	0.0	0.0	0.0	0.0	0.0	0.0	0.0	0.0	0.0
Syn.Breast-AdenoCA::S.159	0.15602747158055544	0.0	0.22058173034766113	0.0	0.0	0.0	0.0	0.0	0.0	0.11799364424046646	0.0	0.0	0.0	0.07963259448914986	0.0	0.0	0.0	0.0	0.0	0.0	0.0	0.0	0.0	0.0	0.0	0.0	0.0	0.0	0.0	0.0	0.0	0.0	0.17505713312188098	0.0	0.0	0.0	0.0	0.0	0.0	0.0	0.0	0.0	0.0	0.0	0.0	0.15886330813113275	0.09184411808915337	0.0	0.0	0.0	0.0	0.0	0.0	0.0	0.0	0.0	0.0	0.0	0.0	0.0
Syn.Breast-AdenoCA::S.160	0.17582203726294787	0.07958259064013878	0.0	0.0	0.0	0.0	0.0	0.0	0.0	0.15163875747919922	0.0	0.0	0.0	0.13944112233275482	0.0	0.0	0.0	0.0	0.0	0.0	0.0	0.0	0.0	0.0	0.0	0.0730671038839078	0.0	0.0	0.0	0.0	0.0	0.0	0.0	0.0	0.0	0.0	0.0	0.0	0.0	0.0	0.11701412601655836	0.0	0.0	0.0	0.0	0.12288481280818701	0.14054944957630605	0.0	0.0	0.0	0.0	0.0	0.0	0.0	0.0	0.0	0.0	0.0	0.0	0.0
Syn.Breast-AdenoCA::S.161	0.0	0.0	0.0	0.0	0.0	0.0	0.0	0.0	0.0	0.6330177003685761	0.0	0.0	0.0	0.0	0.0	0.0	0.0	0.06076283423091283	0.0	0.0	0.0	0.0	0.0	0.06322792603676658	0.0	0.0	0.0	0.0	0.0	0.0	0.0	0.0	0.0	0.0	0.0	0.0	0.0	0.0	0.0	0.0	0.0	0.0	0.0	0.0	0.0	0.12734339654345228	0.11564814282029229	0.0	0.0	0.0	0.0	0.0	0.0	0.0	0.0	0.0	0.0	0.0	0.0	0.0
Syn.Breast-AdenoCA::S.162	0.0	0.05841012730463229	0.0	0.0	0.0	0.0	0.0	0.0	0.0	0.05959660904634711	0.0	0.0	0.0	0.11487969205879983	0.08637772892858507	0.0	0.0	0.0	0.0	0.0	0.0	0.0	0.0	0.0	0.0	0.0	0.0	0.0	0.0	0.0	0.0	0.0	0.4325267765173273	0.0	0.0	0.0	0.0	0.0	0.0	0.0	0.0921687284974493	0.0	0.0	0.0	0.0	0.08125121992869583	0.07478911771816324	0.0	0.0	0.0	0.0	0.0	0.0	0.0	0.0	0.0	0.0	0.0	0.0	0.0
Syn.Breast-AdenoCA::S.163	0.0	0.0	0.0	0.0	0.0	0.0	0.0	0.0	0.0	0.5038290291315334	0.0	0.0	0.0	0.0	0.0	0.0	0.0	0.0	0.0	0.0	0.0	0.0	0.0	0.0	0.0	0.0	0.07972997236908112	0.0	0.0	0.13035742858990984	0.0	0.0	0.0	0.0	0.0	0.0	0.0	0.0	0.0	0.0	0.0	0.0	0.0	0.0	0.0	0.05576023092710481	0.09875497182558073	0.13156836715679004	0.0	0.0	0.0	0.0	0.0	0.0	0.0	0.0	0.0	0.0	0.0	0.0
Syn.Breast-AdenoCA::S.164	0.13231432629476136	0.0	0.08897610829279134	0.0	0.0	0.0	0.0	0.0	0.0	0.29037575136993415	0.0	0.0	0.0	0.18497293633560224	0.0	0.0	0.0	0.0	0.0	0.0	0.0	0.0	0.0	0.0	0.0	0.0	0.0	0.0	0.0	0.06119897589505888	0.0	0.0	0.0	0.0	0.0	0.0	0.0	0.0	0.0	0.0	0.0	0.0	0.0	0.0	0.0	0.16756384861458454	0.07459805319726746	0.0	0.0	0.0	0.0	0.0	0.0	0.0	0.0	0.0	0.0	0.0	0.0	0.0
Syn.Breast-AdenoCA::S.165	0.05684490516559185	0.0	0.5208157992503566	0.0	0.0	0.0	0.0	0.0	0.0	0.06648092920280509	0.0	0.0	0.0	0.11188402286640922	0.09300324602430811	0.0	0.0	0.0	0.0	0.0	0.0	0.0	0.0	0.0	0.0	0.0	0.0	0.0	0.0	0.04728303048097727	0.0	0.0	0.0	0.0	0.0	0.0	0.0	0.0	0.0	0.0	0.10368806700955184	0.0	0.0	0.0	0.0	0.0	0.0	0.0	0.0	0.0	0.0	0.0	0.0	0.0	0.0	0.0	0.0	0.0	0.0	0.0
Syn.Breast-AdenoCA::S.166	0.09193032920730403	0.11793032215415178	0.08846720014304978	0.0	0.0	0.0	0.0	0.0	0.0	0.13660312811086822	0.0	0.0	0.0	0.0	0.05036551245630351	0.0	0.0	0.0	0.0	0.0	0.0	0.0	0.0	0.0	0.0	0.0	0.06592179686310529	0.0	0.0	0.10883318302738226	0.0	0.0	0.27859741484230205	0.0	0.0	0.0	0.0	0.0	0.0	0.0	0.061351113195533	0.0	0.0	0.0	0.0	0.0	0.0	0.0	0.0	0.0	0.0	0.0	0.0	0.0	0.0	0.0	0.0	0.0	0.0	0.0
Syn.Breast-AdenoCA::S.167	0.1637322866553739	0.0	0.0	0.0	0.0	0.0	0.0	0.0	0.0	0.16026730132636072	0.0	0.0	0.0	0.0	0.29213512422246285	0.0	0.0	0.0	0.0	0.0	0.0	0.0	0.0	0.0	0.0	0.0	0.08586172764650032	0.0	0.0	0.1535996793906289	0.0	0.0	0.0	0.1444038807586733	0.0	0.0	0.0	0.0	0.0	0.0	0.0	0.0	0.0	0.0	0.0	0.0	0.0	0.0	0.0	0.0	0.0	0.0	0.0	0.0	0.0	0.0	0.0	0.0	0.0	0.0
Syn.Breast-AdenoCA::S.168	0.05704321275004059	0.0	0.0	0.0	0.0	0.0	0.0	0.0	0.0	0.3191876512604504	0.0	0.0	0.0	0.0	0.0	0.0	0.0	0.11528643976590298	0.0	0.0	0.0	0.0	0.0	0.0	0.0	0.0	0.0	0.0	0.0	0.0	0.0	0.0	0.3531056264648641	0.0	0.0	0.0	0.0	0.0	0.0	0.0	0.0	0.0	0.0	0.0	0.0	0.06387833950807571	0.09149873025066638	0.0	0.0	0.0	0.0	0.0	0.0	0.0	0.0	0.0	0.0	0.0	0.0	0.0
Syn.Breast-AdenoCA::S.169	0.0	0.18534594140635113	0.3373644559029274	0.0	0.0	0.0	0.0	0.0	0.0	0.24744497549179292	0.0	0.0	0.0	0.0	0.09452133411482994	0.0	0.0	0.0	0.0	0.0	0.0	0.0	0.0	0.0	0.0	0.0	0.0	0.0	0.0	0.13532329308409866	0.0	0.0	0.0	0.0	0.0	0.0	0.0	0.0	0.0	0.0	0.0	0.0	0.0	0.0	0.0	0.0	0.0	0.0	0.0	0.0	0.0	0.0	0.0	0.0	0.0	0.0	0.0	0.0	0.0	0.0
Syn.Breast-AdenoCA::S.170	0.07557864265467716	0.0	0.0	0.0	0.0	0.0	0.0	0.0	0.0	0.09352492803660281	0.0	0.0	0.0	0.0	0.07409995763829269	0.0	0.0	0.07069707732310594	0.0	0.0	0.09754594165832917	0.0	0.0	0.0	0.0	0.11786088649123021	0.07787164194479013	0.0	0.0	0.0	0.0	0.0	0.39282092425297194	0.0	0.0	0.0	0.0	0.0	0.0	0.0	0.0	0.0	0.0	0.0	0.0	0.0	0.0	0.0	0.0	0.0	0.0	0.0	0.0	0.0	0.0	0.0	0.0	0.0	0.0	0.0
Syn.Breast-AdenoCA::S.171	0.0	0.0	0.0	0.0	0.0	0.0	0.0	0.0	0.0	0.14538328931788072	0.0	0.0	0.0	0.0	0.09108411738226185	0.0	0.0	0.0	0.0	0.0	0.0	0.0	0.0	0.0	0.0	0.05351391158311245	0.07432834095461058	0.0	0.0	0.0	0.0	0.0	0.40672630619319866	0.0	0.0	0.0	0.0	0.0	0.0	0.0	0.0	0.0	0.0	0.0	0.0	0.12370910044971047	0.10525493411922537	0.0	0.0	0.0	0.0	0.0	0.0	0.0	0.0	0.0	0.0	0.0	0.0	0.0
Syn.Breast-AdenoCA::S.172	0.04742029844118944	0.0	0.18472451703888199	0.0	0.0	0.0	0.0	0.0	0.0	0.0814516935642484	0.0	0.0	0.0	0.09096064775860428	0.06963655894078827	0.0	0.0	0.07008222749074505	0.0	0.0	0.0	0.0	0.0	0.0	0.0	0.0	0.08937616341638899	0.0	0.0	0.129857731658069	0.0	0.0	0.0	0.052438027804053815	0.0	0.0	0.0	0.0	0.0	0.0	0.0	0.0	0.0	0.0	0.0	0.18405213388703076	0.0	0.0	0.0	0.0	0.0	0.0	0.0	0.0	0.0	0.0	0.0	0.0	0.0	0.0
Syn.Breast-AdenoCA::S.173	0.16305222227705723	0.07221226373519882	0.0	0.0	0.0	0.0	0.0	0.0	0.0	0.1769477511433411	0.0	0.0	0.0	0.0	0.0	0.0	0.0	0.05895391731386154	0.0	0.0	0.10350370250633968	0.0	0.0	0.0	0.0	0.0	0.06077786621208665	0.0	0.0	0.0	0.0	0.0	0.2237871537915421	0.0	0.0	0.0	0.0	0.0	0.0	0.0	0.0	0.0	0.0	0.0	0.0	0.0	0.07273161514902085	0.06803350787155191	0.0	0.0	0.0	0.0	0.0	0.0	0.0	0.0	0.0	0.0	0.0	0.0
Syn.Breast-AdenoCA::S.174	0.0669055311017237	0.04356482091555605	0.0	0.0	0.0	0.0	0.0	0.0	0.0	0.08809060897607957	0.0	0.0	0.0	0.1184129867897799	0.0	0.0	0.0	0.0	0.0	0.07043338451071446	0.0	0.0	0.0	0.0	0.0	0.0	0.06534244160233765	0.0	0.0	0.06167719952511286	0.0	0.0	0.2885903768308939	0.0	0.0	0.0	0.0	0.0	0.0	0.0	0.0	0.0	0.0	0.0	0.0	0.1969826497478019	0.0	0.0	0.0	0.0	0.0	0.0	0.0	0.0	0.0	0.0	0.0	0.0	0.0	0.0
Syn.Breast-AdenoCA::S.175	0.0	0.0	0.0	0.0	0.0	0.0	0.0	0.0	0.0	0.0	0.0	0.0	0.0	0.0	0.496518212220153	0.0	0.0	0.0	0.0	0.0	0.0	0.0	0.0	0.0	0.0	0.0	0.1299817830680581	0.0	0.0	0.0	0.0	0.0	0.0	0.19755060144238448	0.0	0.0	0.0	0.0	0.0	0.0	0.1759494032694044	0.0	0.0	0.0	0.0	0.0	0.0	0.0	0.0	0.0	0.0	0.0	0.0	0.0	0.0	0.0	0.0	0.0	0.0	0.0
Syn.Breast-AdenoCA::S.176	0.06600441786069404	0.0897702052921995	0.0	0.0	0.0	0.0	0.0	0.0	0.0	0.06637605314779367	0.0	0.0	0.0	0.07258772579889702	0.0	0.0	0.0	0.0	0.0	0.0	0.0	0.0	0.0	0.0	0.0	0.0	0.0	0.0	0.0	0.0	0.0	0.0	0.5785795840162347	0.0	0.0	0.0	0.0	0.0	0.0	0.0	0.0	0.0	0.0	0.0	0.0	0.0	0.12668201388418118	0.0	0.0	0.0	0.0	0.0	0.0	0.0	0.0	0.0	0.0	0.0	0.0	0.0
Syn.Breast-AdenoCA::S.177	0.1402388545339625	0.0	0.0	0.0	0.0	0.0	0.0	0.0	0.0	0.15005051248987486	0.0	0.0	0.0	0.0	0.0	0.0	0.0	0.0	0.0	0.0	0.0	0.0	0.0	0.0	0.0	0.0	0.0	0.0	0.0	0.0	0.0	0.0	0.0	0.0	0.0	0.0	0.0	0.0	0.0	0.0	0.0	0.0	0.0	0.0	0.0	0.5230897980470642	0.18662083492909837	0.0	0.0	0.0	0.0	0.0	0.0	0.0	0.0	0.0	0.0	0.0	0.0	0.0
Syn.Breast-AdenoCA::S.178	0.05431793575035808	0.0	0.0	0.0	0.0	0.0	0.0	0.0	0.0	0.20868191273687106	0.0	0.0	0.0	0.045796486269400555	0.0	0.0	0.0	0.06049968051364412	0.0	0.03243118572264393	0.0	0.0	0.0	0.0	0.0	0.0	0.045396025125131474	0.0	0.0	0.1627286860708088	0.0	0.0	0.0988738575380763	0.0	0.0	0.0	0.0	0.0	0.0	0.0	0.0	0.0	0.0	0.0	0.0	0.17251762707280316	0.08008211760938702	0.038674485590875364	0.0	0.0	0.0	0.0	0.0	0.0	0.0	0.0	0.0	0.0	0.0	0.0
Syn.Breast-AdenoCA::S.179	0.04019330921550924	0.0663348305416144	0.0	0.0	0.0	0.0	0.0	0.0	0.0	0.08066521242085835	0.0	0.0	0.0	0.0	0.0	0.0	0.0	0.0	0.0	0.0	0.0	0.0	0.0	0.0	0.0	0.0	0.0	0.0	0.0	0.0	0.0	0.0	0.5823504320785212	0.0	0.0	0.0	0.0	0.0	0.0	0.0	0.11333969138528698	0.0	0.0	0.0	0.0	0.0433109865859446	0.07380553777226516	0.0	0.0	0.0	0.0	0.0	0.0	0.0	0.0	0.0	0.0	0.0	0.0	0.0
Syn.Breast-AdenoCA::S.180	0.049774137073566045	0.16904984392525935	0.08981592354483128	0.0	0.0	0.0	0.0	0.0	0.0	0.09196349928835215	0.0	0.0	0.0	0.2373580477387514	0.0	0.0	0.0	0.0	0.0	0.0	0.0	0.0	0.0	0.0	0.0	0.0	0.14316128061705977	0.0	0.0	0.0924731213209643	0.0	0.0	0.12640414649121584	0.0	0.0	0.0	0.0	0.0	0.0	0.0	0.0	0.0	0.0	0.0	0.0	0.0	0.0	0.0	0.0	0.0	0.0	0.0	0.0	0.0	0.0	0.0	0.0	0.0	0.0	0.0
Syn.Breast-AdenoCA::S.181	0.0689105301590736	0.11385713515862747	0.0	0.0	0.0	0.0	0.0	0.0	0.0	0.5912416591110717	0.0	0.0	0.0	0.0	0.0	0.0	0.0	0.0	0.0	0.0	0.0	0.0	0.0	0.0	0.0	0.0	0.12006256845572494	0.0	0.0	0.0	0.0	0.0	0.0	0.0	0.0	0.0	0.0	0.0	0.0	0.0	0.0	0.0	0.0	0.0	0.0	0.0	0.10592810711550228	0.0	0.0	0.0	0.0	0.0	0.0	0.0	0.0	0.0	0.0	0.0	0.0	0.0
Syn.Breast-AdenoCA::S.182	0.05188323100871794	0.0	0.3480344098339181	0.0	0.0	0.0	0.0	0.0	0.0	0.0	0.0	0.0	0.0	0.11181289034164459	0.16601776088990994	0.0	0.0	0.0	0.0	0.0	0.0	0.0	0.0	0.0	0.0	0.0	0.0	0.0	0.0	0.05442076588319459	0.0	0.0	0.2678309420426148	0.0	0.0	0.0	0.0	0.0	0.0	0.0	0.0	0.0	0.0	0.0	0.0	0.0	0.0	0.0	0.0	0.0	0.0	0.0	0.0	0.0	0.0	0.0	0.0	0.0	0.0	0.0
Syn.Breast-AdenoCA::S.183	0.2575389580481353	0.0	0.0	0.0	0.0	0.0	0.0	0.0	0.0	0.17914811242971587	0.0	0.0	0.0	0.1773302870804948	0.24155127100212798	0.0	0.0	0.0	0.0	0.0	0.0	0.0	0.0	0.0	0.0	0.0	0.14443137143952597	0.0	0.0	0.0	0.0	0.0	0.0	0.0	0.0	0.0	0.0	0.0	0.0	0.0	0.0	0.0	0.0	0.0	0.0	0.0	0.0	0.0	0.0	0.0	0.0	0.0	0.0	0.0	0.0	0.0	0.0	0.0	0.0	0.0
Syn.Breast-AdenoCA::S.184	0.13000609611434977	0.027365373904137888	0.0	0.0	0.0	0.0	0.0	0.0	0.0	0.0	0.0	0.0	0.0	0.11126479348890791	0.0	0.0	0.0	0.0	0.0	0.0	0.06059804532594714	0.0	0.0	0.0	0.0	0.0332800830737046	0.08500807391235506	0.0	0.0	0.05412381588880856	0.0	0.0	0.446116042948079	0.0	0.0	0.0	0.0	0.0	0.0	0.0	0.0	0.0	0.0	0.0	0.0	0.0	0.05223767534371017	0.0	0.0	0.0	0.0	0.0	0.0	0.0	0.0	0.0	0.0	0.0	0.0	0.0
Syn.Breast-AdenoCA::S.185	0.07844760876807928	0.0	0.1302281587094945	0.0	0.0	0.0	0.0	0.0	0.0	0.10657630114675708	0.0	0.0	0.0	0.0	0.0	0.0	0.0	0.0	0.0	0.0	0.0	0.0	0.0	0.0	0.0	0.0	0.1490060740906335	0.0	0.0	0.10327290066698261	0.0	0.0	0.0	0.0	0.0	0.0	0.0	0.0	0.0	0.0	0.0	0.0	0.0	0.0	0.0	0.24154073123984324	0.19092822537820975	0.0	0.0	0.0	0.0	0.0	0.0	0.0	0.0	0.0	0.0	0.0	0.0	0.0
Syn.Breast-AdenoCA::S.186	0.06662784381708436	0.06987373094951642	0.0	0.0	0.0	0.0	0.0	0.0	0.0	0.09962744238364883	0.0	0.0	0.0	0.06174017470833231	0.0	0.0	0.0	0.0	0.0	0.0	0.0	0.0	0.0	0.0	0.0	0.05701198835664614	0.05503404732614163	0.0	0.0	0.048610476457128654	0.0	0.0	0.13348865611051847	0.0	0.0	0.0	0.0	0.0	0.0	0.0	0.0	0.0	0.0	0.0	0.0	0.34910258587371146	0.0588830540172716	0.0	0.0	0.0	0.0	0.0	0.0	0.0	0.0	0.0	0.0	0.0	0.0	0.0
Syn.Breast-AdenoCA::S.187	0.0531890729502634	0.02652369018312648	0.052777025213868255	0.0	0.0	0.0	0.0	0.0	0.0	0.5075276718773152	0.0	0.0	0.0	0.0	0.0	0.0	0.0	0.038689863930974316	0.0	0.0	0.0	0.0	0.0	0.0	0.0	0.0	0.0	0.0	0.0	0.03945653210126722	0.0	0.0	0.20656167547869578	0.0	0.0	0.0	0.0	0.0	0.0	0.0	0.034133619173572494	0.0	0.0	0.0	0.0	0.0	0.04114084909091682	0.0	0.0	0.0	0.0	0.0	0.0	0.0	0.0	0.0	0.0	0.0	0.0	0.0
Syn.Breast-AdenoCA::S.188	0.13085357713012172	0.043968495664665215	0.0	0.0	0.0	0.0	0.0	0.0	0.0	0.0	0.0	0.0	0.0	0.0905971131365705	0.0	0.0	0.0	0.05879780454413792	0.0	0.0	0.0	0.0	0.0	0.15420582200655159	0.0	0.0	0.0	0.0	0.0	0.061502313705684014	0.0	0.0	0.1568308468666788	0.0	0.0	0.0	0.0	0.0	0.0	0.0	0.0	0.0	0.0	0.0	0.0	0.11838081783444591	0.09702291601097017	0.08784029310017412	0.0	0.0	0.0	0.0	0.0	0.0	0.0	0.0	0.0	0.0	0.0	0.0
Syn.Breast-AdenoCA::S.189	0.09727359727894513	0.06748771652139812	0.0	0.0	0.0	0.0	0.0	0.0	0.0	0.19976856968296655	0.0	0.0	0.0	0.08042915084298029	0.04039464149487273	0.0	0.0	0.04831988908054953	0.0	0.0	0.06546958624665641	0.0	0.0	0.0	0.0	0.05324441115215174	0.0	0.0	0.0	0.0	0.0	0.0	0.20162733336757852	0.0	0.0	0.0	0.0	0.0	0.0	0.0	0.062461904111257904	0.0	0.0	0.0	0.0	0.0	0.0835232002206431	0.0	0.0	0.0	0.0	0.0	0.0	0.0	0.0	0.0	0.0	0.0	0.0	0.0
Syn.Breast-AdenoCA::S.190	0.1478556655803248	0.056897745263462855	0.12001902983498061	0.0	0.0	0.0	0.0	0.0	0.0	0.0	0.0	0.0	0.0	0.07172177518866092	0.0	0.0	0.0	0.0	0.0	0.11637658538442688	0.0	0.0	0.0	0.0	0.0	0.19842529592097724	0.08750648644753543	0.0	0.0	0.1110228205815095	0.0	0.0	0.0	0.0	0.0	0.0	0.0	0.0	0.0	0.0	0.0	0.0	0.0	0.0	0.0	0.09017459579812173	0.0	0.0	0.0	0.0	0.0	0.0	0.0	0.0	0.0	0.0	0.0	0.0	0.0	0.0
Syn.Breast-AdenoCA::S.191	0.15775264941092743	0.0	0.0	0.0	0.0	0.0	0.0	0.0	0.0	0.0	0.0	0.0	0.0	0.1957780837794918	0.19472819958907178	0.0	0.0	0.0	0.0	0.0	0.0	0.0	0.0	0.0	0.0	0.0	0.0	0.0	0.0	0.0	0.0	0.0	0.25184823237187903	0.0	0.0	0.0	0.0	0.0	0.0	0.0	0.0	0.0	0.0	0.0	0.0	0.0	0.19989283484863	0.0	0.0	0.0	0.0	0.0	0.0	0.0	0.0	0.0	0.0	0.0	0.0	0.0
Syn.Breast-AdenoCA::S.192	0.08984863814924662	0.26834062508904183	0.0	0.0	0.0	0.0	0.0	0.0	0.0	0.0	0.0	0.0	0.0	0.0	0.2673758623079789	0.0	0.0	0.0	0.0	0.0	0.0	0.0	0.0	0.0	0.0	0.0	0.0	0.0	0.0	0.19426562830341562	0.0	0.0	0.1801692461503172	0.0	0.0	0.0	0.0	0.0	0.0	0.0	0.0	0.0	0.0	0.0	0.0	0.0	0.0	0.0	0.0	0.0	0.0	0.0	0.0	0.0	0.0	0.0	0.0	0.0	0.0	0.0
Syn.Breast-AdenoCA::S.193	0.0	0.0	0.0	0.0	0.0	0.0	0.0	0.0	0.0	0.0	0.0	0.0	0.0	0.0	1.0	0.0	0.0	0.0	0.0	0.0	0.0	0.0	0.0	0.0	0.0	0.0	0.0	0.0	0.0	0.0	0.0	0.0	0.0	0.0	0.0	0.0	0.0	0.0	0.0	0.0	0.0	0.0	0.0	0.0	0.0	0.0	0.0	0.0	0.0	0.0	0.0	0.0	0.0	0.0	0.0	0.0	0.0	0.0	0.0	0.0
Syn.Breast-AdenoCA::S.194	0.0	0.08460736741483398	0.0	0.0	0.0	0.0	0.0	0.0	0.0	0.43598377637057123	0.0	0.0	0.0	0.0	0.0	0.0	0.0	0.0	0.0	0.0	0.0	0.0	0.0	0.0	0.0	0.0	0.07759520316056408	0.0	0.0	0.08029444747156836	0.0	0.0	0.1260762545195606	0.0	0.0	0.0	0.0	0.0	0.0	0.0	0.0	0.0	0.0	0.0	0.0	0.19544295106290174	0.0	0.0	0.0	0.0	0.0	0.0	0.0	0.0	0.0	0.0	0.0	0.0	0.0	0.0
Syn.Breast-AdenoCA::S.195	0.08065242332475979	0.0	0.0	0.0	0.0	0.0	0.0	0.0	0.0	0.0	0.0	0.0	0.0	0.19503639700032294	0.0	0.0	0.0	0.0	0.0	0.0	0.09486795271474854	0.0	0.0	0.0	0.0	0.06991294953463811	0.08150434807518167	0.0	0.0	0.0	0.0	0.0	0.10589068151285752	0.1247798032954963	0.0	0.0	0.0	0.0	0.0	0.0	0.0	0.0	0.0	0.0	0.0	0.24735544454199507	0.0	0.0	0.0	0.0	0.0	0.0	0.0	0.0	0.0	0.0	0.0	0.0	0.0	0.0
Syn.Breast-AdenoCA::S.196	0.14009135980779236	0.12379286886517231	0.0	0.0	0.0	0.0	0.0	0.0	0.0	0.2735249372560355	0.0	0.0	0.0	0.0	0.0	0.0	0.0	0.08351635879050961	0.0	0.0	0.07139641503250085	0.0	0.0	0.0	0.0	0.0	0.0	0.0	0.0	0.0	0.0	0.0	0.20795449069510166	0.0	0.0	0.0	0.0	0.0	0.0	0.0	0.0	0.0	0.0	0.0	0.0	0.0	0.09972356955288768	0.0	0.0	0.0	0.0	0.0	0.0	0.0	0.0	0.0	0.0	0.0	0.0	0.0
Syn.Breast-AdenoCA::S.197	0.16478955832584355	0.11172554716045881	0.0	0.0	0.0	0.0	0.0	0.0	0.0	0.13623242006556552	0.0	0.0	0.0	0.0	0.0	0.0	0.0	0.11788058669695793	0.0	0.0	0.0	0.0	0.0	0.0	0.0	0.0	0.10754513998679209	0.0	0.0	0.0	0.0	0.0	0.23022704637038705	0.0	0.0	0.0	0.0	0.0	0.0	0.0	0.131599701393995	0.0	0.0	0.0	0.0	0.0	0.0	0.0	0.0	0.0	0.0	0.0	0.0	0.0	0.0	0.0	0.0	0.0	0.0	0.0
Syn.Breast-AdenoCA::S.198	0.1395738377662831	0.0	0.0	0.0	0.0	0.0	0.0	0.0	0.0	0.1934275447169366	0.0	0.0	0.0	0.0	0.0	0.0	0.0	0.0	0.0	0.0	0.0	0.0	0.0	0.0	0.0	0.0	0.24145642202213283	0.0	0.0	0.0	0.0	0.0	0.0	0.0	0.0	0.0	0.0	0.0	0.0	0.0	0.0	0.0	0.0	0.0	0.0	0.42554219549464745	0.0	0.0	0.0	0.0	0.0	0.0	0.0	0.0	0.0	0.0	0.0	0.0	0.0	0.0
