Samples	SBS1	SBS2	SBS3	SBS5	SBS8	SBS12	SBS13	SBS16	SBS17b	SBS18	SBS22	SBS28	SBS30	SBS36	SBS39	SBS40	SBS64	SBS69	SBS70	SBS71	SBS4	SBS6	SBS7a	SBS7b	SBS7c	SBS9	SBS10a	SBS11	SBS14	SBS15	SBS17a	SBS19	SBS21	SBS26	SBS33	SBS35	SBS37	SBS38	SBS60	SBS55	SBS44	SBS61	SBS62	SBS63	SBS65	SBS66	SBS67	SBS68	SBS72	SBS73	SBS74	SBS75	SBS76	SBS77	SBS78	SBS79	SBS80	SBS81	SBS82	SBS83
Syn.Breast-AdenoCA::S.1	0.010051875441814684	0.0	0.0	0.12588958771419623	0.0	0.0	0.0	0.0	0.0	0.0	0.0	0.0	0.0	0.0	0.8640585368439891	0.0	0.0	0.0	0.0	0.0	0.0	0.0	0.0	0.0	0.0	0.0	0.0	0.0	0.0	0.0	0.0	0.0	0.0	0.0	0.0	0.0	0.0	0.0	0.0	0.0	0.0	0.0	0.0	0.0	0.0	0.0	0.0	0.0	0.0	0.0	0.0	0.0	0.0	0.0	0.0	0.0	0.0	0.0	0.0	0.0
Syn.Breast-AdenoCA::S.2	0.032231080308952165	0.0	0.0	0.11365642518146286	0.07998253480364786	0.0	0.0	0.0	0.0	0.0	0.0	0.0	0.0	0.0	0.7741299597059371	0.0	0.0	0.0	0.0	0.0	0.0	0.0	0.0	0.0	0.0	0.0	0.0	0.0	0.0	0.0	0.0	0.0	0.0	0.0	0.0	0.0	0.0	0.0	0.0	0.0	0.0	0.0	0.0	0.0	0.0	0.0	0.0	0.0	0.0	0.0	0.0	0.0	0.0	0.0	0.0	0.0	0.0	0.0	0.0	0.0
Syn.Breast-AdenoCA::S.3	0.11353413920870839	0.0	0.0	0.1576703081431861	0.14506042579024492	0.3024255867699393	0.0	0.0	0.0	0.0	0.0	0.0	0.0	0.0	0.12944965375758843	0.0	0.0	0.15185988633033284	0.0	0.0	0.0	0.0	0.0	0.0	0.0	0.0	0.0	0.0	0.0	0.0	0.0	0.0	0.0	0.0	0.0	0.0	0.0	0.0	0.0	0.0	0.0	0.0	0.0	0.0	0.0	0.0	0.0	0.0	0.0	0.0	0.0	0.0	0.0	0.0	0.0	0.0	0.0	0.0	0.0	0.0
Syn.Breast-AdenoCA::S.4	0.08687776941629206	0.0	0.0	0.21369476095331846	0.0	0.0	0.0	0.0	0.0	0.05979744859711869	0.0	0.0	0.09710468431291336	0.0	0.15511045482460292	0.0	0.0	0.3874148818957545	0.0	0.0	0.0	0.0	0.0	0.0	0.0	0.0	0.0	0.0	0.0	0.0	0.0	0.0	0.0	0.0	0.0	0.0	0.0	0.0	0.0	0.0	0.0	0.0	0.0	0.0	0.0	0.0	0.0	0.0	0.0	0.0	0.0	0.0	0.0	0.0	0.0	0.0	0.0	0.0	0.0	0.0
Syn.Breast-AdenoCA::S.5	0.17089660130718953	0.0	0.0	0.2024885328647182	0.38001676593908	0.11451536440991492	0.0	0.0	0.0	0.0	0.0	0.0	0.0	0.0	0.0	0.0	0.0	0.1320827354790973	0.0	0.0	0.0	0.0	0.0	0.0	0.0	0.0	0.0	0.0	0.0	0.0	0.0	0.0	0.0	0.0	0.0	0.0	0.0	0.0	0.0	0.0	0.0	0.0	0.0	0.0	0.0	0.0	0.0	0.0	0.0	0.0	0.0	0.0	0.0	0.0	0.0	0.0	0.0	0.0	0.0	0.0
Syn.Breast-AdenoCA::S.6	0.08283265059113719	0.09912178574466277	0.0	0.09032344365059115	0.0	0.03880582776218423	0.0	0.0	0.0	0.0	0.0	0.0	0.0	0.0	0.6889162922514247	0.0	0.0	0.0	0.0	0.0	0.0	0.0	0.0	0.0	0.0	0.0	0.0	0.0	0.0	0.0	0.0	0.0	0.0	0.0	0.0	0.0	0.0	0.0	0.0	0.0	0.0	0.0	0.0	0.0	0.0	0.0	0.0	0.0	0.0	0.0	0.0	0.0	0.0	0.0	0.0	0.0	0.0	0.0	0.0	0.0
Syn.Breast-AdenoCA::S.7	0.13284484816341663	0.0	0.0	0.1553045008564911	0.09567605845608498	0.26120221127473586	0.35497238124927133	0.0	0.0	0.0	0.0	0.0	0.0	0.0	0.0	0.0	0.0	0.0	0.0	0.0	0.0	0.0	0.0	0.0	0.0	0.0	0.0	0.0	0.0	0.0	0.0	0.0	0.0	0.0	0.0	0.0	0.0	0.0	0.0	0.0	0.0	0.0	0.0	0.0	0.0	0.0	0.0	0.0	0.0	0.0	0.0	0.0	0.0	0.0	0.0	0.0	0.0	0.0	0.0	0.0
Syn.Breast-AdenoCA::S.8	0.06806463879360136	0.0	0.0	0.14537995468048864	0.0	0.0827197031045191	0.46274237147434366	0.0	0.0	0.0	0.0	0.07927416909289955	0.05776322049604441	0.0	0.10405594235810317	0.0	0.0	0.0	0.0	0.0	0.0	0.0	0.0	0.0	0.0	0.0	0.0	0.0	0.0	0.0	0.0	0.0	0.0	0.0	0.0	0.0	0.0	0.0	0.0	0.0	0.0	0.0	0.0	0.0	0.0	0.0	0.0	0.0	0.0	0.0	0.0	0.0	0.0	0.0	0.0	0.0	0.0	0.0	0.0	0.0
Syn.Breast-AdenoCA::S.9	0.08780042442050277	0.0	0.0	0.183178467841985	0.07011467221678094	0.0	0.06359071955599087	0.0	0.0	0.04737881227554684	0.0	0.0	0.0	0.0	0.24960074338883445	0.0	0.0	0.17318077277179236	0.12515538752856678	0.0	0.0	0.0	0.0	0.0	0.0	0.0	0.0	0.0	0.0	0.0	0.0	0.0	0.0	0.0	0.0	0.0	0.0	0.0	0.0	0.0	0.0	0.0	0.0	0.0	0.0	0.0	0.0	0.0	0.0	0.0	0.0	0.0	0.0	0.0	0.0	0.0	0.0	0.0	0.0	0.0
Syn.Breast-AdenoCA::S.10	0.08473733946511257	0.0	0.0	0.08804889490245772	0.44113826774997705	0.0	0.0943812526055124	0.0	0.0	0.0	0.0	0.0	0.0	0.0	0.2916942452769402	0.0	0.0	0.0	0.0	0.0	0.0	0.0	0.0	0.0	0.0	0.0	0.0	0.0	0.0	0.0	0.0	0.0	0.0	0.0	0.0	0.0	0.0	0.0	0.0	0.0	0.0	0.0	0.0	0.0	0.0	0.0	0.0	0.0	0.0	0.0	0.0	0.0	0.0	0.0	0.0	0.0	0.0	0.0	0.0	0.0
Syn.Breast-AdenoCA::S.11	0.07446352135651693	0.0	0.12335252335169407	0.17435495172381385	0.0	0.08537334506087256	0.15655709696885522	0.0	0.0	0.0	0.0	0.0	0.058337063930160755	0.0	0.22708405772502768	0.0	0.0	0.0	0.10047743988305885	0.0	0.0	0.0	0.0	0.0	0.0	0.0	0.0	0.0	0.0	0.0	0.0	0.0	0.0	0.0	0.0	0.0	0.0	0.0	0.0	0.0	0.0	0.0	0.0	0.0	0.0	0.0	0.0	0.0	0.0	0.0	0.0	0.0	0.0	0.0	0.0	0.0	0.0	0.0	0.0	0.0
Syn.Breast-AdenoCA::S.12	0.27915304568817817	0.0	0.0	0.12520844745859508	0.0	0.0	0.0	0.0	0.0	0.0625659140491148	0.0	0.0	0.054027415048543685	0.11046349942889777	0.25228660536836095	0.0	0.11629507295830954	0.0	0.0	0.0	0.0	0.0	0.0	0.0	0.0	0.0	0.0	0.0	0.0	0.0	0.0	0.0	0.0	0.0	0.0	0.0	0.0	0.0	0.0	0.0	0.0	0.0	0.0	0.0	0.0	0.0	0.0	0.0	0.0	0.0	0.0	0.0	0.0	0.0	0.0	0.0	0.0	0.0	0.0	0.0
Syn.Breast-AdenoCA::S.13	0.16237323609305013	0.0	0.0	0.115663720994076	0.0	0.16729138925010836	0.09023931267157925	0.0	0.0	0.0	0.0	0.05141720907383326	0.0702828212686028	0.0	0.0	0.14783416832827626	0.10946208770408901	0.0	0.08543605461638493	0.0	0.0	0.0	0.0	0.0	0.0	0.0	0.0	0.0	0.0	0.0	0.0	0.0	0.0	0.0	0.0	0.0	0.0	0.0	0.0	0.0	0.0	0.0	0.0	0.0	0.0	0.0	0.0	0.0	0.0	0.0	0.0	0.0	0.0	0.0	0.0	0.0	0.0	0.0	0.0	0.0
Syn.Breast-AdenoCA::S.14	0.09191432166672657	0.1342753954375515	0.0	0.12216546460028187	0.11025823920441555	0.13329864283755713	0.0	0.0	0.0	0.0	0.0	0.0	0.11601157511874524	0.0	0.17640798408135622	0.0	0.0	0.0	0.11566837705336601	0.0	0.0	0.0	0.0	0.0	0.0	0.0	0.0	0.0	0.0	0.0	0.0	0.0	0.0	0.0	0.0	0.0	0.0	0.0	0.0	0.0	0.0	0.0	0.0	0.0	0.0	0.0	0.0	0.0	0.0	0.0	0.0	0.0	0.0	0.0	0.0	0.0	0.0	0.0	0.0	0.0
Syn.Breast-AdenoCA::S.15	0.06530481685649202	0.0	0.0	0.08396062976461655	0.2632742929384966	0.10545312817008351	0.0	0.0	0.0	0.0	0.19406919104024295	0.0	0.05329432558845861	0.14405033819286253	0.0	0.0	0.0	0.09059327744874714	0.0	0.0	0.0	0.0	0.0	0.0	0.0	0.0	0.0	0.0	0.0	0.0	0.0	0.0	0.0	0.0	0.0	0.0	0.0	0.0	0.0	0.0	0.0	0.0	0.0	0.0	0.0	0.0	0.0	0.0	0.0	0.0	0.0	0.0	0.0	0.0	0.0	0.0	0.0	0.0	0.0	0.0
Syn.Breast-AdenoCA::S.16	0.14666542847124825	0.14023480715287517	0.14232908695652174	0.21270654137447403	0.031170122954651706	0.027030954651706404	0.0	0.0565242914913511	0.0	0.0	0.16380513417484807	0.0	0.0	0.0	0.0	0.0	0.0	0.0	0.07953363277232352	0.0	0.0	0.0	0.0	0.0	0.0	0.0	0.0	0.0	0.0	0.0	0.0	0.0	0.0	0.0	0.0	0.0	0.0	0.0	0.0	0.0	0.0	0.0	0.0	0.0	0.0	0.0	0.0	0.0	0.0	0.0	0.0	0.0	0.0	0.0	0.0	0.0	0.0	0.0	0.0	0.0
Syn.Breast-AdenoCA::S.17	0.03421689707098539	0.0	0.0	0.07010844838846583	0.0	0.13230279089152347	0.031155525699604954	0.0	0.08539329856938259	0.09533884755400385	0.0	0.0	0.0	0.10205738598075724	0.27764449794715795	0.0	0.0	0.17178230789811866	0.0	0.0	0.0	0.0	0.0	0.0	0.0	0.0	0.0	0.0	0.0	0.0	0.0	0.0	0.0	0.0	0.0	0.0	0.0	0.0	0.0	0.0	0.0	0.0	0.0	0.0	0.0	0.0	0.0	0.0	0.0	0.0	0.0	0.0	0.0	0.0	0.0	0.0	0.0	0.0	0.0	0.0
Syn.Breast-AdenoCA::S.18	0.015390677685567176	0.0	0.0	0.15326884920127445	0.0	0.0	0.8313404731131583	0.0	0.0	0.0	0.0	0.0	0.0	0.0	0.0	0.0	0.0	0.0	0.0	0.0	0.0	0.0	0.0	0.0	0.0	0.0	0.0	0.0	0.0	0.0	0.0	0.0	0.0	0.0	0.0	0.0	0.0	0.0	0.0	0.0	0.0	0.0	0.0	0.0	0.0	0.0	0.0	0.0	0.0	0.0	0.0	0.0	0.0	0.0	0.0	0.0	0.0	0.0	0.0	0.0
Syn.Breast-AdenoCA::S.19	0.033536809481216456	0.13648951571684131	0.0	0.09864807219524661	0.0	0.06275041949910555	0.0	0.0	0.0	0.0	0.0	0.0	0.0	0.40759436020955786	0.2609808228980322	0.0	0.0	0.0	0.0	0.0	0.0	0.0	0.0	0.0	0.0	0.0	0.0	0.0	0.0	0.0	0.0	0.0	0.0	0.0	0.0	0.0	0.0	0.0	0.0	0.0	0.0	0.0	0.0	0.0	0.0	0.0	0.0	0.0	0.0	0.0	0.0	0.0	0.0	0.0	0.0	0.0	0.0	0.0	0.0	0.0
Syn.Breast-AdenoCA::S.20	0.12318819028475712	0.0	0.0	0.22415779262981572	0.0	0.0	0.0	0.0	0.0	0.0	0.0	0.08443401976549414	0.0812671269681742	0.0	0.48695287035175877	0.0	0.0	0.0	0.0	0.0	0.0	0.0	0.0	0.0	0.0	0.0	0.0	0.0	0.0	0.0	0.0	0.0	0.0	0.0	0.0	0.0	0.0	0.0	0.0	0.0	0.0	0.0	0.0	0.0	0.0	0.0	0.0	0.0	0.0	0.0	0.0	0.0	0.0	0.0	0.0	0.0	0.0	0.0	0.0	0.0
Syn.Breast-AdenoCA::S.21	0.03853599385533708	0.0	0.0	0.17368766160463484	0.17466859717345506	0.0	0.10106743512991573	0.0	0.0	0.0	0.0	0.0	0.057327220944522465	0.0	0.3487848531425562	0.0	0.0	0.0	0.10592823814957865	0.0	0.0	0.0	0.0	0.0	0.0	0.0	0.0	0.0	0.0	0.0	0.0	0.0	0.0	0.0	0.0	0.0	0.0	0.0	0.0	0.0	0.0	0.0	0.0	0.0	0.0	0.0	0.0	0.0	0.0	0.0	0.0	0.0	0.0	0.0	0.0	0.0	0.0	0.0	0.0	0.0
Syn.Breast-AdenoCA::S.22	0.12114485386584793	0.0	0.0	0.23356303840320605	0.08446286686202227	0.0	0.0	0.0	0.0	0.0	0.09727136910657558	0.0	0.10848374422865042	0.12471956964917094	0.23035455788452683	0.0	0.0	0.0	0.0	0.0	0.0	0.0	0.0	0.0	0.0	0.0	0.0	0.0	0.0	0.0	0.0	0.0	0.0	0.0	0.0	0.0	0.0	0.0	0.0	0.0	0.0	0.0	0.0	0.0	0.0	0.0	0.0	0.0	0.0	0.0	0.0	0.0	0.0	0.0	0.0	0.0	0.0	0.0	0.0	0.0
Syn.Breast-AdenoCA::S.23	0.034965324934523694	0.0	0.0	0.1170077876520027	0.0	0.05217281094110445	0.15448582592853305	0.0	0.0	0.0	0.0668702587791728	0.0	0.0	0.0	0.5744979917646632	0.0	0.0	0.0	0.0	0.0	0.0	0.0	0.0	0.0	0.0	0.0	0.0	0.0	0.0	0.0	0.0	0.0	0.0	0.0	0.0	0.0	0.0	0.0	0.0	0.0	0.0	0.0	0.0	0.0	0.0	0.0	0.0	0.0	0.0	0.0	0.0	0.0	0.0	0.0	0.0	0.0	0.0	0.0	0.0	0.0
Syn.Breast-AdenoCA::S.24	0.08977967560531111	0.0	0.0	0.11160132309294454	0.1312657047643843	0.0	0.26611506769070553	0.045699068732101014	0.0	0.0	0.0	0.12113878208799791	0.07254017339234574	0.0	0.0	0.0	0.0	0.0	0.16186020463420986	0.0	0.0	0.0	0.0	0.0	0.0	0.0	0.0	0.0	0.0	0.0	0.0	0.0	0.0	0.0	0.0	0.0	0.0	0.0	0.0	0.0	0.0	0.0	0.0	0.0	0.0	0.0	0.0	0.0	0.0	0.0	0.0	0.0	0.0	0.0	0.0	0.0	0.0	0.0	0.0	0.0
Syn.Breast-AdenoCA::S.25	0.2034469904135853	0.0	0.11662530649137222	0.11747492467817038	0.0	0.0	0.0	0.0	0.0	0.0	0.0	0.0	0.14232845877841688	0.0	0.0	0.0	0.18382680005477953	0.09825616433853739	0.13804135524513833	0.0	0.0	0.0	0.0	0.0	0.0	0.0	0.0	0.0	0.0	0.0	0.0	0.0	0.0	0.0	0.0	0.0	0.0	0.0	0.0	0.0	0.0	0.0	0.0	0.0	0.0	0.0	0.0	0.0	0.0	0.0	0.0	0.0	0.0	0.0	0.0	0.0	0.0	0.0	0.0	0.0
Syn.Breast-AdenoCA::S.26	0.10050016856726686	0.0	0.0	0.14247642464177956	0.18454105005864993	0.048689987759112284	0.0	0.11558673646301244	0.0	0.0	0.0	0.0	0.10754018032196555	0.0	0.06387722032104957	0.0	0.0	0.14752519058452743	0.08926304128263643	0.0	0.0	0.0	0.0	0.0	0.0	0.0	0.0	0.0	0.0	0.0	0.0	0.0	0.0	0.0	0.0	0.0	0.0	0.0	0.0	0.0	0.0	0.0	0.0	0.0	0.0	0.0	0.0	0.0	0.0	0.0	0.0	0.0	0.0	0.0	0.0	0.0	0.0	0.0	0.0	0.0
Syn.Breast-AdenoCA::S.27	0.029548869036304888	0.0	0.22034637996578596	0.05826296160425774	0.14304160235696636	0.10130453792054742	0.0727968667553697	0.0	0.0	0.0	0.0	0.0	0.0	0.2074646321992017	0.16723415016156623	0.0	0.0	0.0	0.0	0.0	0.0	0.0	0.0	0.0	0.0	0.0	0.0	0.0	0.0	0.0	0.0	0.0	0.0	0.0	0.0	0.0	0.0	0.0	0.0	0.0	0.0	0.0	0.0	0.0	0.0	0.0	0.0	0.0	0.0	0.0	0.0	0.0	0.0	0.0	0.0	0.0	0.0	0.0	0.0	0.0
Syn.Breast-AdenoCA::S.28	0.0821174252599036	0.06696378371459819	0.0668421807318888	0.15218779652754547	0.0	0.0	0.0	0.13552481684982007	0.05688550138499073	0.0	0.07612901564611517	0.07147692076550427	0.09024705343777471	0.0	0.08839479141764216	0.0	0.0	0.0	0.11323071426421663	0.0	0.0	0.0	0.0	0.0	0.0	0.0	0.0	0.0	0.0	0.0	0.0	0.0	0.0	0.0	0.0	0.0	0.0	0.0	0.0	0.0	0.0	0.0	0.0	0.0	0.0	0.0	0.0	0.0	0.0	0.0	0.0	0.0	0.0	0.0	0.0	0.0	0.0	0.0	0.0	0.0
Syn.Breast-AdenoCA::S.29	0.053716760734237826	0.0	0.0	0.16747594030327215	0.15507638371907423	0.0	0.0	0.0	0.0	0.0	0.0	0.0	0.0	0.0	0.5220852306464485	0.0	0.0	0.0	0.10164568459696728	0.0	0.0	0.0	0.0	0.0	0.0	0.0	0.0	0.0	0.0	0.0	0.0	0.0	0.0	0.0	0.0	0.0	0.0	0.0	0.0	0.0	0.0	0.0	0.0	0.0	0.0	0.0	0.0	0.0	0.0	0.0	0.0	0.0	0.0	0.0	0.0	0.0	0.0	0.0	0.0	0.0
Syn.Breast-AdenoCA::S.30	0.19112476178535606	0.0	0.0	0.22937689869608827	0.14373336459378136	0.0	0.0	0.0	0.0	0.035089148194583746	0.0	0.0	0.10024120060180541	0.0	0.15196826404212638	0.0	0.0	0.0	0.14846636208625877	0.0	0.0	0.0	0.0	0.0	0.0	0.0	0.0	0.0	0.0	0.0	0.0	0.0	0.0	0.0	0.0	0.0	0.0	0.0	0.0	0.0	0.0	0.0	0.0	0.0	0.0	0.0	0.0	0.0	0.0	0.0	0.0	0.0	0.0	0.0	0.0	0.0	0.0	0.0	0.0	0.0
Syn.Breast-AdenoCA::S.31	0.3485622317930312	0.0	0.0	0.21308504142365783	0.09490462524300883	0.04226090758187528	0.0	0.0	0.0	0.0	0.0	0.0	0.0	0.17716041438612232	0.12402677957230447	0.0	0.0	0.0	0.0	0.0	0.0	0.0	0.0	0.0	0.0	0.0	0.0	0.0	0.0	0.0	0.0	0.0	0.0	0.0	0.0	0.0	0.0	0.0	0.0	0.0	0.0	0.0	0.0	0.0	0.0	0.0	0.0	0.0	0.0	0.0	0.0	0.0	0.0	0.0	0.0	0.0	0.0	0.0	0.0	0.0
Syn.Breast-AdenoCA::S.32	0.07401515681051324	0.0	0.0	0.19732701882436512	0.0	0.0	0.17827387639850825	0.0	0.07203637630971409	0.0	0.0	0.0	0.08911901047771266	0.26054922695791155	0.1286793342212751	0.0	0.0	0.0	0.0	0.0	0.0	0.0	0.0	0.0	0.0	0.0	0.0	0.0	0.0	0.0	0.0	0.0	0.0	0.0	0.0	0.0	0.0	0.0	0.0	0.0	0.0	0.0	0.0	0.0	0.0	0.0	0.0	0.0	0.0	0.0	0.0	0.0	0.0	0.0	0.0	0.0	0.0	0.0	0.0	0.0
Syn.Breast-AdenoCA::S.33	0.16698241110076673	0.0	0.0	0.17213661447373782	0.0	0.25178996204026116	0.0713090836442549	0.017147313608239588	0.0	0.0	0.0	0.0	0.0	0.06606666164407983	0.12755871501558616	0.0	0.0	0.0	0.1270092384730739	0.0	0.0	0.0	0.0	0.0	0.0	0.0	0.0	0.0	0.0	0.0	0.0	0.0	0.0	0.0	0.0	0.0	0.0	0.0	0.0	0.0	0.0	0.0	0.0	0.0	0.0	0.0	0.0	0.0	0.0	0.0	0.0	0.0	0.0	0.0	0.0	0.0	0.0	0.0	0.0	0.0
Syn.Breast-AdenoCA::S.34	0.0231111370017331	0.0	0.0	0.18704707980935878	0.0	0.0	0.0	0.0	0.0	0.0	0.0	0.0	0.0	0.0	0.7898417831889081	0.0	0.0	0.0	0.0	0.0	0.0	0.0	0.0	0.0	0.0	0.0	0.0	0.0	0.0	0.0	0.0	0.0	0.0	0.0	0.0	0.0	0.0	0.0	0.0	0.0	0.0	0.0	0.0	0.0	0.0	0.0	0.0	0.0	0.0	0.0	0.0	0.0	0.0	0.0	0.0	0.0	0.0	0.0	0.0	0.0
Syn.Breast-AdenoCA::S.35	0.028407393105099356	0.0	0.0	0.15345843404357193	0.0	0.0	0.592928636980289	0.0	0.0	0.0	0.0	0.0	0.0	0.0	0.2252055358710398	0.0	0.0	0.0	0.0	0.0	0.0	0.0	0.0	0.0	0.0	0.0	0.0	0.0	0.0	0.0	0.0	0.0	0.0	0.0	0.0	0.0	0.0	0.0	0.0	0.0	0.0	0.0	0.0	0.0	0.0	0.0	0.0	0.0	0.0	0.0	0.0	0.0	0.0	0.0	0.0	0.0	0.0	0.0	0.0	0.0
Syn.Breast-AdenoCA::S.36	0.12605096918767492	0.0	0.0	0.139034605990544	0.0	0.18264509592241163	0.0	0.030860427473839	0.0	0.0	0.0	0.0	0.10442779826190501	0.13828214560076718	0.190348690069973	0.0	0.0	0.08835026749288537	0.0	0.0	0.0	0.0	0.0	0.0	0.0	0.0	0.0	0.0	0.0	0.0	0.0	0.0	0.0	0.0	0.0	0.0	0.0	0.0	0.0	0.0	0.0	0.0	0.0	0.0	0.0	0.0	0.0	0.0	0.0	0.0	0.0	0.0	0.0	0.0	0.0	0.0	0.0	0.0	0.0	0.0
Syn.Breast-AdenoCA::S.37	0.06410131890125957	0.0	0.0	0.18360173282437328	0.35061008909343966	0.0	0.30607896230233067	0.0	0.0	0.0	0.0	0.0	0.0	0.0	0.0	0.0	0.0	0.09560789687859675	0.0	0.0	0.0	0.0	0.0	0.0	0.0	0.0	0.0	0.0	0.0	0.0	0.0	0.0	0.0	0.0	0.0	0.0	0.0	0.0	0.0	0.0	0.0	0.0	0.0	0.0	0.0	0.0	0.0	0.0	0.0	0.0	0.0	0.0	0.0	0.0	0.0	0.0	0.0	0.0	0.0	0.0
Syn.Breast-AdenoCA::S.38	0.10803514799072643	0.0	0.0	0.09391051410355487	0.0	0.09742092078825347	0.0	0.0	0.0	0.0	0.0	0.0	0.06282381182380216	0.05687116035548686	0.3300211719474498	0.0	0.0	0.090564135625966	0.16035313736476042	0.0	0.0	0.0	0.0	0.0	0.0	0.0	0.0	0.0	0.0	0.0	0.0	0.0	0.0	0.0	0.0	0.0	0.0	0.0	0.0	0.0	0.0	0.0	0.0	0.0	0.0	0.0	0.0	0.0	0.0	0.0	0.0	0.0	0.0	0.0	0.0	0.0	0.0	0.0	0.0	0.0
Syn.Breast-AdenoCA::S.39	0.07928839536896776	0.22166553127028785	0.0	0.19657538195195845	0.0	0.22498136940056263	0.0	0.0	0.0	0.0	0.0	0.0773011876217269	0.0714497809997836	0.0	0.0	0.0	0.0	0.12873835338671283	0.0	0.0	0.0	0.0	0.0	0.0	0.0	0.0	0.0	0.0	0.0	0.0	0.0	0.0	0.0	0.0	0.0	0.0	0.0	0.0	0.0	0.0	0.0	0.0	0.0	0.0	0.0	0.0	0.0	0.0	0.0	0.0	0.0	0.0	0.0	0.0	0.0	0.0	0.0	0.0	0.0	0.0
Syn.Breast-AdenoCA::S.40	0.05122025296367333	0.0	0.0	0.09865285350412178	0.0	0.05670195648659704	0.0	0.0	0.0	0.052857266687477394	0.10526036216612221	0.0	0.09018184036498132	0.0	0.5451254678270269	0.0	0.0	0.0	0.0	0.0	0.0	0.0	0.0	0.0	0.0	0.0	0.0	0.0	0.0	0.0	0.0	0.0	0.0	0.0	0.0	0.0	0.0	0.0	0.0	0.0	0.0	0.0	0.0	0.0	0.0	0.0	0.0	0.0	0.0	0.0	0.0	0.0	0.0	0.0	0.0	0.0	0.0	0.0	0.0	0.0
Syn.Breast-AdenoCA::S.41	0.11409798895804056	0.21166767978317605	0.0	0.18492620778960048	0.15128417667135113	0.0	0.11416860048183096	0.0	0.0	0.0	0.0	0.0	0.0590030620357358	0.0	0.16485228428026502	0.0	0.0	0.0	0.0	0.0	0.0	0.0	0.0	0.0	0.0	0.0	0.0	0.0	0.0	0.0	0.0	0.0	0.0	0.0	0.0	0.0	0.0	0.0	0.0	0.0	0.0	0.0	0.0	0.0	0.0	0.0	0.0	0.0	0.0	0.0	0.0	0.0	0.0	0.0	0.0	0.0	0.0	0.0	0.0	0.0
Syn.Breast-AdenoCA::S.42	0.09222014535666218	0.1455189582772544	0.16108354931743896	0.1289183649298212	0.0	0.0	0.12442299038646414	0.0	0.0	0.0	0.14287054950970968	0.0	0.041448723706979426	0.0	0.06025586348779081	0.0	0.0	0.10326085502787925	0.0	0.0	0.0	0.0	0.0	0.0	0.0	0.0	0.0	0.0	0.0	0.0	0.0	0.0	0.0	0.0	0.0	0.0	0.0	0.0	0.0	0.0	0.0	0.0	0.0	0.0	0.0	0.0	0.0	0.0	0.0	0.0	0.0	0.0	0.0	0.0	0.0	0.0	0.0	0.0	0.0	0.0
Syn.Breast-AdenoCA::S.43	0.038415055059858476	0.0	0.0	0.1035644619078258	0.0	0.0	0.2448131309957994	0.0	0.0	0.0	0.10177950863505769	0.0	0.0	0.1726199225841272	0.3388079208173314	0.0	0.0	0.0	0.0	0.0	0.0	0.0	0.0	0.0	0.0	0.0	0.0	0.0	0.0	0.0	0.0	0.0	0.0	0.0	0.0	0.0	0.0	0.0	0.0	0.0	0.0	0.0	0.0	0.0	0.0	0.0	0.0	0.0	0.0	0.0	0.0	0.0	0.0	0.0	0.0	0.0	0.0	0.0	0.0	0.0
Syn.Breast-AdenoCA::S.44	0.03987157722793488	0.0	0.0	0.04612460314910026	0.35904581940874036	0.07717781812339332	0.0	0.0	0.0	0.0	0.0	0.0	0.06819813860325621	0.15037479959297342	0.25920724389460154	0.0	0.0	0.0	0.0	0.0	0.0	0.0	0.0	0.0	0.0	0.0	0.0	0.0	0.0	0.0	0.0	0.0	0.0	0.0	0.0	0.0	0.0	0.0	0.0	0.0	0.0	0.0	0.0	0.0	0.0	0.0	0.0	0.0	0.0	0.0	0.0	0.0	0.0	0.0	0.0	0.0	0.0	0.0	0.0	0.0
Syn.Breast-AdenoCA::S.45	0.19475242153828473	0.07699873954799087	0.0	0.1024912438348632	0.04658444244116573	0.07116829397753252	0.0	0.0	0.0	0.08634890341663111	0.0	0.05358941317721627	0.03300759695025213	0.0	0.22427864919541968	0.0	0.1107802959206437	0.0	0.0	0.0	0.0	0.0	0.0	0.0	0.0	0.0	0.0	0.0	0.0	0.0	0.0	0.0	0.0	0.0	0.0	0.0	0.0	0.0	0.0	0.0	0.0	0.0	0.0	0.0	0.0	0.0	0.0	0.0	0.0	0.0	0.0	0.0	0.0	0.0	0.0	0.0	0.0	0.0	0.0	0.0
Syn.Breast-AdenoCA::S.46	0.08682902181818182	0.0	0.0	0.10614016949494949	0.13440394484848486	0.1282508676767677	0.0	0.0	0.0	0.0	0.0	0.0	0.0	0.1309897115151515	0.06400172727272728	0.07349967353535353	0.0	0.27588488383838383	0.0	0.0	0.0	0.0	0.0	0.0	0.0	0.0	0.0	0.0	0.0	0.0	0.0	0.0	0.0	0.0	0.0	0.0	0.0	0.0	0.0	0.0	0.0	0.0	0.0	0.0	0.0	0.0	0.0	0.0	0.0	0.0	0.0	0.0	0.0	0.0	0.0	0.0	0.0	0.0	0.0	0.0
Syn.Breast-AdenoCA::S.47	0.03337980911840441	0.0	0.17278275926052003	0.1673780849654459	0.0	0.0	0.09977327625227236	0.0	0.0	0.06489338055347214	0.0	0.0	0.07000310906411113	0.0	0.08206402331108308	0.0	0.0	0.3097255574746909	0.0	0.0	0.0	0.0	0.0	0.0	0.0	0.0	0.0	0.0	0.0	0.0	0.0	0.0	0.0	0.0	0.0	0.0	0.0	0.0	0.0	0.0	0.0	0.0	0.0	0.0	0.0	0.0	0.0	0.0	0.0	0.0	0.0	0.0	0.0	0.0	0.0	0.0	0.0	0.0	0.0	0.0
Syn.Breast-AdenoCA::S.48	0.087409065647482	0.066214757793765	0.1442818384292566	0.07452699850119904	0.0	0.11474130065947241	0.07249999160671462	0.04086572002398082	0.0	0.07253979076738609	0.0	0.0	0.06388113908872901	0.0	0.2630393974820144	0.0	0.0	0.0	0.0	0.0	0.0	0.0	0.0	0.0	0.0	0.0	0.0	0.0	0.0	0.0	0.0	0.0	0.0	0.0	0.0	0.0	0.0	0.0	0.0	0.0	0.0	0.0	0.0	0.0	0.0	0.0	0.0	0.0	0.0	0.0	0.0	0.0	0.0	0.0	0.0	0.0	0.0	0.0	0.0	0.0
Syn.Breast-AdenoCA::S.49	0.07807889902093328	0.13315630779529736	0.0	0.14492106526868104	0.0	0.08781092790873742	0.4036511373098871	0.0	0.0	0.0	0.0	0.0	0.0	0.0	0.15238166269646372	0.0	0.0	0.0	0.0	0.0	0.0	0.0	0.0	0.0	0.0	0.0	0.0	0.0	0.0	0.0	0.0	0.0	0.0	0.0	0.0	0.0	0.0	0.0	0.0	0.0	0.0	0.0	0.0	0.0	0.0	0.0	0.0	0.0	0.0	0.0	0.0	0.0	0.0	0.0	0.0	0.0	0.0	0.0	0.0	0.0
Syn.Breast-AdenoCA::S.50	0.0618625881825173	0.1776720460138426	0.0	0.22847471379133558	0.0	0.0	0.0	0.0	0.0	0.0	0.0	0.0	0.0	0.5319906520123046	0.0	0.0	0.0	0.0	0.0	0.0	0.0	0.0	0.0	0.0	0.0	0.0	0.0	0.0	0.0	0.0	0.0	0.0	0.0	0.0	0.0	0.0	0.0	0.0	0.0	0.0	0.0	0.0	0.0	0.0	0.0	0.0	0.0	0.0	0.0	0.0	0.0	0.0	0.0	0.0	0.0	0.0	0.0	0.0	0.0	0.0
Syn.Breast-AdenoCA::S.51	0.08849788027986526	0.10683893132935993	0.0	0.16208978414096914	0.12192427494169475	0.0	0.0	0.0	0.0	0.0	0.0	0.0	0.0732742873801503	0.14133403187354238	0.30604081005441824	0.0	0.0	0.0	0.0	0.0	0.0	0.0	0.0	0.0	0.0	0.0	0.0	0.0	0.0	0.0	0.0	0.0	0.0	0.0	0.0	0.0	0.0	0.0	0.0	0.0	0.0	0.0	0.0	0.0	0.0	0.0	0.0	0.0	0.0	0.0	0.0	0.0	0.0	0.0	0.0	0.0	0.0	0.0	0.0	0.0
Syn.Breast-AdenoCA::S.52	0.30264053234398786	0.0	0.0	0.21221912519025876	0.0	0.0	0.0	0.0	0.0	0.0	0.0710885494672755	0.0	0.0	0.0	0.1239555656392694	0.0	0.0	0.29009622735920854	0.0	0.0	0.0	0.0	0.0	0.0	0.0	0.0	0.0	0.0	0.0	0.0	0.0	0.0	0.0	0.0	0.0	0.0	0.0	0.0	0.0	0.0	0.0	0.0	0.0	0.0	0.0	0.0	0.0	0.0	0.0	0.0	0.0	0.0	0.0	0.0	0.0	0.0	0.0	0.0	0.0	0.0
Syn.Breast-AdenoCA::S.53	0.020840860850236176	0.0	0.0	0.06725191000277855	0.07177264123367602	0.0	0.8401345879133093	0.0	0.0	0.0	0.0	0.0	0.0	0.0	0.0	0.0	0.0	0.0	0.0	0.0	0.0	0.0	0.0	0.0	0.0	0.0	0.0	0.0	0.0	0.0	0.0	0.0	0.0	0.0	0.0	0.0	0.0	0.0	0.0	0.0	0.0	0.0	0.0	0.0	0.0	0.0	0.0	0.0	0.0	0.0	0.0	0.0	0.0	0.0	0.0	0.0	0.0	0.0	0.0	0.0
Syn.Breast-AdenoCA::S.54	0.09564998917552939	0.0	0.0	0.04671998680926534	0.0793764693000483	0.14572361902642098	0.0	0.0	0.0	0.05284373291857309	0.0	0.0	0.0576100369365579	0.14878636772930284	0.08265118256641071	0.0	0.0	0.22120128106715614	0.06943733447073522	0.0	0.0	0.0	0.0	0.0	0.0	0.0	0.0	0.0	0.0	0.0	0.0	0.0	0.0	0.0	0.0	0.0	0.0	0.0	0.0	0.0	0.0	0.0	0.0	0.0	0.0	0.0	0.0	0.0	0.0	0.0	0.0	0.0	0.0	0.0	0.0	0.0	0.0	0.0	0.0	0.0
Syn.Breast-AdenoCA::S.55	0.1086970523176339	0.11892965950043495	0.0	0.13135001342115074	0.1730084131974649	0.07101043283211135	0.0	0.0	0.0	0.0	0.059716612774947185	0.0	0.0	0.0	0.337287815956257	0.0	0.0	0.0	0.0	0.0	0.0	0.0	0.0	0.0	0.0	0.0	0.0	0.0	0.0	0.0	0.0	0.0	0.0	0.0	0.0	0.0	0.0	0.0	0.0	0.0	0.0	0.0	0.0	0.0	0.0	0.0	0.0	0.0	0.0	0.0	0.0	0.0	0.0	0.0	0.0	0.0	0.0	0.0	0.0	0.0
Syn.Breast-AdenoCA::S.56	0.12869528767498437	0.0	0.0	0.20498193053308109	0.0	0.15764330888624453	0.0	0.0	0.0	0.0	0.0	0.0	0.05822943963444521	0.042650345188032665	0.13181210723185002	0.0	0.0	0.0	0.055481015522379946	0.22050656532898227	0.0	0.0	0.0	0.0	0.0	0.0	0.0	0.0	0.0	0.0	0.0	0.0	0.0	0.0	0.0	0.0	0.0	0.0	0.0	0.0	0.0	0.0	0.0	0.0	0.0	0.0	0.0	0.0	0.0	0.0	0.0	0.0	0.0	0.0	0.0	0.0	0.0	0.0	0.0	0.0
Syn.Breast-AdenoCA::S.57	0.03509648896528016	0.0	0.2026860375386731	0.10859894266070814	0.06299643190099691	0.0	0.15846003946373324	0.0	0.0	0.0	0.0	0.0	0.0	0.0	0.4321620594706085	0.0	0.0	0.0	0.0	0.0	0.0	0.0	0.0	0.0	0.0	0.0	0.0	0.0	0.0	0.0	0.0	0.0	0.0	0.0	0.0	0.0	0.0	0.0	0.0	0.0	0.0	0.0	0.0	0.0	0.0	0.0	0.0	0.0	0.0	0.0	0.0	0.0	0.0	0.0	0.0	0.0	0.0	0.0	0.0	0.0
Syn.Breast-AdenoCA::S.58	0.12412891070481286	0.07804621853846902	0.0	0.08259585604890851	0.09209739013252526	0.15429104074846883	0.0	0.0	0.0	0.21956809252737367	0.0	0.0	0.0	0.0	0.0	0.0	0.0	0.11884837904190272	0.130424112257539	0.0	0.0	0.0	0.0	0.0	0.0	0.0	0.0	0.0	0.0	0.0	0.0	0.0	0.0	0.0	0.0	0.0	0.0	0.0	0.0	0.0	0.0	0.0	0.0	0.0	0.0	0.0	0.0	0.0	0.0	0.0	0.0	0.0	0.0	0.0	0.0	0.0	0.0	0.0	0.0	0.0
Syn.Breast-AdenoCA::S.59	0.18893926121681937	0.0	0.0	0.11911755954897817	0.0	0.0	0.06324819050974864	0.0	0.0	0.06786860465116279	0.07622762485318299	0.0	0.0	0.048079592670895	0.17899362861169837	0.0	0.0	0.150951044397463	0.10657449354005168	0.0	0.0	0.0	0.0	0.0	0.0	0.0	0.0	0.0	0.0	0.0	0.0	0.0	0.0	0.0	0.0	0.0	0.0	0.0	0.0	0.0	0.0	0.0	0.0	0.0	0.0	0.0	0.0	0.0	0.0	0.0	0.0	0.0	0.0	0.0	0.0	0.0	0.0	0.0	0.0	0.0
Syn.Breast-AdenoCA::S.60	0.12523720853974996	0.0	0.0	0.23469833191790515	0.14810636352913423	0.11808740481245578	0.0	0.0	0.0	0.02946543831092239	0.0	0.0	0.0	0.20929467940552018	0.0	0.0	0.0	0.0	0.13511057348431232	0.0	0.0	0.0	0.0	0.0	0.0	0.0	0.0	0.0	0.0	0.0	0.0	0.0	0.0	0.0	0.0	0.0	0.0	0.0	0.0	0.0	0.0	0.0	0.0	0.0	0.0	0.0	0.0	0.0	0.0	0.0	0.0	0.0	0.0	0.0	0.0	0.0	0.0	0.0	0.0	0.0
Syn.Breast-AdenoCA::S.61	0.046032891001315794	0.0565653184325063	0.0	0.11479043185626601	0.3420563103568344	0.0	0.0	0.0	0.0	0.065585512709074	0.0	0.0	0.0	0.0	0.22346018118347769	0.0	0.0	0.15150935446052588	0.0	0.0	0.0	0.0	0.0	0.0	0.0	0.0	0.0	0.0	0.0	0.0	0.0	0.0	0.0	0.0	0.0	0.0	0.0	0.0	0.0	0.0	0.0	0.0	0.0	0.0	0.0	0.0	0.0	0.0	0.0	0.0	0.0	0.0	0.0	0.0	0.0	0.0	0.0	0.0	0.0	0.0
Syn.Breast-AdenoCA::S.62	0.05791599817232376	0.0	0.0	0.06150059321148825	0.4235103229765013	0.0	0.06160142976501306	0.0	0.0	0.08175415613577024	0.0	0.1425551953002611	0.0709083133159269	0.0	0.0	0.0	0.0	0.0	0.1002539911227154	0.0	0.0	0.0	0.0	0.0	0.0	0.0	0.0	0.0	0.0	0.0	0.0	0.0	0.0	0.0	0.0	0.0	0.0	0.0	0.0	0.0	0.0	0.0	0.0	0.0	0.0	0.0	0.0	0.0	0.0	0.0	0.0	0.0	0.0	0.0	0.0	0.0	0.0	0.0	0.0	0.0
Syn.Breast-AdenoCA::S.63	0.09441947194972507	0.0	0.0	0.03733091046701298	0.0	0.08068254123865529	0.0	0.0	0.0	0.06935059073205628	0.0	0.0	0.049830961661074896	0.053265467251923	0.20714432856528023	0.0	0.09234965869849426	0.19716979974426005	0.11845626969151783	0.0	0.0	0.0	0.0	0.0	0.0	0.0	0.0	0.0	0.0	0.0	0.0	0.0	0.0	0.0	0.0	0.0	0.0	0.0	0.0	0.0	0.0	0.0	0.0	0.0	0.0	0.0	0.0	0.0	0.0	0.0	0.0	0.0	0.0	0.0	0.0	0.0	0.0	0.0	0.0	0.0
Syn.Breast-AdenoCA::S.64	0.0884970080176621	0.0	0.0	0.11911600185916801	0.0	0.06638792749244714	0.12454315338136183	0.0	0.0	0.07015964408552174	0.0	0.0	0.08403134382988613	0.2869046956774344	0.03686849349291192	0.0	0.12349173216360679	0.0	0.0	0.0	0.0	0.0	0.0	0.0	0.0	0.0	0.0	0.0	0.0	0.0	0.0	0.0	0.0	0.0	0.0	0.0	0.0	0.0	0.0	0.0	0.0	0.0	0.0	0.0	0.0	0.0	0.0	0.0	0.0	0.0	0.0	0.0	0.0	0.0	0.0	0.0	0.0	0.0	0.0	0.0
Syn.Breast-AdenoCA::S.65	0.03338706541458706	0.31980075417238113	0.0	0.15861309638232354	0.0	0.0	0.0	0.0	0.0	0.0	0.0	0.0	0.0	0.0	0.40093511391905673	0.0	0.0	0.08726397011165156	0.0	0.0	0.0	0.0	0.0	0.0	0.0	0.0	0.0	0.0	0.0	0.0	0.0	0.0	0.0	0.0	0.0	0.0	0.0	0.0	0.0	0.0	0.0	0.0	0.0	0.0	0.0	0.0	0.0	0.0	0.0	0.0	0.0	0.0	0.0	0.0	0.0	0.0	0.0	0.0	0.0	0.0
Syn.Breast-AdenoCA::S.66	0.06386917830882353	0.0	0.0	0.23257667578125	0.19728498115808824	0.1577927994025735	0.0930577536764706	0.0	0.0	0.0	0.05667390946691177	0.0	0.0	0.0	0.19874470220588236	0.0	0.0	0.0	0.0	0.0	0.0	0.0	0.0	0.0	0.0	0.0	0.0	0.0	0.0	0.0	0.0	0.0	0.0	0.0	0.0	0.0	0.0	0.0	0.0	0.0	0.0	0.0	0.0	0.0	0.0	0.0	0.0	0.0	0.0	0.0	0.0	0.0	0.0	0.0	0.0	0.0	0.0	0.0	0.0	0.0
Syn.Breast-AdenoCA::S.67	0.04982691851544107	0.08536837601429477	0.0	0.10609694268206935	0.07890580248932884	0.040706600857809035	0.0	0.0	0.0	0.0	0.0	0.0	0.0	0.0	0.6390953594410569	0.0	0.0	0.0	0.0	0.0	0.0	0.0	0.0	0.0	0.0	0.0	0.0	0.0	0.0	0.0	0.0	0.0	0.0	0.0	0.0	0.0	0.0	0.0	0.0	0.0	0.0	0.0	0.0	0.0	0.0	0.0	0.0	0.0	0.0	0.0	0.0	0.0	0.0	0.0	0.0	0.0	0.0	0.0	0.0	0.0
Syn.Breast-AdenoCA::S.68	0.0800150004225738	0.0	0.16356744541771817	0.1479388488932071	0.0	0.0	0.2302086090839061	0.0	0.0	0.0	0.0	0.0716747056336216	0.0	0.0	0.06387775310218845	0.0	0.0	0.16285715757411617	0.07986047987266852	0.0	0.0	0.0	0.0	0.0	0.0	0.0	0.0	0.0	0.0	0.0	0.0	0.0	0.0	0.0	0.0	0.0	0.0	0.0	0.0	0.0	0.0	0.0	0.0	0.0	0.0	0.0	0.0	0.0	0.0	0.0	0.0	0.0	0.0	0.0	0.0	0.0	0.0	0.0	0.0	0.0
Syn.Breast-AdenoCA::S.69	0.05959481026425738	0.0	0.3231929988267693	0.12452227050491298	0.30835869414504835	0.0	0.12403692169302097	0.0	0.0	0.06029430456599107	0.0	0.0	0.0	0.0	0.0	0.0	0.0	0.0	0.0	0.0	0.0	0.0	0.0	0.0	0.0	0.0	0.0	0.0	0.0	0.0	0.0	0.0	0.0	0.0	0.0	0.0	0.0	0.0	0.0	0.0	0.0	0.0	0.0	0.0	0.0	0.0	0.0	0.0	0.0	0.0	0.0	0.0	0.0	0.0	0.0	0.0	0.0	0.0	0.0	0.0
Syn.Breast-AdenoCA::S.70	0.1712703259501636	0.0	0.0	0.08260185980367481	0.13630528441983386	0.12011807676818526	0.0	0.0	0.0	0.07172324163100931	0.0	0.0	0.0	0.08033117065190032	0.1638625763906368	0.0	0.09670953813239365	0.07707792625220236	0.0	0.0	0.0	0.0	0.0	0.0	0.0	0.0	0.0	0.0	0.0	0.0	0.0	0.0	0.0	0.0	0.0	0.0	0.0	0.0	0.0	0.0	0.0	0.0	0.0	0.0	0.0	0.0	0.0	0.0	0.0	0.0	0.0	0.0	0.0	0.0	0.0	0.0	0.0	0.0	0.0	0.0
Syn.Breast-AdenoCA::S.71	0.07817411545248298	0.05560773430804134	0.0	0.1089655123519032	0.0	0.048698273632467856	0.0	0.0	0.0	0.0	0.0	0.0	0.0	0.1093234744139148	0.4764896128056466	0.0	0.0	0.12274127703554323	0.0	0.0	0.0	0.0	0.0	0.0	0.0	0.0	0.0	0.0	0.0	0.0	0.0	0.0	0.0	0.0	0.0	0.0	0.0	0.0	0.0	0.0	0.0	0.0	0.0	0.0	0.0	0.0	0.0	0.0	0.0	0.0	0.0	0.0	0.0	0.0	0.0	0.0	0.0	0.0	0.0	0.0
Syn.Breast-AdenoCA::S.72	0.07578211635029798	0.1013767471793596	0.0	0.09882308740419032	0.0	0.22464655947657317	0.04053102465438112	0.0	0.0	0.0	0.0	0.0	0.0	0.07988662978737646	0.26992895654608257	0.0	0.0	0.10902487860173879	0.0	0.0	0.0	0.0	0.0	0.0	0.0	0.0	0.0	0.0	0.0	0.0	0.0	0.0	0.0	0.0	0.0	0.0	0.0	0.0	0.0	0.0	0.0	0.0	0.0	0.0	0.0	0.0	0.0	0.0	0.0	0.0	0.0	0.0	0.0	0.0	0.0	0.0	0.0	0.0	0.0	0.0
Syn.Breast-AdenoCA::S.73	0.08068501288426165	0.0	0.11652007015330128	0.030840726875784232	0.1971484310846166	0.161222156319541	0.0	0.04311823036014887	0.0	0.0	0.0	0.0	0.061899145297966376	0.13034166593383717	0.10875585586343278	0.0	0.0	0.06946870522711006	0.0	0.0	0.0	0.0	0.0	0.0	0.0	0.0	0.0	0.0	0.0	0.0	0.0	0.0	0.0	0.0	0.0	0.0	0.0	0.0	0.0	0.0	0.0	0.0	0.0	0.0	0.0	0.0	0.0	0.0	0.0	0.0	0.0	0.0	0.0	0.0	0.0	0.0	0.0	0.0	0.0	0.0
Syn.Breast-AdenoCA::S.74	0.06207565625447772	0.07562096790371113	0.0	0.10369200845393323	0.0959564408941109	0.05691437827769021	0.0	0.0	0.0	0.0	0.0	0.0	0.0	0.09844201418541339	0.5072985340306635	0.0	0.0	0.0	0.0	0.0	0.0	0.0	0.0	0.0	0.0	0.0	0.0	0.0	0.0	0.0	0.0	0.0	0.0	0.0	0.0	0.0	0.0	0.0	0.0	0.0	0.0	0.0	0.0	0.0	0.0	0.0	0.0	0.0	0.0	0.0	0.0	0.0	0.0	0.0	0.0	0.0	0.0	0.0	0.0	0.0
Syn.Breast-AdenoCA::S.75	0.12476143460060424	0.0	0.0	0.0861232936731123	0.0	0.05500756215645679	0.17846820550951162	0.0	0.0	0.0	0.0	0.0	0.09294906829167375	0.0	0.0	0.0	0.12599726545426634	0.1678400278266608	0.16885314248771402	0.0	0.0	0.0	0.0	0.0	0.0	0.0	0.0	0.0	0.0	0.0	0.0	0.0	0.0	0.0	0.0	0.0	0.0	0.0	0.0	0.0	0.0	0.0	0.0	0.0	0.0	0.0	0.0	0.0	0.0	0.0	0.0	0.0	0.0	0.0	0.0	0.0	0.0	0.0	0.0	0.0
Syn.Breast-AdenoCA::S.76	0.057744164727079515	0.11152182782859454	0.0	0.09546787131160371	0.0	0.07689848474507588	0.0	0.0	0.1118276905910004	0.09567161044197822	0.0	0.0	0.0	0.0	0.18148398722819167	0.0	0.0	0.17779144567353108	0.09159291745294501	0.0	0.0	0.0	0.0	0.0	0.0	0.0	0.0	0.0	0.0	0.0	0.0	0.0	0.0	0.0	0.0	0.0	0.0	0.0	0.0	0.0	0.0	0.0	0.0	0.0	0.0	0.0	0.0	0.0	0.0	0.0	0.0	0.0	0.0	0.0	0.0	0.0	0.0	0.0	0.0	0.0
Syn.Breast-AdenoCA::S.77	0.20630507086014058	0.08546337463640835	0.0	0.0829513152426475	0.0	0.0	0.21817607737306277	0.0	0.0	0.0	0.05833467080488084	0.0	0.0	0.0	0.25206935576497846	0.0	0.0	0.0	0.09670013531788156	0.0	0.0	0.0	0.0	0.0	0.0	0.0	0.0	0.0	0.0	0.0	0.0	0.0	0.0	0.0	0.0	0.0	0.0	0.0	0.0	0.0	0.0	0.0	0.0	0.0	0.0	0.0	0.0	0.0	0.0	0.0	0.0	0.0	0.0	0.0	0.0	0.0	0.0	0.0	0.0	0.0
Syn.Breast-AdenoCA::S.78	0.04730010146256776	0.17344021723984504	0.0	0.23019725208555442	0.0	0.06205304743182552	0.07139156640755392	0.03337174031112089	0.0	0.0	0.0	0.0	0.04527559933282812	0.0	0.3369704757287044	0.0	0.0	0.0	0.0	0.0	0.0	0.0	0.0	0.0	0.0	0.0	0.0	0.0	0.0	0.0	0.0	0.0	0.0	0.0	0.0	0.0	0.0	0.0	0.0	0.0	0.0	0.0	0.0	0.0	0.0	0.0	0.0	0.0	0.0	0.0	0.0	0.0	0.0	0.0	0.0	0.0	0.0	0.0	0.0	0.0
Syn.Breast-AdenoCA::S.79	0.07185884112094403	0.17343066385540967	0.0	0.07332691184553031	0.0	0.06251974176384523	0.0	0.0	0.0	0.08811600873874023	0.0	0.0	0.1457131613852319	0.0	0.2745861646330273	0.0	0.0	0.0	0.11044850665727121	0.0	0.0	0.0	0.0	0.0	0.0	0.0	0.0	0.0	0.0	0.0	0.0	0.0	0.0	0.0	0.0	0.0	0.0	0.0	0.0	0.0	0.0	0.0	0.0	0.0	0.0	0.0	0.0	0.0	0.0	0.0	0.0	0.0	0.0	0.0	0.0	0.0	0.0	0.0	0.0	0.0
Syn.Breast-AdenoCA::S.80	0.10172098433164681	0.0	0.18715965790762198	0.18127456944671128	0.0	0.1274697723192427	0.0	0.0	0.0	0.0	0.0	0.0	0.0	0.0	0.40237501599477726	0.0	0.0	0.0	0.0	0.0	0.0	0.0	0.0	0.0	0.0	0.0	0.0	0.0	0.0	0.0	0.0	0.0	0.0	0.0	0.0	0.0	0.0	0.0	0.0	0.0	0.0	0.0	0.0	0.0	0.0	0.0	0.0	0.0	0.0	0.0	0.0	0.0	0.0	0.0	0.0	0.0	0.0	0.0	0.0	0.0
Syn.Breast-AdenoCA::S.81	0.10690017579564912	0.0	0.13190692266852164	0.13934211867693536	0.0	0.0	0.0	0.0	0.0	0.0	0.0	0.0	0.1324247649524474	0.3275302686029774	0.09791470038617053	0.0	0.0	0.0	0.0639810489172984	0.0	0.0	0.0	0.0	0.0	0.0	0.0	0.0	0.0	0.0	0.0	0.0	0.0	0.0	0.0	0.0	0.0	0.0	0.0	0.0	0.0	0.0	0.0	0.0	0.0	0.0	0.0	0.0	0.0	0.0	0.0	0.0	0.0	0.0	0.0	0.0	0.0	0.0	0.0	0.0	0.0
Syn.Breast-AdenoCA::S.82	0.06117526531739722	0.0	0.0	0.18595777616470902	0.18187502157659466	0.12667565975311473	0.2086643910246147	0.0	0.0	0.0	0.0	0.0	0.0	0.0	0.23565188616356977	0.0	0.0	0.0	0.0	0.0	0.0	0.0	0.0	0.0	0.0	0.0	0.0	0.0	0.0	0.0	0.0	0.0	0.0	0.0	0.0	0.0	0.0	0.0	0.0	0.0	0.0	0.0	0.0	0.0	0.0	0.0	0.0	0.0	0.0	0.0	0.0	0.0	0.0	0.0	0.0	0.0	0.0	0.0	0.0	0.0
Syn.Breast-AdenoCA::S.83	0.14203784269792347	0.09213552408263928	0.0	0.14495573817258545	0.12223098906649263	0.0	0.12573974768781246	0.0	0.0	0.06163500827256376	0.0	0.0	0.0	0.0	0.31126515001998295	0.0	0.0	0.0	0.0	0.0	0.0	0.0	0.0	0.0	0.0	0.0	0.0	0.0	0.0	0.0	0.0	0.0	0.0	0.0	0.0	0.0	0.0	0.0	0.0	0.0	0.0	0.0	0.0	0.0	0.0	0.0	0.0	0.0	0.0	0.0	0.0	0.0	0.0	0.0	0.0	0.0	0.0	0.0	0.0	0.0
Syn.Breast-AdenoCA::S.84	0.11563955836876691	0.0	0.0	0.1606634864708156	0.19239592558948587	0.14844016196366447	0.10707663896405104	0.0	0.0	0.0	0.0	0.0	0.055337183803633554	0.0	0.22044704483958255	0.0	0.0	0.0	0.0	0.0	0.0	0.0	0.0	0.0	0.0	0.0	0.0	0.0	0.0	0.0	0.0	0.0	0.0	0.0	0.0	0.0	0.0	0.0	0.0	0.0	0.0	0.0	0.0	0.0	0.0	0.0	0.0	0.0	0.0	0.0	0.0	0.0	0.0	0.0	0.0	0.0	0.0	0.0	0.0	0.0
Syn.Breast-AdenoCA::S.85	0.06764469271401329	0.09769593504485834	0.0	0.11466444764834673	0.07216838779753884	0.14236705856296625	0.0	0.0	0.0	0.0	0.0	0.0	0.0	0.0	0.12874772843665014	0.0	0.18677342260352375	0.08619463067545897	0.10374369651664361	0.0	0.0	0.0	0.0	0.0	0.0	0.0	0.0	0.0	0.0	0.0	0.0	0.0	0.0	0.0	0.0	0.0	0.0	0.0	0.0	0.0	0.0	0.0	0.0	0.0	0.0	0.0	0.0	0.0	0.0	0.0	0.0	0.0	0.0	0.0	0.0	0.0	0.0	0.0	0.0	0.0
Syn.Breast-AdenoCA::S.86	0.02491984643157011	0.0	0.0	0.21826869513014274	0.0	0.04317277959697733	0.0	0.0	0.0	0.0	0.0	0.0	0.0	0.0	0.5754356011754828	0.0	0.0	0.13820307766582704	0.0	0.0	0.0	0.0	0.0	0.0	0.0	0.0	0.0	0.0	0.0	0.0	0.0	0.0	0.0	0.0	0.0	0.0	0.0	0.0	0.0	0.0	0.0	0.0	0.0	0.0	0.0	0.0	0.0	0.0	0.0	0.0	0.0	0.0	0.0	0.0	0.0	0.0	0.0	0.0	0.0	0.0
Syn.Breast-AdenoCA::S.87	0.13832682838572194	0.0	0.0	0.22363264922301052	0.0	0.08111579593247753	0.0	0.0	0.0	0.04716979542302133	0.0	0.0	0.11285514615031686	0.16381196647821847	0.23308781840723325	0.0	0.0	0.0	0.0	0.0	0.0	0.0	0.0	0.0	0.0	0.0	0.0	0.0	0.0	0.0	0.0	0.0	0.0	0.0	0.0	0.0	0.0	0.0	0.0	0.0	0.0	0.0	0.0	0.0	0.0	0.0	0.0	0.0	0.0	0.0	0.0	0.0	0.0	0.0	0.0	0.0	0.0	0.0	0.0	0.0
Syn.Breast-AdenoCA::S.88	0.11211083058310539	0.0	0.0	0.0817463712963892	0.0	0.10417370274258797	0.0	0.0	0.0	0.09325760211435251	0.056169313602547816	0.0	0.059021074802242036	0.0	0.23758407987915356	0.0	0.0	0.0931694679365848	0.16276755704303655	0.0	0.0	0.0	0.0	0.0	0.0	0.0	0.0	0.0	0.0	0.0	0.0	0.0	0.0	0.0	0.0	0.0	0.0	0.0	0.0	0.0	0.0	0.0	0.0	0.0	0.0	0.0	0.0	0.0	0.0	0.0	0.0	0.0	0.0	0.0	0.0	0.0	0.0	0.0	0.0	0.0
Syn.Breast-AdenoCA::S.89	0.06263104171965549	0.0	0.1029803061742188	0.11434461490850815	0.19511220115434913	0.0	0.0	0.05148945732799162	0.0	0.0	0.05955394468879494	0.06526607666407702	0.054721120940674974	0.07047616198974113	0.03017684596604295	0.0	0.0	0.19324822846594608	0.0	0.0	0.0	0.0	0.0	0.0	0.0	0.0	0.0	0.0	0.0	0.0	0.0	0.0	0.0	0.0	0.0	0.0	0.0	0.0	0.0	0.0	0.0	0.0	0.0	0.0	0.0	0.0	0.0	0.0	0.0	0.0	0.0	0.0	0.0	0.0	0.0	0.0	0.0	0.0	0.0	0.0
Syn.Breast-AdenoCA::S.90	0.04762609992667854	0.0	0.0	0.15703555996648164	0.0	0.0	0.5673128536713103	0.0	0.0	0.06465531496805278	0.0	0.0	0.0	0.0	0.1633701714674767	0.0	0.0	0.0	0.0	0.0	0.0	0.0	0.0	0.0	0.0	0.0	0.0	0.0	0.0	0.0	0.0	0.0	0.0	0.0	0.0	0.0	0.0	0.0	0.0	0.0	0.0	0.0	0.0	0.0	0.0	0.0	0.0	0.0	0.0	0.0	0.0	0.0	0.0	0.0	0.0	0.0	0.0	0.0	0.0	0.0
Syn.Breast-AdenoCA::S.91	0.10541732064458172	0.10790915759359489	0.0	0.3036703144611494	0.0	0.0	0.1110654657469622	0.03475900873466941	0.0	0.0	0.0	0.0	0.051803778621741146	0.0	0.2853749541973011	0.0	0.0	0.0	0.0	0.0	0.0	0.0	0.0	0.0	0.0	0.0	0.0	0.0	0.0	0.0	0.0	0.0	0.0	0.0	0.0	0.0	0.0	0.0	0.0	0.0	0.0	0.0	0.0	0.0	0.0	0.0	0.0	0.0	0.0	0.0	0.0	0.0	0.0	0.0	0.0	0.0	0.0	0.0	0.0	0.0
Syn.Breast-AdenoCA::S.92	0.11114059988952311	0.08380499281900203	0.0	0.12346137193886947	0.0	0.10276306168293131	0.06677357889891365	0.03576514730252255	0.0	0.0	0.0	0.0	0.0	0.12317224120788069	0.270424104584791	0.0	0.0	0.0826949016755662	0.0	0.0	0.0	0.0	0.0	0.0	0.0	0.0	0.0	0.0	0.0	0.0	0.0	0.0	0.0	0.0	0.0	0.0	0.0	0.0	0.0	0.0	0.0	0.0	0.0	0.0	0.0	0.0	0.0	0.0	0.0	0.0	0.0	0.0	0.0	0.0	0.0	0.0	0.0	0.0	0.0	0.0
Syn.Breast-AdenoCA::S.93	0.08106199669111071	0.11773221480951529	0.0	0.1635386947773207	0.2511463351815417	0.15170732310856733	0.0	0.0	0.0	0.0	0.0	0.0	0.0	0.0	0.2348134354319442	0.0	0.0	0.0	0.0	0.0	0.0	0.0	0.0	0.0	0.0	0.0	0.0	0.0	0.0	0.0	0.0	0.0	0.0	0.0	0.0	0.0	0.0	0.0	0.0	0.0	0.0	0.0	0.0	0.0	0.0	0.0	0.0	0.0	0.0	0.0	0.0	0.0	0.0	0.0	0.0	0.0	0.0	0.0	0.0	0.0
Syn.Breast-AdenoCA::S.94	0.10957322754640085	0.04205105157026089	0.0	0.22296086586600747	0.0	0.0	0.13843622352663143	0.06258857007141817	0.0	0.0	0.0	0.0	0.15491019573603798	0.06674765843717609	0.0	0.0	0.0	0.20273220724606716	0.0	0.0	0.0	0.0	0.0	0.0	0.0	0.0	0.0	0.0	0.0	0.0	0.0	0.0	0.0	0.0	0.0	0.0	0.0	0.0	0.0	0.0	0.0	0.0	0.0	0.0	0.0	0.0	0.0	0.0	0.0	0.0	0.0	0.0	0.0	0.0	0.0	0.0	0.0	0.0	0.0	0.0
Syn.Breast-AdenoCA::S.95	0.06400836421367202	0.08887467276802391	0.0	0.14535713559955174	0.4782856649234217	0.08545817725065372	0.0	0.0	0.0	0.0	0.0	0.0	0.0	0.0	0.0	0.0	0.13801598524467687	0.0	0.0	0.0	0.0	0.0	0.0	0.0	0.0	0.0	0.0	0.0	0.0	0.0	0.0	0.0	0.0	0.0	0.0	0.0	0.0	0.0	0.0	0.0	0.0	0.0	0.0	0.0	0.0	0.0	0.0	0.0	0.0	0.0	0.0	0.0	0.0	0.0	0.0	0.0	0.0	0.0	0.0	0.0
Syn.Breast-AdenoCA::S.96	0.07709946077377425	0.09434726125963226	0.0	0.1094781659614255	0.1802545766816094	0.12443790679617345	0.0	0.0	0.0	0.0	0.07252027187950644	0.0	0.0	0.06128991911597186	0.08431914778344847	0.12078765310962897	0.0	0.0754656366388295	0.0	0.0	0.0	0.0	0.0	0.0	0.0	0.0	0.0	0.0	0.0	0.0	0.0	0.0	0.0	0.0	0.0	0.0	0.0	0.0	0.0	0.0	0.0	0.0	0.0	0.0	0.0	0.0	0.0	0.0	0.0	0.0	0.0	0.0	0.0	0.0	0.0	0.0	0.0	0.0	0.0	0.0
Syn.Breast-AdenoCA::S.97	0.32015136774061154	0.0	0.0	0.21160659696285652	0.05990824440796225	0.0	0.0	0.0	0.0	0.0	0.0	0.0973840794171968	0.0	0.0	0.1643249406936179	0.0	0.0	0.0	0.146624770777755	0.0	0.0	0.0	0.0	0.0	0.0	0.0	0.0	0.0	0.0	0.0	0.0	0.0	0.0	0.0	0.0	0.0	0.0	0.0	0.0	0.0	0.0	0.0	0.0	0.0	0.0	0.0	0.0	0.0	0.0	0.0	0.0	0.0	0.0	0.0	0.0	0.0	0.0	0.0	0.0	0.0
Syn.Breast-AdenoCA::S.98	0.10318891273974343	0.0	0.0	0.10167936822050044	0.2001273863838435	0.0	0.0	0.0	0.0	0.0	0.0	0.0	0.0	0.07339522545408357	0.2629056359710403	0.0	0.08447754871078368	0.17422592252000507	0.0	0.0	0.0	0.0	0.0	0.0	0.0	0.0	0.0	0.0	0.0	0.0	0.0	0.0	0.0	0.0	0.0	0.0	0.0	0.0	0.0	0.0	0.0	0.0	0.0	0.0	0.0	0.0	0.0	0.0	0.0	0.0	0.0	0.0	0.0	0.0	0.0	0.0	0.0	0.0	0.0	0.0
Syn.Breast-AdenoCA::S.99	0.08257034782538653	0.0	0.22355501009638373	0.12647672534756896	0.047325466152559156	0.16706900385932114	0.0	0.0	0.0	0.08303079097461367	0.0	0.0	0.0	0.0	0.26997265574416685	0.0	0.0	0.0	0.0	0.0	0.0	0.0	0.0	0.0	0.0	0.0	0.0	0.0	0.0	0.0	0.0	0.0	0.0	0.0	0.0	0.0	0.0	0.0	0.0	0.0	0.0	0.0	0.0	0.0	0.0	0.0	0.0	0.0	0.0	0.0	0.0	0.0	0.0	0.0	0.0	0.0	0.0	0.0	0.0	0.0
Syn.Breast-AdenoCA::S.100	0.07551868227891814	0.12488677244914022	0.0	0.14137847303752163	0.35045913673010587	0.04379634242623129	0.0	0.0	0.0	0.0	0.0	0.0	0.13714628339676724	0.0	0.0	0.0	0.0	0.0	0.12681430968131555	0.0	0.0	0.0	0.0	0.0	0.0	0.0	0.0	0.0	0.0	0.0	0.0	0.0	0.0	0.0	0.0	0.0	0.0	0.0	0.0	0.0	0.0	0.0	0.0	0.0	0.0	0.0	0.0	0.0	0.0	0.0	0.0	0.0	0.0	0.0	0.0	0.0	0.0	0.0	0.0	0.0
Syn.Breast-AdenoCA::S.101	0.09142652159002337	0.0	0.0	0.17630970568978954	0.08216590568978956	0.0	0.26293854154325796	0.0	0.0	0.0	0.0	0.0	0.0	0.0	0.2851906819953235	0.0	0.0	0.0	0.10196864349181604	0.0	0.0	0.0	0.0	0.0	0.0	0.0	0.0	0.0	0.0	0.0	0.0	0.0	0.0	0.0	0.0	0.0	0.0	0.0	0.0	0.0	0.0	0.0	0.0	0.0	0.0	0.0	0.0	0.0	0.0	0.0	0.0	0.0	0.0	0.0	0.0	0.0	0.0	0.0	0.0	0.0
Syn.Breast-AdenoCA::S.102	0.056584623937951856	0.14590884767809997	0.0	0.03585775849404044	0.17585176465763838	0.09621354787243629	0.09575652169647371	0.05113141003090621	0.0	0.0	0.0	0.0	0.04418640716650028	0.0733327360068165	0.14589541189077615	0.0	0.0	0.0	0.0792809705683601	0.0	0.0	0.0	0.0	0.0	0.0	0.0	0.0	0.0	0.0	0.0	0.0	0.0	0.0	0.0	0.0	0.0	0.0	0.0	0.0	0.0	0.0	0.0	0.0	0.0	0.0	0.0	0.0	0.0	0.0	0.0	0.0	0.0	0.0	0.0	0.0	0.0	0.0	0.0	0.0	0.0
Syn.Breast-AdenoCA::S.103	0.047570916789022824	0.0	0.0	0.036275303247039946	0.10577096056514558	0.16211060183554687	0.0	0.0	0.0	0.06639400111693736	0.0	0.0	0.0	0.0	0.4099810742770687	0.0	0.10557678936990332	0.06632035279933544	0.0	0.0	0.0	0.0	0.0	0.0	0.0	0.0	0.0	0.0	0.0	0.0	0.0	0.0	0.0	0.0	0.0	0.0	0.0	0.0	0.0	0.0	0.0	0.0	0.0	0.0	0.0	0.0	0.0	0.0	0.0	0.0	0.0	0.0	0.0	0.0	0.0	0.0	0.0	0.0	0.0	0.0
Syn.Breast-AdenoCA::S.104	0.04890913163581362	0.0	0.0	0.10998610627598404	0.0	0.0	0.0	0.0	0.0	0.0	0.0	0.0	0.0	0.0	0.8411047620882023	0.0	0.0	0.0	0.0	0.0	0.0	0.0	0.0	0.0	0.0	0.0	0.0	0.0	0.0	0.0	0.0	0.0	0.0	0.0	0.0	0.0	0.0	0.0	0.0	0.0	0.0	0.0	0.0	0.0	0.0	0.0	0.0	0.0	0.0	0.0	0.0	0.0	0.0	0.0	0.0	0.0	0.0	0.0	0.0	0.0
Syn.Breast-AdenoCA::S.105	0.09935179860462895	0.0	0.10236473757611803	0.1741270874998941	0.11597182990972724	0.0513852687516847	0.0	0.0	0.0	0.0	0.0	0.0	0.03495093072493945	0.0	0.4218483469330076	0.0	0.0	0.0	0.0	0.0	0.0	0.0	0.0	0.0	0.0	0.0	0.0	0.0	0.0	0.0	0.0	0.0	0.0	0.0	0.0	0.0	0.0	0.0	0.0	0.0	0.0	0.0	0.0	0.0	0.0	0.0	0.0	0.0	0.0	0.0	0.0	0.0	0.0	0.0	0.0	0.0	0.0	0.0	0.0	0.0
Syn.Breast-AdenoCA::S.106	0.10888251241247612	0.0	0.0	0.12241899872692552	0.0	0.06556045957988542	0.06883677784850413	0.0	0.0	0.0	0.06980479121578613	0.0	0.0	0.0	0.454713356460853	0.10978310375556971	0.0	0.0	0.0	0.0	0.0	0.0	0.0	0.0	0.0	0.0	0.0	0.0	0.0	0.0	0.0	0.0	0.0	0.0	0.0	0.0	0.0	0.0	0.0	0.0	0.0	0.0	0.0	0.0	0.0	0.0	0.0	0.0	0.0	0.0	0.0	0.0	0.0	0.0	0.0	0.0	0.0	0.0	0.0	0.0
Syn.Breast-AdenoCA::S.107	0.04887427346128392	0.0	0.0	0.15666777021839842	0.3359856990072799	0.2411752218398412	0.13387130112508272	0.0	0.0	0.04421258252812707	0.0	0.0	0.0	0.0	0.03921315181998676	0.0	0.0	0.0	0.0	0.0	0.0	0.0	0.0	0.0	0.0	0.0	0.0	0.0	0.0	0.0	0.0	0.0	0.0	0.0	0.0	0.0	0.0	0.0	0.0	0.0	0.0	0.0	0.0	0.0	0.0	0.0	0.0	0.0	0.0	0.0	0.0	0.0	0.0	0.0	0.0	0.0	0.0	0.0	0.0	0.0
Syn.Breast-AdenoCA::S.108	0.16346127590410403	0.0	0.0	0.0858195440877692	0.0	0.033041036570499796	0.0	0.0	0.0	0.0	0.2485753409183259	0.0	0.0	0.1258724043071922	0.1081955347419748	0.0	0.0	0.09067385006095084	0.14436101340918325	0.0	0.0	0.0	0.0	0.0	0.0	0.0	0.0	0.0	0.0	0.0	0.0	0.0	0.0	0.0	0.0	0.0	0.0	0.0	0.0	0.0	0.0	0.0	0.0	0.0	0.0	0.0	0.0	0.0	0.0	0.0	0.0	0.0	0.0	0.0	0.0	0.0	0.0	0.0	0.0	0.0
Syn.Breast-AdenoCA::S.109	0.04504887552775279	0.20994806265917954	0.0	0.13627231471127998	0.22179399779277312	0.08189872784061784	0.0	0.0	0.0	0.0	0.0	0.0	0.04793173957684736	0.0	0.0	0.0	0.0	0.12315465865889072	0.1339516232326588	0.0	0.0	0.0	0.0	0.0	0.0	0.0	0.0	0.0	0.0	0.0	0.0	0.0	0.0	0.0	0.0	0.0	0.0	0.0	0.0	0.0	0.0	0.0	0.0	0.0	0.0	0.0	0.0	0.0	0.0	0.0	0.0	0.0	0.0	0.0	0.0	0.0	0.0	0.0	0.0	0.0
Syn.Breast-AdenoCA::S.110	0.012713744357062608	0.2336728472406632	0.0	0.07595611786334389	0.6776572905389303	0.0	0.0	0.0	0.0	0.0	0.0	0.0	0.0	0.0	0.0	0.0	0.0	0.0	0.0	0.0	0.0	0.0	0.0	0.0	0.0	0.0	0.0	0.0	0.0	0.0	0.0	0.0	0.0	0.0	0.0	0.0	0.0	0.0	0.0	0.0	0.0	0.0	0.0	0.0	0.0	0.0	0.0	0.0	0.0	0.0	0.0	0.0	0.0	0.0	0.0	0.0	0.0	0.0	0.0	0.0
Syn.Breast-AdenoCA::S.111	0.09226873725336981	0.0	0.0	0.15532969720648565	0.0	0.1509071043172495	0.0	0.024431943152959566	0.2540493756593085	0.0	0.0	0.0	0.11138997499511626	0.0	0.03670679585856613	0.0	0.0	0.17491637155694473	0.0	0.0	0.0	0.0	0.0	0.0	0.0	0.0	0.0	0.0	0.0	0.0	0.0	0.0	0.0	0.0	0.0	0.0	0.0	0.0	0.0	0.0	0.0	0.0	0.0	0.0	0.0	0.0	0.0	0.0	0.0	0.0	0.0	0.0	0.0	0.0	0.0	0.0	0.0	0.0	0.0	0.0
Syn.Breast-AdenoCA::S.112	0.13364746412675016	0.0	0.3997446711385326	0.2461421062439162	0.0	0.0	0.0	0.0	0.0	0.0	0.10022356150341623	0.0	0.0	0.0	0.12024219698738486	0.0	0.0	0.0	0.0	0.0	0.0	0.0	0.0	0.0	0.0	0.0	0.0	0.0	0.0	0.0	0.0	0.0	0.0	0.0	0.0	0.0	0.0	0.0	0.0	0.0	0.0	0.0	0.0	0.0	0.0	0.0	0.0	0.0	0.0	0.0	0.0	0.0	0.0	0.0	0.0	0.0	0.0	0.0	0.0	0.0
Syn.Breast-AdenoCA::S.113	0.06570370152032268	0.3745383515358362	0.0	0.33541208687558177	0.0	0.11093130499534594	0.0	0.0	0.0	0.0	0.0	0.0	0.11341455507291343	0.0	0.0	0.0	0.0	0.0	0.0	0.0	0.0	0.0	0.0	0.0	0.0	0.0	0.0	0.0	0.0	0.0	0.0	0.0	0.0	0.0	0.0	0.0	0.0	0.0	0.0	0.0	0.0	0.0	0.0	0.0	0.0	0.0	0.0	0.0	0.0	0.0	0.0	0.0	0.0	0.0	0.0	0.0	0.0	0.0	0.0	0.0
Syn.Breast-AdenoCA::S.114	0.12994831615120275	0.06606372664792252	0.0	0.20269186348016244	0.13092416900968445	0.16322907466416745	0.0	0.029093460481099658	0.0	0.0	0.0	0.0	0.0	0.0	0.08460686160574821	0.0	0.0	0.08329189253358325	0.11015063542642924	0.0	0.0	0.0	0.0	0.0	0.0	0.0	0.0	0.0	0.0	0.0	0.0	0.0	0.0	0.0	0.0	0.0	0.0	0.0	0.0	0.0	0.0	0.0	0.0	0.0	0.0	0.0	0.0	0.0	0.0	0.0	0.0	0.0	0.0	0.0	0.0	0.0	0.0	0.0	0.0	0.0
Syn.Breast-AdenoCA::S.115	0.0361769622604805	0.18684223460752844	0.0	0.1133997220114775	0.0	0.0	0.22616211856823265	0.0	0.0	0.0	0.0	0.0	0.0	0.0	0.18593152650520378	0.0	0.0	0.25148743604707713	0.0	0.0	0.0	0.0	0.0	0.0	0.0	0.0	0.0	0.0	0.0	0.0	0.0	0.0	0.0	0.0	0.0	0.0	0.0	0.0	0.0	0.0	0.0	0.0	0.0	0.0	0.0	0.0	0.0	0.0	0.0	0.0	0.0	0.0	0.0	0.0	0.0	0.0	0.0	0.0	0.0	0.0
Syn.Breast-AdenoCA::S.116	0.14100118307037396	0.0	0.0	0.12000779892798685	0.19342116010818983	0.0	0.0	0.0	0.0	0.0	0.0	0.0	0.12490953949405827	0.24796267625304697	0.17269764214634417	0.0	0.0	0.0	0.0	0.0	0.0	0.0	0.0	0.0	0.0	0.0	0.0	0.0	0.0	0.0	0.0	0.0	0.0	0.0	0.0	0.0	0.0	0.0	0.0	0.0	0.0	0.0	0.0	0.0	0.0	0.0	0.0	0.0	0.0	0.0	0.0	0.0	0.0	0.0	0.0	0.0	0.0	0.0	0.0	0.0
Syn.Breast-AdenoCA::S.117	0.16905975034752074	0.0	0.0	0.22998921945005626	0.030338348701051832	0.03512722563469894	0.0	0.0	0.0	0.0	0.0	0.07507823218640852	0.0	0.0	0.17418624737639307	0.0	0.13477688113400027	0.0	0.15144409516987045	0.0	0.0	0.0	0.0	0.0	0.0	0.0	0.0	0.0	0.0	0.0	0.0	0.0	0.0	0.0	0.0	0.0	0.0	0.0	0.0	0.0	0.0	0.0	0.0	0.0	0.0	0.0	0.0	0.0	0.0	0.0	0.0	0.0	0.0	0.0	0.0	0.0	0.0	0.0	0.0	0.0
Syn.Breast-AdenoCA::S.118	0.18608451264582662	0.0	0.1609482751267376	0.19869180893826394	0.0	0.10580083896363612	0.15693224237620687	0.0	0.0	0.0	0.0	0.0	0.0	0.0	0.0	0.0	0.0	0.0	0.191542321949329	0.0	0.0	0.0	0.0	0.0	0.0	0.0	0.0	0.0	0.0	0.0	0.0	0.0	0.0	0.0	0.0	0.0	0.0	0.0	0.0	0.0	0.0	0.0	0.0	0.0	0.0	0.0	0.0	0.0	0.0	0.0	0.0	0.0	0.0	0.0	0.0	0.0	0.0	0.0	0.0	0.0
Syn.Breast-AdenoCA::S.119	0.035821782200525724	0.0	0.0	0.22330393941669796	0.13331976417574165	0.0	0.0	0.0	0.0	0.08481126010764801	0.0	0.0	0.0	0.0	0.5227432540993866	0.0	0.0	0.0	0.0	0.0	0.0	0.0	0.0	0.0	0.0	0.0	0.0	0.0	0.0	0.0	0.0	0.0	0.0	0.0	0.0	0.0	0.0	0.0	0.0	0.0	0.0	0.0	0.0	0.0	0.0	0.0	0.0	0.0	0.0	0.0	0.0	0.0	0.0	0.0	0.0	0.0	0.0	0.0	0.0	0.0
Syn.Breast-AdenoCA::S.120	0.07719886581541219	0.0	0.0	0.17826292674731184	0.0	0.0	0.0	0.0	0.0	0.0	0.0	0.0	0.0568328895609319	0.2030339637096774	0.4846713541666667	0.0	0.0	0.0	0.0	0.0	0.0	0.0	0.0	0.0	0.0	0.0	0.0	0.0	0.0	0.0	0.0	0.0	0.0	0.0	0.0	0.0	0.0	0.0	0.0	0.0	0.0	0.0	0.0	0.0	0.0	0.0	0.0	0.0	0.0	0.0	0.0	0.0	0.0	0.0	0.0	0.0	0.0	0.0	0.0	0.0
Syn.Breast-AdenoCA::S.121	0.1182066528871502	0.08217937069910107	0.0	0.09620697242485138	0.0	0.0	0.0	0.0	0.0	0.0	0.0645951087430569	0.0	0.0	0.3687817003872163	0.2700301948586242	0.0	0.0	0.0	0.0	0.0	0.0	0.0	0.0	0.0	0.0	0.0	0.0	0.0	0.0	0.0	0.0	0.0	0.0	0.0	0.0	0.0	0.0	0.0	0.0	0.0	0.0	0.0	0.0	0.0	0.0	0.0	0.0	0.0	0.0	0.0	0.0	0.0	0.0	0.0	0.0	0.0	0.0	0.0	0.0	0.0
Syn.Breast-AdenoCA::S.122	0.08939353133577309	0.0	0.0	0.04785190073193046	0.2425749222323879	0.09911581678865508	0.0	0.0	0.0	0.0	0.0	0.0	0.036511895471180236	0.10376757959743824	0.1285563755718207	0.0	0.0592823252516011	0.08977278522415372	0.10317286779505946	0.0	0.0	0.0	0.0	0.0	0.0	0.0	0.0	0.0	0.0	0.0	0.0	0.0	0.0	0.0	0.0	0.0	0.0	0.0	0.0	0.0	0.0	0.0	0.0	0.0	0.0	0.0	0.0	0.0	0.0	0.0	0.0	0.0	0.0	0.0	0.0	0.0	0.0	0.0	0.0	0.0
Syn.Breast-AdenoCA::S.123	0.04209170110463051	0.058145388252219855	0.0	0.07972049253314395	0.11120722239455826	0.22297250110691175	0.0	0.0	0.0	0.0	0.05234753763842649	0.0	0.0	0.0	0.4335151569701092	0.0	0.0	0.0	0.0	0.0	0.0	0.0	0.0	0.0	0.0	0.0	0.0	0.0	0.0	0.0	0.0	0.0	0.0	0.0	0.0	0.0	0.0	0.0	0.0	0.0	0.0	0.0	0.0	0.0	0.0	0.0	0.0	0.0	0.0	0.0	0.0	0.0	0.0	0.0	0.0	0.0	0.0	0.0	0.0	0.0
Syn.Breast-AdenoCA::S.124	0.06351587853873036	0.4199128344953368	0.0	0.15955029194821102	0.0	0.09850030508805181	0.0811718867419708	0.0	0.0	0.0	0.0	0.0	0.0	0.0	0.0	0.0	0.0	0.0	0.1773488031876992	0.0	0.0	0.0	0.0	0.0	0.0	0.0	0.0	0.0	0.0	0.0	0.0	0.0	0.0	0.0	0.0	0.0	0.0	0.0	0.0	0.0	0.0	0.0	0.0	0.0	0.0	0.0	0.0	0.0	0.0	0.0	0.0	0.0	0.0	0.0	0.0	0.0	0.0	0.0	0.0	0.0
Syn.Breast-AdenoCA::S.125	0.16055752548821184	0.0	0.0	0.1542318377561426	0.0	0.21189503472139049	0.0	0.0	0.0	0.0	0.05715246448417814	0.0	0.09611691568628397	0.0	0.25589740330855604	0.0	0.0	0.0	0.06414881855523699	0.0	0.0	0.0	0.0	0.0	0.0	0.0	0.0	0.0	0.0	0.0	0.0	0.0	0.0	0.0	0.0	0.0	0.0	0.0	0.0	0.0	0.0	0.0	0.0	0.0	0.0	0.0	0.0	0.0	0.0	0.0	0.0	0.0	0.0	0.0	0.0	0.0	0.0	0.0	0.0	0.0
Syn.Breast-AdenoCA::S.126	0.06228683154914506	0.0	0.0	0.22469403817000289	0.19189633531488215	0.0	0.0	0.0	0.0	0.022580975587281834	0.0	0.0	0.09261066024277002	0.13349700902703493	0.2724341501088832	0.0	0.0	0.0	0.0	0.0	0.0	0.0	0.0	0.0	0.0	0.0	0.0	0.0	0.0	0.0	0.0	0.0	0.0	0.0	0.0	0.0	0.0	0.0	0.0	0.0	0.0	0.0	0.0	0.0	0.0	0.0	0.0	0.0	0.0	0.0	0.0	0.0	0.0	0.0	0.0	0.0	0.0	0.0	0.0	0.0
Syn.Breast-AdenoCA::S.127	0.023475517044896355	0.0	0.0	0.17553033942430493	0.0	0.0	0.0	0.0	0.0	0.0	0.0	0.0	0.0	0.0	0.8009941435307987	0.0	0.0	0.0	0.0	0.0	0.0	0.0	0.0	0.0	0.0	0.0	0.0	0.0	0.0	0.0	0.0	0.0	0.0	0.0	0.0	0.0	0.0	0.0	0.0	0.0	0.0	0.0	0.0	0.0	0.0	0.0	0.0	0.0	0.0	0.0	0.0	0.0	0.0	0.0	0.0	0.0	0.0	0.0	0.0	0.0
Syn.Breast-AdenoCA::S.128	0.09421457159612551	0.07872356298951426	0.0	0.17200372091378335	0.10070220864419062	0.22393784971287228	0.0	0.0	0.0	0.0	0.0	0.0	0.11311659233213522	0.0	0.13059997888890848	0.0	0.0	0.08670151492247036	0.0	0.0	0.0	0.0	0.0	0.0	0.0	0.0	0.0	0.0	0.0	0.0	0.0	0.0	0.0	0.0	0.0	0.0	0.0	0.0	0.0	0.0	0.0	0.0	0.0	0.0	0.0	0.0	0.0	0.0	0.0	0.0	0.0	0.0	0.0	0.0	0.0	0.0	0.0	0.0	0.0	0.0
Syn.Breast-AdenoCA::S.129	0.0847356342604627	0.0	0.0	0.21408309747855472	0.0	0.0	0.0	0.06494326566155446	0.0	0.047695566155445804	0.0	0.0	0.0762470228749675	0.0	0.3057476350402912	0.20654777852872366	0.0	0.0	0.0	0.0	0.0	0.0	0.0	0.0	0.0	0.0	0.0	0.0	0.0	0.0	0.0	0.0	0.0	0.0	0.0	0.0	0.0	0.0	0.0	0.0	0.0	0.0	0.0	0.0	0.0	0.0	0.0	0.0	0.0	0.0	0.0	0.0	0.0	0.0	0.0	0.0	0.0	0.0	0.0	0.0
Syn.Breast-AdenoCA::S.130	0.06840458453821924	0.0	0.0	0.15579488267216712	0.10937627223583185	0.0	0.0	0.048736302809008585	0.0	0.048696892309509424	0.0	0.0	0.0	0.0	0.0	0.0	0.0	0.5689910654352637	0.0	0.0	0.0	0.0	0.0	0.0	0.0	0.0	0.0	0.0	0.0	0.0	0.0	0.0	0.0	0.0	0.0	0.0	0.0	0.0	0.0	0.0	0.0	0.0	0.0	0.0	0.0	0.0	0.0	0.0	0.0	0.0	0.0	0.0	0.0	0.0	0.0	0.0	0.0	0.0	0.0	0.0
Syn.Breast-AdenoCA::S.131	0.04307279385007278	0.19976589519650656	0.0	0.1430576362809316	0.0	0.05211173944687045	0.0	0.05034410625909753	0.0	0.0	0.05812414446870451	0.0	0.0	0.0	0.07117389537845706	0.0	0.1874114808951965	0.19493830822416303	0.0	0.0	0.0	0.0	0.0	0.0	0.0	0.0	0.0	0.0	0.0	0.0	0.0	0.0	0.0	0.0	0.0	0.0	0.0	0.0	0.0	0.0	0.0	0.0	0.0	0.0	0.0	0.0	0.0	0.0	0.0	0.0	0.0	0.0	0.0	0.0	0.0	0.0	0.0	0.0	0.0	0.0
Syn.Breast-AdenoCA::S.132	0.13087256633191233	0.0	0.0	0.10516058625415883	0.0	0.2415124947265801	0.038045075914406416	0.0	0.0	0.0	0.0	0.06508023465488459	0.0	0.05754315143807077	0.11186974026585099	0.0	0.0	0.24991615041413606	0.0	0.0	0.0	0.0	0.0	0.0	0.0	0.0	0.0	0.0	0.0	0.0	0.0	0.0	0.0	0.0	0.0	0.0	0.0	0.0	0.0	0.0	0.0	0.0	0.0	0.0	0.0	0.0	0.0	0.0	0.0	0.0	0.0	0.0	0.0	0.0	0.0	0.0	0.0	0.0	0.0	0.0
Syn.Breast-AdenoCA::S.133	0.17129284293445582	0.0	0.0	0.26416421707757065	0.0	0.03180687504509922	0.0	0.0	0.0954881771497294	0.08836710162357186	0.0	0.0	0.0	0.0	0.3488807861695731	0.0	0.0	0.0	0.0	0.0	0.0	0.0	0.0	0.0	0.0	0.0	0.0	0.0	0.0	0.0	0.0	0.0	0.0	0.0	0.0	0.0	0.0	0.0	0.0	0.0	0.0	0.0	0.0	0.0	0.0	0.0	0.0	0.0	0.0	0.0	0.0	0.0	0.0	0.0	0.0	0.0	0.0	0.0	0.0	0.0
Syn.Breast-AdenoCA::S.134	0.14153371353648136	0.07128119912442615	0.0	0.11087545764109817	0.0	0.2058543538741106	0.0	0.0	0.0	0.0916365549507187	0.0933306305525088	0.0	0.07033282039820347	0.09149169113009978	0.0	0.0	0.0	0.0	0.12366357879235308	0.0	0.0	0.0	0.0	0.0	0.0	0.0	0.0	0.0	0.0	0.0	0.0	0.0	0.0	0.0	0.0	0.0	0.0	0.0	0.0	0.0	0.0	0.0	0.0	0.0	0.0	0.0	0.0	0.0	0.0	0.0	0.0	0.0	0.0	0.0	0.0	0.0	0.0	0.0	0.0	0.0
Syn.Breast-AdenoCA::S.135	0.11414154898710864	0.05094489502762431	0.0	0.12958676077348066	0.08258135506445673	0.1050383335174954	0.10507346685082875	0.0	0.0	0.0	0.08345575819521178	0.0	0.0	0.0	0.12873231878453037	0.0	0.0	0.20044556279926334	0.0	0.0	0.0	0.0	0.0	0.0	0.0	0.0	0.0	0.0	0.0	0.0	0.0	0.0	0.0	0.0	0.0	0.0	0.0	0.0	0.0	0.0	0.0	0.0	0.0	0.0	0.0	0.0	0.0	0.0	0.0	0.0	0.0	0.0	0.0	0.0	0.0	0.0	0.0	0.0	0.0	0.0
Syn.Breast-AdenoCA::S.136	0.05850192541933626	0.0	0.0	0.17715886653228707	0.0	0.0	0.6272284685047873	0.0	0.0	0.0	0.0	0.0	0.0	0.0	0.0	0.0	0.0	0.13711073954358938	0.0	0.0	0.0	0.0	0.0	0.0	0.0	0.0	0.0	0.0	0.0	0.0	0.0	0.0	0.0	0.0	0.0	0.0	0.0	0.0	0.0	0.0	0.0	0.0	0.0	0.0	0.0	0.0	0.0	0.0	0.0	0.0	0.0	0.0	0.0	0.0	0.0	0.0	0.0	0.0	0.0	0.0
Syn.Breast-AdenoCA::S.137	0.24811150276782806	0.0	0.0	0.03868902800390752	0.0	0.056270475740801046	0.10412741094106155	0.06923877238684467	0.0	0.06663216183653532	0.09753135460761968	0.0	0.0	0.0	0.08640928524910452	0.0	0.10774746792575708	0.06257441712797135	0.0626681234125692	0.0	0.0	0.0	0.0	0.0	0.0	0.0	0.0	0.0	0.0	0.0	0.0	0.0	0.0	0.0	0.0	0.0	0.0	0.0	0.0	0.0	0.0	0.0	0.0	0.0	0.0	0.0	0.0	0.0	0.0	0.0	0.0	0.0	0.0	0.0	0.0	0.0	0.0	0.0	0.0	0.0
Syn.Breast-AdenoCA::S.138	0.0534934676731211	0.0	0.0	0.09959830620282245	0.10961138693797179	0.0	0.0	0.12619743715129636	0.0	0.0	0.0	0.0	0.10689947653429603	0.10088800557925828	0.0	0.0	0.2128927115195274	0.07854322612405645	0.11187598227765015	0.0	0.0	0.0	0.0	0.0	0.0	0.0	0.0	0.0	0.0	0.0	0.0	0.0	0.0	0.0	0.0	0.0	0.0	0.0	0.0	0.0	0.0	0.0	0.0	0.0	0.0	0.0	0.0	0.0	0.0	0.0	0.0	0.0	0.0	0.0	0.0	0.0	0.0	0.0	0.0	0.0
Syn.Breast-AdenoCA::S.139	0.046615716515837104	0.0	0.0	0.1672269088235294	0.2230080520361991	0.049886314027149326	0.0	0.0	0.0	0.027546440497737558	0.0	0.0	0.12050150407239821	0.07402070271493214	0.0	0.0	0.1642333567873303	0.0	0.12696100452488687	0.0	0.0	0.0	0.0	0.0	0.0	0.0	0.0	0.0	0.0	0.0	0.0	0.0	0.0	0.0	0.0	0.0	0.0	0.0	0.0	0.0	0.0	0.0	0.0	0.0	0.0	0.0	0.0	0.0	0.0	0.0	0.0	0.0	0.0	0.0	0.0	0.0	0.0	0.0	0.0	0.0
Syn.Breast-AdenoCA::S.140	0.07029489484222776	0.10652480227064873	0.0	0.13494454841627027	0.0	0.0	0.18370613627793725	0.0	0.0	0.0	0.0	0.0	0.0	0.0	0.374170716978188	0.0	0.13035890121472796	0.0	0.0	0.0	0.0	0.0	0.0	0.0	0.0	0.0	0.0	0.0	0.0	0.0	0.0	0.0	0.0	0.0	0.0	0.0	0.0	0.0	0.0	0.0	0.0	0.0	0.0	0.0	0.0	0.0	0.0	0.0	0.0	0.0	0.0	0.0	0.0	0.0	0.0	0.0	0.0	0.0	0.0	0.0
Syn.Breast-AdenoCA::S.141	0.14041655637367695	0.0	0.0	0.16577156051541647	0.20681261159687067	0.0	0.12477711458812701	0.02354776944316613	0.0	0.0	0.0	0.0	0.10459560561435803	0.0	0.0	0.0	0.15020326599171654	0.0	0.0838755158766682	0.0	0.0	0.0	0.0	0.0	0.0	0.0	0.0	0.0	0.0	0.0	0.0	0.0	0.0	0.0	0.0	0.0	0.0	0.0	0.0	0.0	0.0	0.0	0.0	0.0	0.0	0.0	0.0	0.0	0.0	0.0	0.0	0.0	0.0	0.0	0.0	0.0	0.0	0.0	0.0	0.0
Syn.Breast-AdenoCA::S.142	0.08957866591514654	0.0	0.0	0.16757635109653618	0.0	0.10301353638040582	0.14892508710801394	0.0	0.0	0.04064092334494774	0.0	0.0	0.0	0.08159555380200861	0.1553210981758557	0.0	0.12888482332445175	0.0	0.08446396085263375	0.0	0.0	0.0	0.0	0.0	0.0	0.0	0.0	0.0	0.0	0.0	0.0	0.0	0.0	0.0	0.0	0.0	0.0	0.0	0.0	0.0	0.0	0.0	0.0	0.0	0.0	0.0	0.0	0.0	0.0	0.0	0.0	0.0	0.0	0.0	0.0	0.0	0.0	0.0	0.0	0.0
Syn.Breast-AdenoCA::S.143	0.025624119190365578	0.0	0.0	0.14613947861142132	0.10300375785014218	0.0	0.10075003765021488	0.0	0.0	0.0	0.0	0.0	0.05041291875346335	0.0	0.47610753396100064	0.0	0.0	0.0	0.09796215398339193	0.0	0.0	0.0	0.0	0.0	0.0	0.0	0.0	0.0	0.0	0.0	0.0	0.0	0.0	0.0	0.0	0.0	0.0	0.0	0.0	0.0	0.0	0.0	0.0	0.0	0.0	0.0	0.0	0.0	0.0	0.0	0.0	0.0	0.0	0.0	0.0	0.0	0.0	0.0	0.0	0.0
Syn.Breast-AdenoCA::S.144	0.15309866612855885	0.0396963699735838	0.0	0.28390315027883767	0.0	0.0	0.0	0.0	0.0	0.0	0.0	0.0	0.0	0.0	0.0	0.0	0.0	0.5233018136190196	0.0	0.0	0.0	0.0	0.0	0.0	0.0	0.0	0.0	0.0	0.0	0.0	0.0	0.0	0.0	0.0	0.0	0.0	0.0	0.0	0.0	0.0	0.0	0.0	0.0	0.0	0.0	0.0	0.0	0.0	0.0	0.0	0.0	0.0	0.0	0.0	0.0	0.0	0.0	0.0	0.0	0.0
Syn.Breast-AdenoCA::S.145	0.048833078379568476	0.0	0.0	0.16127199251431087	0.24639042888595333	0.08879074944958168	0.0	0.0	0.0	0.0	0.0	0.0	0.0702393769264641	0.0	0.19883137780713342	0.0	0.0	0.1856429960369881	0.0	0.0	0.0	0.0	0.0	0.0	0.0	0.0	0.0	0.0	0.0	0.0	0.0	0.0	0.0	0.0	0.0	0.0	0.0	0.0	0.0	0.0	0.0	0.0	0.0	0.0	0.0	0.0	0.0	0.0	0.0	0.0	0.0	0.0	0.0	0.0	0.0	0.0	0.0	0.0	0.0	0.0
Syn.Breast-AdenoCA::S.146	0.08453469068225243	0.0	0.0	0.22101063122400805	0.0	0.1519045750252894	0.4652213525907608	0.009397286388670337	0.0	0.0	0.0	0.06793146408901876	0.0	0.0	0.0	0.0	0.0	0.0	0.0	0.0	0.0	0.0	0.0	0.0	0.0	0.0	0.0	0.0	0.0	0.0	0.0	0.0	0.0	0.0	0.0	0.0	0.0	0.0	0.0	0.0	0.0	0.0	0.0	0.0	0.0	0.0	0.0	0.0	0.0	0.0	0.0	0.0	0.0	0.0	0.0	0.0	0.0	0.0	0.0	0.0
Syn.Breast-AdenoCA::S.147	0.077341326923189	0.1503643553457568	0.0	0.1220962160027053	0.0	0.2243777717643027	0.0	0.0	0.0	0.0	0.0	0.0	0.0	0.10238289150653347	0.0	0.0	0.0	0.2252718974344244	0.09816554102308829	0.0	0.0	0.0	0.0	0.0	0.0	0.0	0.0	0.0	0.0	0.0	0.0	0.0	0.0	0.0	0.0	0.0	0.0	0.0	0.0	0.0	0.0	0.0	0.0	0.0	0.0	0.0	0.0	0.0	0.0	0.0	0.0	0.0	0.0	0.0	0.0	0.0	0.0	0.0	0.0	0.0
Syn.Breast-AdenoCA::S.148	0.07101138855698721	0.0	0.0	0.20504403943819982	0.0	0.04712116041148164	0.0	0.0	0.0	0.053254867950403	0.0	0.08345077127305545	0.0	0.0	0.2790002394530654	0.0	0.0	0.0	0.26111753291680756	0.0	0.0	0.0	0.0	0.0	0.0	0.0	0.0	0.0	0.0	0.0	0.0	0.0	0.0	0.0	0.0	0.0	0.0	0.0	0.0	0.0	0.0	0.0	0.0	0.0	0.0	0.0	0.0	0.0	0.0	0.0	0.0	0.0	0.0	0.0	0.0	0.0	0.0	0.0	0.0	0.0
Syn.Breast-AdenoCA::S.149	0.025143495714386913	0.0	0.0	0.1086600029042998	0.4289621860168591	0.0	0.30667873478784446	0.0	0.0	0.0	0.0	0.0	0.0	0.0	0.13055558057660976	0.0	0.0	0.0	0.0	0.0	0.0	0.0	0.0	0.0	0.0	0.0	0.0	0.0	0.0	0.0	0.0	0.0	0.0	0.0	0.0	0.0	0.0	0.0	0.0	0.0	0.0	0.0	0.0	0.0	0.0	0.0	0.0	0.0	0.0	0.0	0.0	0.0	0.0	0.0	0.0	0.0	0.0	0.0	0.0	0.0
Syn.Breast-AdenoCA::S.150	0.03687698136399712	0.05462501788480205	0.0	0.08420475265889002	0.0	0.15111055797638107	0.0	0.0	0.0	0.11657687028955926	0.1376369098861497	0.0	0.07013781761870803	0.0	0.17089590124368556	0.0	0.0	0.09765369826977777	0.0802814928080495	0.0	0.0	0.0	0.0	0.0	0.0	0.0	0.0	0.0	0.0	0.0	0.0	0.0	0.0	0.0	0.0	0.0	0.0	0.0	0.0	0.0	0.0	0.0	0.0	0.0	0.0	0.0	0.0	0.0	0.0	0.0	0.0	0.0	0.0	0.0	0.0	0.0	0.0	0.0	0.0	0.0
Syn.Breast-AdenoCA::S.151	0.16004090652605013	0.0	0.0	0.13259550351541374	0.0	0.014509721110510186	0.0	0.0	0.0	0.0	0.0	0.0	0.0	0.0	0.6928538688480259	0.0	0.0	0.0	0.0	0.0	0.0	0.0	0.0	0.0	0.0	0.0	0.0	0.0	0.0	0.0	0.0	0.0	0.0	0.0	0.0	0.0	0.0	0.0	0.0	0.0	0.0	0.0	0.0	0.0	0.0	0.0	0.0	0.0	0.0	0.0	0.0	0.0	0.0	0.0	0.0	0.0	0.0	0.0	0.0	0.0
Syn.Breast-AdenoCA::S.152	0.09495892338514038	0.0	0.0	0.2153886941020572	0.0	0.0	0.576589881302295	0.0	0.0	0.0	0.0	0.0	0.0	0.0	0.11306250121050744	0.0	0.0	0.0	0.0	0.0	0.0	0.0	0.0	0.0	0.0	0.0	0.0	0.0	0.0	0.0	0.0	0.0	0.0	0.0	0.0	0.0	0.0	0.0	0.0	0.0	0.0	0.0	0.0	0.0	0.0	0.0	0.0	0.0	0.0	0.0	0.0	0.0	0.0	0.0	0.0	0.0	0.0	0.0	0.0	0.0
Syn.Breast-AdenoCA::S.153	0.15211768774337103	0.0	0.0	0.19982373892082328	0.0	0.18166573020582236	0.08787272612646023	0.025236694789541998	0.0	0.0	0.0	0.0	0.07131997941776377	0.0	0.2819634427962173	0.0	0.0	0.0	0.0	0.0	0.0	0.0	0.0	0.0	0.0	0.0	0.0	0.0	0.0	0.0	0.0	0.0	0.0	0.0	0.0	0.0	0.0	0.0	0.0	0.0	0.0	0.0	0.0	0.0	0.0	0.0	0.0	0.0	0.0	0.0	0.0	0.0	0.0	0.0	0.0	0.0	0.0	0.0	0.0	0.0
Syn.Breast-AdenoCA::S.154	0.06257535155412647	0.0	0.0	0.09836595891389782	0.06467110682386568	0.192432633083244	0.0	0.0	0.0	0.0	0.0	0.0	0.0907773072525902	0.0	0.1526908717399071	0.0	0.10755267702750983	0.1309375512683101	0.09999654233654878	0.0	0.0	0.0	0.0	0.0	0.0	0.0	0.0	0.0	0.0	0.0	0.0	0.0	0.0	0.0	0.0	0.0	0.0	0.0	0.0	0.0	0.0	0.0	0.0	0.0	0.0	0.0	0.0	0.0	0.0	0.0	0.0	0.0	0.0	0.0	0.0	0.0	0.0	0.0	0.0	0.0
Syn.Breast-AdenoCA::S.155	0.16944294756329817	0.0	0.0	0.14345016044386064	0.0	0.09799334206633604	0.04569367852745872	0.0	0.09298579255190333	0.0	0.0	0.0	0.0	0.0	0.3350617082339438	0.0	0.0	0.11537237061319922	0.0	0.0	0.0	0.0	0.0	0.0	0.0	0.0	0.0	0.0	0.0	0.0	0.0	0.0	0.0	0.0	0.0	0.0	0.0	0.0	0.0	0.0	0.0	0.0	0.0	0.0	0.0	0.0	0.0	0.0	0.0	0.0	0.0	0.0	0.0	0.0	0.0	0.0	0.0	0.0	0.0	0.0
Syn.Breast-AdenoCA::S.156	0.019568939545297967	0.0	0.0	0.1419820131760248	0.0	0.0	0.0	0.0	0.0	0.0	0.0	0.0	0.0	0.0	0.8384490472786772	0.0	0.0	0.0	0.0	0.0	0.0	0.0	0.0	0.0	0.0	0.0	0.0	0.0	0.0	0.0	0.0	0.0	0.0	0.0	0.0	0.0	0.0	0.0	0.0	0.0	0.0	0.0	0.0	0.0	0.0	0.0	0.0	0.0	0.0	0.0	0.0	0.0	0.0	0.0	0.0	0.0	0.0	0.0	0.0	0.0
Syn.Breast-AdenoCA::S.157	0.13359820950484932	0.10194607951226921	0.0	0.07571161879614972	0.0	0.0	0.10145236741888465	0.0	0.0	0.09256151658879092	0.11863691116001181	0.0	0.0	0.0	0.2759051349410536	0.0	0.0	0.0	0.10018816207799082	0.0	0.0	0.0	0.0	0.0	0.0	0.0	0.0	0.0	0.0	0.0	0.0	0.0	0.0	0.0	0.0	0.0	0.0	0.0	0.0	0.0	0.0	0.0	0.0	0.0	0.0	0.0	0.0	0.0	0.0	0.0	0.0	0.0	0.0	0.0	0.0	0.0	0.0	0.0	0.0	0.0
Syn.Breast-AdenoCA::S.158	0.046159164749790545	0.29265778193312514	0.0	0.0970656205346942	0.054836297585497754	0.0	0.0	0.0	0.0	0.0	0.0	0.0	0.0	0.19152147604539568	0.31775965915149673	0.0	0.0	0.0	0.0	0.0	0.0	0.0	0.0	0.0	0.0	0.0	0.0	0.0	0.0	0.0	0.0	0.0	0.0	0.0	0.0	0.0	0.0	0.0	0.0	0.0	0.0	0.0	0.0	0.0	0.0	0.0	0.0	0.0	0.0	0.0	0.0	0.0	0.0	0.0	0.0	0.0	0.0	0.0	0.0	0.0
Syn.Breast-AdenoCA::S.159	0.15897122199138217	0.0	0.2688384784946184	0.1805533129175571	0.07120258573898408	0.0	0.0	0.0	0.0	0.0	0.0	0.0	0.0	0.0	0.17960051671276478	0.0	0.0	0.1408338841446935	0.0	0.0	0.0	0.0	0.0	0.0	0.0	0.0	0.0	0.0	0.0	0.0	0.0	0.0	0.0	0.0	0.0	0.0	0.0	0.0	0.0	0.0	0.0	0.0	0.0	0.0	0.0	0.0	0.0	0.0	0.0	0.0	0.0	0.0	0.0	0.0	0.0	0.0	0.0	0.0	0.0	0.0
Syn.Breast-AdenoCA::S.160	0.17521762340244515	0.07552500745898505	0.0	0.11034085549032889	0.12122949243026075	0.0921440783512726	0.0	0.0	0.0	0.0	0.0	0.076775664270104	0.047624210928687925	0.0	0.0	0.0	0.09242302843865473	0.10532807723647622	0.10339196199278462	0.0	0.0	0.0	0.0	0.0	0.0	0.0	0.0	0.0	0.0	0.0	0.0	0.0	0.0	0.0	0.0	0.0	0.0	0.0	0.0	0.0	0.0	0.0	0.0	0.0	0.0	0.0	0.0	0.0	0.0	0.0	0.0	0.0	0.0	0.0	0.0	0.0	0.0	0.0	0.0	0.0
Syn.Breast-AdenoCA::S.161	0.034562315587001784	0.0	0.0	0.2148466711368518	0.5720499391697593	0.0	0.0	0.0	0.0	0.0	0.06642221435576348	0.0	0.0	0.0	0.0	0.0	0.0	0.11211885975062354	0.0	0.0	0.0	0.0	0.0	0.0	0.0	0.0	0.0	0.0	0.0	0.0	0.0	0.0	0.0	0.0	0.0	0.0	0.0	0.0	0.0	0.0	0.0	0.0	0.0	0.0	0.0	0.0	0.0	0.0	0.0	0.0	0.0	0.0	0.0	0.0	0.0	0.0	0.0	0.0	0.0	0.0
Syn.Breast-AdenoCA::S.162	0.04566376429906542	0.05805959457943925	0.0	0.12634867887850468	0.0	0.07811917887850467	0.07191603775700935	0.0	0.0	0.0	0.0	0.0	0.0	0.0	0.45630330803738317	0.0	0.0	0.08753938224299065	0.07605005532710281	0.0	0.0	0.0	0.0	0.0	0.0	0.0	0.0	0.0	0.0	0.0	0.0	0.0	0.0	0.0	0.0	0.0	0.0	0.0	0.0	0.0	0.0	0.0	0.0	0.0	0.0	0.0	0.0	0.0	0.0	0.0	0.0	0.0	0.0	0.0	0.0	0.0	0.0	0.0	0.0	0.0
Syn.Breast-AdenoCA::S.163	0.0672182204277608	0.0	0.0	0.19930846639022262	0.5070760246617197	0.0	0.0	0.0	0.0	0.0	0.0	0.0	0.09548754845045831	0.1309097400698385	0.0	0.0	0.0	0.0	0.0	0.0	0.0	0.0	0.0	0.0	0.0	0.0	0.0	0.0	0.0	0.0	0.0	0.0	0.0	0.0	0.0	0.0	0.0	0.0	0.0	0.0	0.0	0.0	0.0	0.0	0.0	0.0	0.0	0.0	0.0	0.0	0.0	0.0	0.0	0.0	0.0	0.0	0.0	0.0	0.0	0.0
Syn.Breast-AdenoCA::S.164	0.13157171629121775	0.0	0.09865156594841658	0.09945104407443682	0.26090095233431276	0.14354094662095984	0.0	0.0	0.0	0.0	0.0	0.0	0.0	0.051486674828599414	0.0	0.0	0.0	0.15529000587659156	0.05910709402546523	0.0	0.0	0.0	0.0	0.0	0.0	0.0	0.0	0.0	0.0	0.0	0.0	0.0	0.0	0.0	0.0	0.0	0.0	0.0	0.0	0.0	0.0	0.0	0.0	0.0	0.0	0.0	0.0	0.0	0.0	0.0	0.0	0.0	0.0	0.0	0.0	0.0	0.0	0.0	0.0	0.0
Syn.Breast-AdenoCA::S.165	0.05069209524556725	0.0	0.5263711849992155	0.19513551514200536	0.0	0.0	0.0798968443433234	0.0	0.0	0.0	0.0	0.0	0.018324592499607724	0.0	0.0	0.0	0.1295797677702809	0.0	0.0	0.0	0.0	0.0	0.0	0.0	0.0	0.0	0.0	0.0	0.0	0.0	0.0	0.0	0.0	0.0	0.0	0.0	0.0	0.0	0.0	0.0	0.0	0.0	0.0	0.0	0.0	0.0	0.0	0.0	0.0	0.0	0.0	0.0	0.0	0.0	0.0	0.0	0.0	0.0	0.0	0.0
Syn.Breast-AdenoCA::S.166	0.10169730593607305	0.1360681385844749	0.06505952283105022	0.0526098897260274	0.11064270639269407	0.0	0.0	0.0	0.0	0.0	0.0	0.0	0.05354276621004566	0.11414513652968036	0.36623453378995435	0.0	0.0	0.0	0.0	0.0	0.0	0.0	0.0	0.0	0.0	0.0	0.0	0.0	0.0	0.0	0.0	0.0	0.0	0.0	0.0	0.0	0.0	0.0	0.0	0.0	0.0	0.0	0.0	0.0	0.0	0.0	0.0	0.0	0.0	0.0	0.0	0.0	0.0	0.0	0.0	0.0	0.0	0.0	0.0	0.0
Syn.Breast-AdenoCA::S.167	0.15812308106585385	0.0	0.0	0.11384279966258369	0.13794833633952566	0.0	0.27403265425295753	0.0	0.0	0.0	0.0	0.0	0.06534443883100975	0.1374448996668059	0.0	0.11326379018126366	0.0	0.0	0.0	0.0	0.0	0.0	0.0	0.0	0.0	0.0	0.0	0.0	0.0	0.0	0.0	0.0	0.0	0.0	0.0	0.0	0.0	0.0	0.0	0.0	0.0	0.0	0.0	0.0	0.0	0.0	0.0	0.0	0.0	0.0	0.0	0.0	0.0	0.0	0.0	0.0	0.0	0.0	0.0	0.0
Syn.Breast-AdenoCA::S.168	0.0614989867063145	0.0	0.0	0.18812763424873186	0.27109653192233685	0.0	0.0	0.07011919625677802	0.0	0.0	0.0	0.0	0.0	0.0	0.4091576508658387	0.0	0.0	0.0	0.0	0.0	0.0	0.0	0.0	0.0	0.0	0.0	0.0	0.0	0.0	0.0	0.0	0.0	0.0	0.0	0.0	0.0	0.0	0.0	0.0	0.0	0.0	0.0	0.0	0.0	0.0	0.0	0.0	0.0	0.0	0.0	0.0	0.0	0.0	0.0	0.0	0.0	0.0	0.0	0.0	0.0
Syn.Breast-AdenoCA::S.169	0.03457259171144063	0.1678014309107909	0.3134736366399336	0.10104861698885977	0.18161330160249897	0.0	0.08445012025630946	0.0	0.0	0.0	0.0	0.0	0.0	0.11704030189016648	0.0	0.0	0.0	0.0	0.0	0.0	0.0	0.0	0.0	0.0	0.0	0.0	0.0	0.0	0.0	0.0	0.0	0.0	0.0	0.0	0.0	0.0	0.0	0.0	0.0	0.0	0.0	0.0	0.0	0.0	0.0	0.0	0.0	0.0	0.0	0.0	0.0	0.0	0.0	0.0	0.0	0.0	0.0	0.0	0.0	0.0
Syn.Breast-AdenoCA::S.170	0.07880086651506715	0.0	0.0	0.18819379586625767	0.0609099863469779	0.0	0.06415918908207074	0.0	0.0	0.06333273358444816	0.0	0.11626436332642943	0.045990274882487	0.0	0.3823487903962621	0.0	0.0	0.0	0.0	0.0	0.0	0.0	0.0	0.0	0.0	0.0	0.0	0.0	0.0	0.0	0.0	0.0	0.0	0.0	0.0	0.0	0.0	0.0	0.0	0.0	0.0	0.0	0.0	0.0	0.0	0.0	0.0	0.0	0.0	0.0	0.0	0.0	0.0	0.0	0.0	0.0	0.0	0.0	0.0	0.0
Syn.Breast-AdenoCA::S.171	0.03473793122582815	0.0	0.0	0.14334242744240794	0.11915245670085757	0.0	0.07611464519926013	0.0	0.0	0.0	0.0	0.0	0.06095846460400202	0.0	0.43983512359172694	0.0	0.0	0.12585895123591728	0.0	0.0	0.0	0.0	0.0	0.0	0.0	0.0	0.0	0.0	0.0	0.0	0.0	0.0	0.0	0.0	0.0	0.0	0.0	0.0	0.0	0.0	0.0	0.0	0.0	0.0	0.0	0.0	0.0	0.0	0.0	0.0	0.0	0.0	0.0	0.0	0.0	0.0	0.0	0.0	0.0	0.0
Syn.Breast-AdenoCA::S.172	0.048660738912013446	0.0	0.1759394481372478	0.08087941947396954	0.06925590920745607	0.07513586913659707	0.058523304149947004	0.054685809033973735	0.0	0.0	0.0	0.0	0.07333713885883583	0.12454825743494263	0.05425653430324863	0.0	0.0	0.18477757135176842	0.0	0.0	0.0	0.0	0.0	0.0	0.0	0.0	0.0	0.0	0.0	0.0	0.0	0.0	0.0	0.0	0.0	0.0	0.0	0.0	0.0	0.0	0.0	0.0	0.0	0.0	0.0	0.0	0.0	0.0	0.0	0.0	0.0	0.0	0.0	0.0	0.0	0.0	0.0	0.0	0.0	0.0
Syn.Breast-AdenoCA::S.173	0.18699110624999998	0.06648607369791666	0.0	0.18140234531250002	0.17053759921875	0.0	0.0	0.0	0.0	0.08742758020833333	0.0	0.0	0.05057212239583333	0.0	0.25658317291666666	0.0	0.0	0.0	0.0	0.0	0.0	0.0	0.0	0.0	0.0	0.0	0.0	0.0	0.0	0.0	0.0	0.0	0.0	0.0	0.0	0.0	0.0	0.0	0.0	0.0	0.0	0.0	0.0	0.0	0.0	0.0	0.0	0.0	0.0	0.0	0.0	0.0	0.0	0.0	0.0	0.0	0.0	0.0	0.0	0.0
Syn.Breast-AdenoCA::S.174	0.07036642067661274	0.0	0.0	0.20241471905862576	0.06734519415843665	0.0	0.0	0.0	0.07417017734818239	0.0	0.0	0.0	0.060961888632065565	0.04111016810254255	0.24002376276528684	0.0	0.0	0.24360766925824753	0.0	0.0	0.0	0.0	0.0	0.0	0.0	0.0	0.0	0.0	0.0	0.0	0.0	0.0	0.0	0.0	0.0	0.0	0.0	0.0	0.0	0.0	0.0	0.0	0.0	0.0	0.0	0.0	0.0	0.0	0.0	0.0	0.0	0.0	0.0	0.0	0.0	0.0	0.0	0.0	0.0	0.0
Syn.Breast-AdenoCA::S.175	0.06684966551763064	0.0	0.0	0.12274627318806494	0.04878369881647202	0.0	0.45844483770331435	0.0	0.0	0.0	0.0	0.0	0.1050098142287496	0.0	0.0	0.11796245635932295	0.0	0.0	0.0802032541864456	0.0	0.0	0.0	0.0	0.0	0.0	0.0	0.0	0.0	0.0	0.0	0.0	0.0	0.0	0.0	0.0	0.0	0.0	0.0	0.0	0.0	0.0	0.0	0.0	0.0	0.0	0.0	0.0	0.0	0.0	0.0	0.0	0.0	0.0	0.0	0.0	0.0	0.0	0.0	0.0	0.0
Syn.Breast-AdenoCA::S.176	0.06836152146701714	0.08229362398297659	0.0	0.1396096958317687	0.0	0.0	0.0	0.0	0.0	0.0	0.0	0.0	0.0	0.0	0.5821580002503443	0.0	0.0	0.0	0.12757715846789336	0.0	0.0	0.0	0.0	0.0	0.0	0.0	0.0	0.0	0.0	0.0	0.0	0.0	0.0	0.0	0.0	0.0	0.0	0.0	0.0	0.0	0.0	0.0	0.0	0.0	0.0	0.0	0.0	0.0	0.0	0.0	0.0	0.0	0.0	0.0	0.0	0.0	0.0	0.0	0.0	0.0
Syn.Breast-AdenoCA::S.177	0.13032800074654724	0.0	0.0	0.1234956987681971	0.08884249962672641	0.0	0.0	0.0	0.0	0.0414281362448675	0.0	0.0	0.04365419279581934	0.0	0.0	0.0	0.0	0.4698955664427026	0.10235590537514	0.0	0.0	0.0	0.0	0.0	0.0	0.0	0.0	0.0	0.0	0.0	0.0	0.0	0.0	0.0	0.0	0.0	0.0	0.0	0.0	0.0	0.0	0.0	0.0	0.0	0.0	0.0	0.0	0.0	0.0	0.0	0.0	0.0	0.0	0.0	0.0	0.0	0.0	0.0	0.0	0.0
Syn.Breast-AdenoCA::S.178	0.06848345920941969	0.0	0.0	0.1185195063078217	0.1963987121530698	0.0	0.0	0.05291789402859546	0.0	0.0	0.0	0.0	0.0	0.15085385176619007	0.14565969617325483	0.0	0.0	0.164613980235492	0.10255290012615643	0.0	0.0	0.0	0.0	0.0	0.0	0.0	0.0	0.0	0.0	0.0	0.0	0.0	0.0	0.0	0.0	0.0	0.0	0.0	0.0	0.0	0.0	0.0	0.0	0.0	0.0	0.0	0.0	0.0	0.0	0.0	0.0	0.0	0.0	0.0	0.0	0.0	0.0	0.0	0.0	0.0
Syn.Breast-AdenoCA::S.179	0.04225199022801303	0.07971644625407166	0.0	0.0738884321961255	0.06930366509514829	0.0	0.0	0.0	0.0	0.0	0.0	0.0	0.0	0.0	0.6210634429110234	0.0	0.11377602331561804	0.0	0.0	0.0	0.0	0.0	0.0	0.0	0.0	0.0	0.0	0.0	0.0	0.0	0.0	0.0	0.0	0.0	0.0	0.0	0.0	0.0	0.0	0.0	0.0	0.0	0.0	0.0	0.0	0.0	0.0	0.0	0.0	0.0	0.0	0.0	0.0	0.0	0.0	0.0	0.0	0.0	0.0	0.0
Syn.Breast-AdenoCA::S.180	0.05020704113587065	0.16328597807763495	0.09992473383674225	0.058048252777840176	0.07744018514391768	0.2122541406845581	0.0	0.0	0.0	0.0	0.0	0.0	0.13435260010191452	0.08489367058767923	0.11959339765384257	0.0	0.0	0.0	0.0	0.0	0.0	0.0	0.0	0.0	0.0	0.0	0.0	0.0	0.0	0.0	0.0	0.0	0.0	0.0	0.0	0.0	0.0	0.0	0.0	0.0	0.0	0.0	0.0	0.0	0.0	0.0	0.0	0.0	0.0	0.0	0.0	0.0	0.0	0.0	0.0	0.0	0.0	0.0	0.0	0.0
Syn.Breast-AdenoCA::S.181	0.07270868797776234	0.10519973412091731	0.0	0.1453202742182071	0.562441604447533	0.0	0.0	0.0	0.0	0.0	0.0	0.0	0.11432969923558026	0.0	0.0	0.0	0.0	0.0	0.0	0.0	0.0	0.0	0.0	0.0	0.0	0.0	0.0	0.0	0.0	0.0	0.0	0.0	0.0	0.0	0.0	0.0	0.0	0.0	0.0	0.0	0.0	0.0	0.0	0.0	0.0	0.0	0.0	0.0	0.0	0.0	0.0	0.0	0.0	0.0	0.0	0.0	0.0	0.0	0.0	0.0
Syn.Breast-AdenoCA::S.182	0.0503257490264536	0.0	0.34061842956895394	0.21694226520746607	0.0	0.0	0.15359501772525846	0.0	0.0	0.0	0.0	0.0	0.0	0.0	0.23851853847186785	0.0	0.0	0.0	0.0	0.0	0.0	0.0	0.0	0.0	0.0	0.0	0.0	0.0	0.0	0.0	0.0	0.0	0.0	0.0	0.0	0.0	0.0	0.0	0.0	0.0	0.0	0.0	0.0	0.0	0.0	0.0	0.0	0.0	0.0	0.0	0.0	0.0	0.0	0.0	0.0	0.0	0.0	0.0	0.0	0.0
Syn.Breast-AdenoCA::S.183	0.24384739748775813	0.0	0.0	0.2906322933787524	0.0	0.0	0.18634895465190546	0.0	0.0	0.0	0.0	0.0	0.10106683287204599	0.0	0.178104521609538	0.0	0.0	0.0	0.0	0.0	0.0	0.0	0.0	0.0	0.0	0.0	0.0	0.0	0.0	0.0	0.0	0.0	0.0	0.0	0.0	0.0	0.0	0.0	0.0	0.0	0.0	0.0	0.0	0.0	0.0	0.0	0.0	0.0	0.0	0.0	0.0	0.0	0.0	0.0	0.0	0.0	0.0	0.0	0.0	0.0
Syn.Breast-AdenoCA::S.184	0.13263221795991803	0.0	0.0	0.08327962828373134	0.0	0.08870036813202661	0.0	0.0	0.0	0.04755018537345199	0.0	0.0	0.09218924227828493	0.04956067692994787	0.44259926325745863	0.0	0.0	0.0	0.06348841778518062	0.0	0.0	0.0	0.0	0.0	0.0	0.0	0.0	0.0	0.0	0.0	0.0	0.0	0.0	0.0	0.0	0.0	0.0	0.0	0.0	0.0	0.0	0.0	0.0	0.0	0.0	0.0	0.0	0.0	0.0	0.0	0.0	0.0	0.0	0.0	0.0	0.0	0.0	0.0	0.0	0.0
Syn.Breast-AdenoCA::S.185	0.07745718204841474	0.0	0.13631287704464712	0.04576599464311926	0.08896684506160255	0.05828114423763854	0.0	0.0	0.0	0.0	0.0	0.0	0.13309431881752495	0.09711846396665542	0.0	0.0	0.0	0.22868297858312323	0.1343201955972743	0.0	0.0	0.0	0.0	0.0	0.0	0.0	0.0	0.0	0.0	0.0	0.0	0.0	0.0	0.0	0.0	0.0	0.0	0.0	0.0	0.0	0.0	0.0	0.0	0.0	0.0	0.0	0.0	0.0	0.0	0.0	0.0	0.0	0.0	0.0	0.0	0.0	0.0	0.0	0.0	0.0
Syn.Breast-AdenoCA::S.186	0.07174856743595721	0.0720376513782268	0.0	0.1931745907183143	0.09966578094022006	0.0	0.0	0.0	0.0	0.0	0.0	0.0	0.04383545742764458	0.0	0.19049588244311752	0.0	0.0	0.3290420696565194	0.0	0.0	0.0	0.0	0.0	0.0	0.0	0.0	0.0	0.0	0.0	0.0	0.0	0.0	0.0	0.0	0.0	0.0	0.0	0.0	0.0	0.0	0.0	0.0	0.0	0.0	0.0	0.0	0.0	0.0	0.0	0.0	0.0	0.0	0.0	0.0	0.0	0.0	0.0	0.0	0.0	0.0
Syn.Breast-AdenoCA::S.187	0.06310838496274554	0.0	0.0	0.19297596263264846	0.5155328275005644	0.0	0.0	0.0	0.0	0.0	0.0	0.0	0.0	0.0	0.22838282490404155	0.0	0.0	0.0	0.0	0.0	0.0	0.0	0.0	0.0	0.0	0.0	0.0	0.0	0.0	0.0	0.0	0.0	0.0	0.0	0.0	0.0	0.0	0.0	0.0	0.0	0.0	0.0	0.0	0.0	0.0	0.0	0.0	0.0	0.0	0.0	0.0	0.0	0.0	0.0	0.0	0.0	0.0	0.0	0.0	0.0
Syn.Breast-AdenoCA::S.188	0.12932750475144747	0.0	0.0	0.0913411788602437	0.0	0.09527418432570149	0.0	0.03529408470822009	0.0	0.0	0.15031012149784156	0.0	0.0	0.05035920368861381	0.07457021760421516	0.0	0.0	0.18199859741231958	0.09415148462348522	0.09737342252791192	0.0	0.0	0.0	0.0	0.0	0.0	0.0	0.0	0.0	0.0	0.0	0.0	0.0	0.0	0.0	0.0	0.0	0.0	0.0	0.0	0.0	0.0	0.0	0.0	0.0	0.0	0.0	0.0	0.0	0.0	0.0	0.0	0.0	0.0	0.0	0.0	0.0	0.0	0.0	0.0
Syn.Breast-AdenoCA::S.189	0.1092265626725745	0.08130199947650324	0.0	0.08836658289358368	0.17255797091869557	0.053237638285212774	0.0	0.03771444104014366	0.0	0.05868263947355036	0.0	0.053776377326915335	0.0	0.0	0.2681392128324602	0.0	0.0	0.0	0.07699657508036077	0.0	0.0	0.0	0.0	0.0	0.0	0.0	0.0	0.0	0.0	0.0	0.0	0.0	0.0	0.0	0.0	0.0	0.0	0.0	0.0	0.0	0.0	0.0	0.0	0.0	0.0	0.0	0.0	0.0	0.0	0.0	0.0	0.0	0.0	0.0	0.0	0.0	0.0	0.0	0.0	0.0
Syn.Breast-AdenoCA::S.190	0.14591757666337235	0.08433684133917883	0.138791837398222	0.13225623085543028	0.0	0.0	0.0	0.0	0.11305493845207985	0.0	0.0	0.20304408659606174	0.0862876554747938	0.09631083322086102	0.0	0.0	0.0	0.0	0.0	0.0	0.0	0.0	0.0	0.0	0.0	0.0	0.0	0.0	0.0	0.0	0.0	0.0	0.0	0.0	0.0	0.0	0.0	0.0	0.0	0.0	0.0	0.0	0.0	0.0	0.0	0.0	0.0	0.0	0.0	0.0	0.0	0.0	0.0	0.0	0.0	0.0	0.0	0.0	0.0	0.0
Syn.Breast-AdenoCA::S.191	0.15227234870027287	0.0	0.0	0.14532755622576476	0.0	0.13736161281057016	0.1804281619991383	0.0	0.0	0.0	0.0	0.0	0.0	0.0	0.22983289070802818	0.0	0.0	0.0	0.15477742955622575	0.0	0.0	0.0	0.0	0.0	0.0	0.0	0.0	0.0	0.0	0.0	0.0	0.0	0.0	0.0	0.0	0.0	0.0	0.0	0.0	0.0	0.0	0.0	0.0	0.0	0.0	0.0	0.0	0.0	0.0	0.0	0.0	0.0	0.0	0.0	0.0	0.0	0.0	0.0	0.0	0.0
Syn.Breast-AdenoCA::S.192	0.0937640906095552	0.2377999200988468	0.0	0.22224443666483615	0.0	0.0	0.2799110242540729	0.0	0.0	0.0	0.0	0.0	0.0	0.166280528372689	0.0	0.0	0.0	0.0	0.0	0.0	0.0	0.0	0.0	0.0	0.0	0.0	0.0	0.0	0.0	0.0	0.0	0.0	0.0	0.0	0.0	0.0	0.0	0.0	0.0	0.0	0.0	0.0	0.0	0.0	0.0	0.0	0.0	0.0	0.0	0.0	0.0	0.0	0.0	0.0	0.0	0.0	0.0	0.0	0.0	0.0
Syn.Breast-AdenoCA::S.193	0.014739446070778038	0.0	0.0	0.0981946989548096	0.0	0.0	0.8870658549744124	0.0	0.0	0.0	0.0	0.0	0.0	0.0	0.0	0.0	0.0	0.0	0.0	0.0	0.0	0.0	0.0	0.0	0.0	0.0	0.0	0.0	0.0	0.0	0.0	0.0	0.0	0.0	0.0	0.0	0.0	0.0	0.0	0.0	0.0	0.0	0.0	0.0	0.0	0.0	0.0	0.0	0.0	0.0	0.0	0.0	0.0	0.0	0.0	0.0	0.0	0.0	0.0	0.0
Syn.Breast-AdenoCA::S.194	0.026314335372970617	0.07725818195035734	0.0	0.08859245588239337	0.3918965414564264	0.0	0.0	0.0	0.0	0.0	0.0	0.0	0.05841638810346418	0.06848130313062699	0.10163039897053977	0.0	0.0	0.18741039513322136	0.0	0.0	0.0	0.0	0.0	0.0	0.0	0.0	0.0	0.0	0.0	0.0	0.0	0.0	0.0	0.0	0.0	0.0	0.0	0.0	0.0	0.0	0.0	0.0	0.0	0.0	0.0	0.0	0.0	0.0	0.0	0.0	0.0	0.0	0.0	0.0	0.0	0.0	0.0	0.0	0.0	0.0
Syn.Breast-AdenoCA::S.195	0.08110788558318394	0.0	0.0	0.09245904681616553	0.0	0.104207174092034	0.046425643060541616	0.04787752113579613	0.0	0.079846997080173	0.0	0.08204987355135025	0.09701285350187511	0.0	0.08481351018310522	0.10887267302376276	0.0	0.17532682197201252	0.0	0.0	0.0	0.0	0.0	0.0	0.0	0.0	0.0	0.0	0.0	0.0	0.0	0.0	0.0	0.0	0.0	0.0	0.0	0.0	0.0	0.0	0.0	0.0	0.0	0.0	0.0	0.0	0.0	0.0	0.0	0.0	0.0	0.0	0.0	0.0	0.0	0.0	0.0	0.0	0.0	0.0
Syn.Breast-AdenoCA::S.196	0.1437443451866243	0.11790970649250111	0.0	0.131715218796844	0.2683182977009933	0.0	0.0	0.05757376436506843	0.0	0.058148894611227415	0.0	0.0	0.0	0.0	0.22258977284674136	0.0	0.0	0.0	0.0	0.0	0.0	0.0	0.0	0.0	0.0	0.0	0.0	0.0	0.0	0.0	0.0	0.0	0.0	0.0	0.0	0.0	0.0	0.0	0.0	0.0	0.0	0.0	0.0	0.0	0.0	0.0	0.0	0.0	0.0	0.0	0.0	0.0	0.0	0.0	0.0	0.0	0.0	0.0	0.0	0.0
Syn.Breast-AdenoCA::S.197	0.1840855056660793	0.10520411944217511	0.0	0.16136175415765922	0.12463879308195423	0.07279441000073018	0.0	0.04963754325833226	0.0	0.0	0.0	0.0	0.0944039357445529	0.0	0.20787393864851683	0.0	0.0	0.0	0.0	0.0	0.0	0.0	0.0	0.0	0.0	0.0	0.0	0.0	0.0	0.0	0.0	0.0	0.0	0.0	0.0	0.0	0.0	0.0	0.0	0.0	0.0	0.0	0.0	0.0	0.0	0.0	0.0	0.0	0.0	0.0	0.0	0.0	0.0	0.0	0.0	0.0	0.0	0.0	0.0	0.0
Syn.Breast-AdenoCA::S.198	0.13090195015630426	0.0	0.0	0.16092654532823897	0.13206243001042028	0.0	0.0	0.0	0.0	0.0	0.0	0.0	0.199036801840917	0.0	0.0	0.0	0.0	0.3770722726641195	0.0	0.0	0.0	0.0	0.0	0.0	0.0	0.0	0.0	0.0	0.0	0.0	0.0	0.0	0.0	0.0	0.0	0.0	0.0	0.0	0.0	0.0	0.0	0.0	0.0	0.0	0.0	0.0	0.0	0.0	0.0	0.0	0.0	0.0	0.0	0.0	0.0	0.0	0.0	0.0	0.0	0.0
