Samples	SBS1	SBS2	SBS3	SBS5	SBS8	SBS12	SBS13	SBS16	SBS17b	SBS18	SBS22	SBS28	SBS30	SBS36	SBS39	SBS40	SBS64	SBS69	SBS70	SBS71	SBS4	SBS6	SBS7a	SBS7b	SBS7c	SBS9	SBS10a	SBS11	SBS14	SBS15	SBS17a	SBS19	SBS21	SBS26	SBS33	SBS35	SBS37	SBS38	SBS60	SBS55	SBS44	SBS61	SBS62	SBS63	SBS65	SBS66	SBS67	SBS68	SBS72	SBS73	SBS74	SBS75	SBS76	SBS77	SBS78	SBS79	SBS80	SBS81	SBS82	SBS83
Syn.Breast-AdenoCA::S.1	0.009135076546488227	0.0	0.0	0.12069543761395995	0.0	0.0	0.0	0.0	0.0	0.0	0.0	0.0	0.0	0.0	0.8701694858395518	0.0	0.0	0.0	0.0	0.0	0.0	0.0	0.0	0.0	0.0	0.0	0.0	0.0	0.0	0.0	0.0	0.0	0.0	0.0	0.0	0.0	0.0	0.0	0.0	0.0	0.0	0.0	0.0	0.0	0.0	0.0	0.0	0.0	0.0	0.0	0.0	0.0	0.0	0.0	0.0	0.0	0.0	0.0	0.0	0.0
Syn.Breast-AdenoCA::S.2	0.03193198648376162	0.0	0.0	0.1095254665553553	0.07877440539932493	0.0	0.0	0.0	0.0	0.0	0.0	0.0	0.0	0.0	0.779768141561558	0.0	0.0	0.0	0.0	0.0	0.0	0.0	0.0	0.0	0.0	0.0	0.0	0.0	0.0	0.0	0.0	0.0	0.0	0.0	0.0	0.0	0.0	0.0	0.0	0.0	0.0	0.0	0.0	0.0	0.0	0.0	0.0	0.0	0.0	0.0	0.0	0.0	0.0	0.0	0.0	0.0	0.0	0.0	0.0	0.0
Syn.Breast-AdenoCA::S.3	0.11589133825561285	0.0	0.0	0.15569252585017038	0.1446610710014892	0.30929425293176876	0.0	0.0	0.0	0.0	0.0	0.0	0.0	0.0	0.11734684981960523	0.0	0.0	0.15711396214135365	0.0	0.0	0.0	0.0	0.0	0.0	0.0	0.0	0.0	0.0	0.0	0.0	0.0	0.0	0.0	0.0	0.0	0.0	0.0	0.0	0.0	0.0	0.0	0.0	0.0	0.0	0.0	0.0	0.0	0.0	0.0	0.0	0.0	0.0	0.0	0.0	0.0	0.0	0.0	0.0	0.0	0.0
Syn.Breast-AdenoCA::S.4	0.09112850545021535	0.0	0.0	0.2005022795387889	0.0	0.0	0.0	0.0	0.0	0.06316364483743976	0.0	0.0	0.10422674250947028	0.0	0.10707256241577846	0.0	0.0	0.4339062652483073	0.0	0.0	0.0	0.0	0.0	0.0	0.0	0.0	0.0	0.0	0.0	0.0	0.0	0.0	0.0	0.0	0.0	0.0	0.0	0.0	0.0	0.0	0.0	0.0	0.0	0.0	0.0	0.0	0.0	0.0	0.0	0.0	0.0	0.0	0.0	0.0	0.0	0.0	0.0	0.0	0.0	0.0
Syn.Breast-AdenoCA::S.5	0.17810557636887073	0.0	0.0	0.19559061103947809	0.3823195151194973	0.10827986214462437	0.0	0.0	0.0	0.0	0.0	0.0	0.0	0.0	0.0	0.0	0.0	0.13570443532752965	0.0	0.0	0.0	0.0	0.0	0.0	0.0	0.0	0.0	0.0	0.0	0.0	0.0	0.0	0.0	0.0	0.0	0.0	0.0	0.0	0.0	0.0	0.0	0.0	0.0	0.0	0.0	0.0	0.0	0.0	0.0	0.0	0.0	0.0	0.0	0.0	0.0	0.0	0.0	0.0	0.0	0.0
Syn.Breast-AdenoCA::S.6	0.08360740590144859	0.10128858258146559	0.0	0.0852422412782662	0.0	0.03765246892012481	0.0	0.0	0.0	0.0	0.0	0.0	0.0	0.0	0.6922093013186948	0.0	0.0	0.0	0.0	0.0	0.0	0.0	0.0	0.0	0.0	0.0	0.0	0.0	0.0	0.0	0.0	0.0	0.0	0.0	0.0	0.0	0.0	0.0	0.0	0.0	0.0	0.0	0.0	0.0	0.0	0.0	0.0	0.0	0.0	0.0	0.0	0.0	0.0	0.0	0.0	0.0	0.0	0.0	0.0	0.0
Syn.Breast-AdenoCA::S.7	0.1357418254468082	0.0	0.0	0.14856325269117507	0.0857803763551862	0.2632109474316073	0.3667035980752232	0.0	0.0	0.0	0.0	0.0	0.0	0.0	0.0	0.0	0.0	0.0	0.0	0.0	0.0	0.0	0.0	0.0	0.0	0.0	0.0	0.0	0.0	0.0	0.0	0.0	0.0	0.0	0.0	0.0	0.0	0.0	0.0	0.0	0.0	0.0	0.0	0.0	0.0	0.0	0.0	0.0	0.0	0.0	0.0	0.0	0.0	0.0	0.0	0.0	0.0	0.0	0.0	0.0
Syn.Breast-AdenoCA::S.8	0.06865172439237428	0.0	0.0	0.1402701488566877	0.0	0.08440784465044078	0.47739875904243184	0.0	0.0	0.0	0.0	0.07890838541019178	0.05891699186176075	0.0	0.09144614578611297	0.0	0.0	0.0	0.0	0.0	0.0	0.0	0.0	0.0	0.0	0.0	0.0	0.0	0.0	0.0	0.0	0.0	0.0	0.0	0.0	0.0	0.0	0.0	0.0	0.0	0.0	0.0	0.0	0.0	0.0	0.0	0.0	0.0	0.0	0.0	0.0	0.0	0.0	0.0	0.0	0.0	0.0	0.0	0.0	0.0
Syn.Breast-AdenoCA::S.9	0.09107078278901597	0.0	0.0	0.18302911550634965	0.06945748937945853	0.0	0.07007065003371082	0.0	0.0	0.04998915593654461	0.0	0.0	0.0	0.0	0.2361985460283638	0.0	0.0	0.18154600131082863	0.11863825901572804	0.0	0.0	0.0	0.0	0.0	0.0	0.0	0.0	0.0	0.0	0.0	0.0	0.0	0.0	0.0	0.0	0.0	0.0	0.0	0.0	0.0	0.0	0.0	0.0	0.0	0.0	0.0	0.0	0.0	0.0	0.0	0.0	0.0	0.0	0.0	0.0	0.0	0.0	0.0	0.0	0.0
Syn.Breast-AdenoCA::S.10	0.08545625595241937	0.0	0.0	0.08377187214905775	0.44717324537170583	0.0	0.09663143529800579	0.0	0.0	0.0	0.0	0.0	0.0	0.0	0.28696719122881115	0.0	0.0	0.0	0.0	0.0	0.0	0.0	0.0	0.0	0.0	0.0	0.0	0.0	0.0	0.0	0.0	0.0	0.0	0.0	0.0	0.0	0.0	0.0	0.0	0.0	0.0	0.0	0.0	0.0	0.0	0.0	0.0	0.0	0.0	0.0	0.0	0.0	0.0	0.0	0.0	0.0	0.0	0.0	0.0	0.0
Syn.Breast-AdenoCA::S.11	0.07532872687065639	0.0	0.11812425455645754	0.17444785853214773	0.0	0.08590838864306773	0.1609112353341031	0.0	0.0	0.0	0.0	0.0	0.05995665174563358	0.0	0.22533694363298215	0.0	0.0	0.0	0.0999859406849517	0.0	0.0	0.0	0.0	0.0	0.0	0.0	0.0	0.0	0.0	0.0	0.0	0.0	0.0	0.0	0.0	0.0	0.0	0.0	0.0	0.0	0.0	0.0	0.0	0.0	0.0	0.0	0.0	0.0	0.0	0.0	0.0	0.0	0.0	0.0	0.0	0.0	0.0	0.0	0.0	0.0
Syn.Breast-AdenoCA::S.12	0.28322417157591606	0.0	0.0	0.12280554344571988	0.0	0.0	0.0	0.0	0.0	0.06325202551314638	0.0	0.0	0.05475750692078299	0.1122197471742292	0.24779441024334206	0.0	0.11594659512686346	0.0	0.0	0.0	0.0	0.0	0.0	0.0	0.0	0.0	0.0	0.0	0.0	0.0	0.0	0.0	0.0	0.0	0.0	0.0	0.0	0.0	0.0	0.0	0.0	0.0	0.0	0.0	0.0	0.0	0.0	0.0	0.0	0.0	0.0	0.0	0.0	0.0	0.0	0.0	0.0	0.0	0.0	0.0
Syn.Breast-AdenoCA::S.13	0.1659562538525503	0.0	0.0	0.11466552436257378	0.0	0.16924844791452637	0.09202574197654113	0.0	0.0	0.0	0.0	0.051187244691582465	0.07123564645580018	0.0	0.0	0.14475265554804073	0.11038020502999259	0.0	0.08054828016839245	0.0	0.0	0.0	0.0	0.0	0.0	0.0	0.0	0.0	0.0	0.0	0.0	0.0	0.0	0.0	0.0	0.0	0.0	0.0	0.0	0.0	0.0	0.0	0.0	0.0	0.0	0.0	0.0	0.0	0.0	0.0	0.0	0.0	0.0	0.0	0.0	0.0	0.0	0.0	0.0	0.0
Syn.Breast-AdenoCA::S.14	0.09367209047281246	0.1378294219682184	0.0	0.12269596320743138	0.10986596713478175	0.1347963734425103	0.0	0.0	0.0	0.0	0.0	0.0	0.11967195513997006	0.0	0.16906356953726115	0.0	0.0	0.0	0.11240465909701444	0.0	0.0	0.0	0.0	0.0	0.0	0.0	0.0	0.0	0.0	0.0	0.0	0.0	0.0	0.0	0.0	0.0	0.0	0.0	0.0	0.0	0.0	0.0	0.0	0.0	0.0	0.0	0.0	0.0	0.0	0.0	0.0	0.0	0.0	0.0	0.0	0.0	0.0	0.0	0.0	0.0
Syn.Breast-AdenoCA::S.15	0.0657883904955805	0.0	0.0	0.08075749826662688	0.26301566261936804	0.10090517218970929	0.0	0.0	0.0	0.0	0.19748786776177707	0.0	0.052458723148539124	0.14814116630878296	0.0	0.0	0.0	0.09144551920961609	0.0	0.0	0.0	0.0	0.0	0.0	0.0	0.0	0.0	0.0	0.0	0.0	0.0	0.0	0.0	0.0	0.0	0.0	0.0	0.0	0.0	0.0	0.0	0.0	0.0	0.0	0.0	0.0	0.0	0.0	0.0	0.0	0.0	0.0	0.0	0.0	0.0	0.0	0.0	0.0	0.0	0.0
Syn.Breast-AdenoCA::S.16	0.14975634471074503	0.14448131681367352	0.13229913898225515	0.21049678009644432	0.033104915193778686	0.02236305874062989	0.0	0.061199700598155715	0.0	0.0	0.16718958477214357	0.0	0.0	0.0	0.0	0.0	0.0	0.0	0.07910916009217404	0.0	0.0	0.0	0.0	0.0	0.0	0.0	0.0	0.0	0.0	0.0	0.0	0.0	0.0	0.0	0.0	0.0	0.0	0.0	0.0	0.0	0.0	0.0	0.0	0.0	0.0	0.0	0.0	0.0	0.0	0.0	0.0	0.0	0.0	0.0	0.0	0.0	0.0	0.0	0.0	0.0
Syn.Breast-AdenoCA::S.17	0.0339630545908644	0.0	0.0	0.0679124429955419	0.0	0.13305411173555537	0.033193271643531856	0.0	0.08628847858627775	0.09664289327405066	0.0	0.0	0.0	0.1035253852960615	0.27174998510280063	0.0	0.0	0.17367037677531594	0.0	0.0	0.0	0.0	0.0	0.0	0.0	0.0	0.0	0.0	0.0	0.0	0.0	0.0	0.0	0.0	0.0	0.0	0.0	0.0	0.0	0.0	0.0	0.0	0.0	0.0	0.0	0.0	0.0	0.0	0.0	0.0	0.0	0.0	0.0	0.0	0.0	0.0	0.0	0.0	0.0	0.0
Syn.Breast-AdenoCA::S.18	0.013758382927106348	0.0	0.0	0.13809087471781734	0.0	0.0	0.8481507423550763	0.0	0.0	0.0	0.0	0.0	0.0	0.0	0.0	0.0	0.0	0.0	0.0	0.0	0.0	0.0	0.0	0.0	0.0	0.0	0.0	0.0	0.0	0.0	0.0	0.0	0.0	0.0	0.0	0.0	0.0	0.0	0.0	0.0	0.0	0.0	0.0	0.0	0.0	0.0	0.0	0.0	0.0	0.0	0.0	0.0	0.0	0.0	0.0	0.0	0.0	0.0	0.0	0.0
Syn.Breast-AdenoCA::S.19	0.033245382737687915	0.13829093578170124	0.0	0.09689346919546267	0.0	0.06202962039841026	0.0	0.0	0.0	0.0	0.0	0.0	0.0	0.413270504233198	0.25627008765354	0.0	0.0	0.0	0.0	0.0	0.0	0.0	0.0	0.0	0.0	0.0	0.0	0.0	0.0	0.0	0.0	0.0	0.0	0.0	0.0	0.0	0.0	0.0	0.0	0.0	0.0	0.0	0.0	0.0	0.0	0.0	0.0	0.0	0.0	0.0	0.0	0.0	0.0	0.0	0.0	0.0	0.0	0.0	0.0	0.0
Syn.Breast-AdenoCA::S.20	0.12567050761904636	0.0	0.0	0.22025202983546477	0.0	0.0	0.0	0.0	0.0	0.0	0.0	0.08400600962099491	0.08331126343342006	0.0	0.48676018949107386	0.0	0.0	0.0	0.0	0.0	0.0	0.0	0.0	0.0	0.0	0.0	0.0	0.0	0.0	0.0	0.0	0.0	0.0	0.0	0.0	0.0	0.0	0.0	0.0	0.0	0.0	0.0	0.0	0.0	0.0	0.0	0.0	0.0	0.0	0.0	0.0	0.0	0.0	0.0	0.0	0.0	0.0	0.0	0.0	0.0
Syn.Breast-AdenoCA::S.21	0.0387944941486262	0.0	0.0	0.17181294585247986	0.18079540561532162	0.0	0.10964550557829747	0.0	0.0	0.0	0.0	0.0	0.061545818103914046	0.0	0.34073563639500065	0.0	0.0	0.0	0.09667019430635997	0.0	0.0	0.0	0.0	0.0	0.0	0.0	0.0	0.0	0.0	0.0	0.0	0.0	0.0	0.0	0.0	0.0	0.0	0.0	0.0	0.0	0.0	0.0	0.0	0.0	0.0	0.0	0.0	0.0	0.0	0.0	0.0	0.0	0.0	0.0	0.0	0.0	0.0	0.0	0.0	0.0
Syn.Breast-AdenoCA::S.22	0.1252621895027799	0.0	0.0	0.23413834762476737	0.08462690234226886	0.0	0.0	0.0	0.0	0.0	0.09733003413450714	0.0	0.11227854711720943	0.12998325993263998	0.21638071934582728	0.0	0.0	0.0	0.0	0.0	0.0	0.0	0.0	0.0	0.0	0.0	0.0	0.0	0.0	0.0	0.0	0.0	0.0	0.0	0.0	0.0	0.0	0.0	0.0	0.0	0.0	0.0	0.0	0.0	0.0	0.0	0.0	0.0	0.0	0.0	0.0	0.0	0.0	0.0	0.0	0.0	0.0	0.0	0.0	0.0
Syn.Breast-AdenoCA::S.23	0.03454129734735749	0.0	0.0	0.11297255951707781	0.0	0.052070794010878524	0.15927254769986926	0.0	0.0	0.0	0.0660648949341771	0.0	0.0	0.0	0.5750779064906398	0.0	0.0	0.0	0.0	0.0	0.0	0.0	0.0	0.0	0.0	0.0	0.0	0.0	0.0	0.0	0.0	0.0	0.0	0.0	0.0	0.0	0.0	0.0	0.0	0.0	0.0	0.0	0.0	0.0	0.0	0.0	0.0	0.0	0.0	0.0	0.0	0.0	0.0	0.0	0.0	0.0	0.0	0.0	0.0	0.0
Syn.Breast-AdenoCA::S.24	0.09049795810350632	0.0	0.0	0.10909512605200279	0.1303343527681258	0.0	0.26932701932781583	0.046444512367997175	0.0	0.0	0.0	0.12120376082310305	0.07323703045178352	0.0	0.0	0.0	0.0	0.0	0.15986024010566546	0.0	0.0	0.0	0.0	0.0	0.0	0.0	0.0	0.0	0.0	0.0	0.0	0.0	0.0	0.0	0.0	0.0	0.0	0.0	0.0	0.0	0.0	0.0	0.0	0.0	0.0	0.0	0.0	0.0	0.0	0.0	0.0	0.0	0.0	0.0	0.0	0.0	0.0	0.0	0.0	0.0
Syn.Breast-AdenoCA::S.25	0.20684733783410933	0.0	0.10961453237659573	0.11443520640473748	0.0	0.0	0.0	0.0	0.0	0.0	0.0	0.0	0.14528311911839098	0.0	0.0	0.0	0.1856956778277801	0.0998273244124758	0.13829680202591058	0.0	0.0	0.0	0.0	0.0	0.0	0.0	0.0	0.0	0.0	0.0	0.0	0.0	0.0	0.0	0.0	0.0	0.0	0.0	0.0	0.0	0.0	0.0	0.0	0.0	0.0	0.0	0.0	0.0	0.0	0.0	0.0	0.0	0.0	0.0	0.0	0.0	0.0	0.0	0.0	0.0
Syn.Breast-AdenoCA::S.26	0.1017679902784399	0.0	0.0	0.14133200320904138	0.18624651936378345	0.047000956829355525	0.0	0.11926053200483912	0.0	0.0	0.0	0.0	0.10986806432896909	0.0	0.05692395802130378	0.0	0.0	0.1505320924214498	0.08706788354281803	0.0	0.0	0.0	0.0	0.0	0.0	0.0	0.0	0.0	0.0	0.0	0.0	0.0	0.0	0.0	0.0	0.0	0.0	0.0	0.0	0.0	0.0	0.0	0.0	0.0	0.0	0.0	0.0	0.0	0.0	0.0	0.0	0.0	0.0	0.0	0.0	0.0	0.0	0.0	0.0	0.0
Syn.Breast-AdenoCA::S.27	0.029142404264558563	0.0	0.216963722217642	0.05560532292581765	0.1463235388002587	0.10152675458740258	0.07460581339313212	0.0	0.0	0.0	0.0	0.0	0.0	0.21168245668406124	0.1641499871271273	0.0	0.0	0.0	0.0	0.0	0.0	0.0	0.0	0.0	0.0	0.0	0.0	0.0	0.0	0.0	0.0	0.0	0.0	0.0	0.0	0.0	0.0	0.0	0.0	0.0	0.0	0.0	0.0	0.0	0.0	0.0	0.0	0.0	0.0	0.0	0.0	0.0	0.0	0.0	0.0	0.0	0.0	0.0	0.0	0.0
Syn.Breast-AdenoCA::S.28	0.08217083570590479	0.06703468132405999	0.06664783935594908	0.1521094968506105	0.0	0.0	0.0	0.13572567791429124	0.05694509442975995	0.0	0.07614295928575952	0.07148621757112587	0.09036737597822865	0.0	0.08815903660532635	0.0	0.0	0.0	0.11321078497898401	0.0	0.0	0.0	0.0	0.0	0.0	0.0	0.0	0.0	0.0	0.0	0.0	0.0	0.0	0.0	0.0	0.0	0.0	0.0	0.0	0.0	0.0	0.0	0.0	0.0	0.0	0.0	0.0	0.0	0.0	0.0	0.0	0.0	0.0	0.0	0.0	0.0	0.0	0.0	0.0	0.0
Syn.Breast-AdenoCA::S.29	0.05461561256083906	0.0	0.0	0.16629263948455683	0.15757708994782182	0.0	0.0	0.0	0.0	0.0	0.0	0.0	0.0	0.0	0.5264614763865522	0.0	0.0	0.0	0.09505318162023021	0.0	0.0	0.0	0.0	0.0	0.0	0.0	0.0	0.0	0.0	0.0	0.0	0.0	0.0	0.0	0.0	0.0	0.0	0.0	0.0	0.0	0.0	0.0	0.0	0.0	0.0	0.0	0.0	0.0	0.0	0.0	0.0	0.0	0.0	0.0	0.0	0.0	0.0	0.0	0.0	0.0
Syn.Breast-AdenoCA::S.30	0.1998756805050812	0.0	0.0	0.23148561997342407	0.14611770489570805	0.0	0.0	0.0	0.0	0.03695372059729744	0.0	0.0	0.10590796439690038	0.0	0.13642254268878518	0.0	0.0	0.0	0.14323676694280368	0.0	0.0	0.0	0.0	0.0	0.0	0.0	0.0	0.0	0.0	0.0	0.0	0.0	0.0	0.0	0.0	0.0	0.0	0.0	0.0	0.0	0.0	0.0	0.0	0.0	0.0	0.0	0.0	0.0	0.0	0.0	0.0	0.0	0.0	0.0	0.0	0.0	0.0	0.0	0.0	0.0
Syn.Breast-AdenoCA::S.31	0.36428296319596976	0.0	0.0	0.21582813648894522	0.09184123743839187	0.03805794773463416	0.0	0.0	0.0	0.0	0.0	0.0	0.0	0.18480247207393438	0.10518724306812442	0.0	0.0	0.0	0.0	0.0	0.0	0.0	0.0	0.0	0.0	0.0	0.0	0.0	0.0	0.0	0.0	0.0	0.0	0.0	0.0	0.0	0.0	0.0	0.0	0.0	0.0	0.0	0.0	0.0	0.0	0.0	0.0	0.0	0.0	0.0	0.0	0.0	0.0	0.0	0.0	0.0	0.0	0.0	0.0	0.0
Syn.Breast-AdenoCA::S.32	0.07546686609797934	0.0	0.0	0.1905644327762066	0.0	0.0	0.19072136847356322	0.0	0.07370353013923407	0.0	0.0	0.0	0.09274480283906454	0.2744499633171758	0.10234903635677643	0.0	0.0	0.0	0.0	0.0	0.0	0.0	0.0	0.0	0.0	0.0	0.0	0.0	0.0	0.0	0.0	0.0	0.0	0.0	0.0	0.0	0.0	0.0	0.0	0.0	0.0	0.0	0.0	0.0	0.0	0.0	0.0	0.0	0.0	0.0	0.0	0.0	0.0	0.0	0.0	0.0	0.0	0.0	0.0	0.0
Syn.Breast-AdenoCA::S.33	0.17475207736561363	0.0	0.0	0.16828757070659178	0.0	0.2598989475148461	0.07712037451099517	0.022793353950237263	0.0	0.0	0.0	0.0	0.0	0.06929925002056157	0.10560438617658023	0.0	0.0	0.0	0.12224403975457433	0.0	0.0	0.0	0.0	0.0	0.0	0.0	0.0	0.0	0.0	0.0	0.0	0.0	0.0	0.0	0.0	0.0	0.0	0.0	0.0	0.0	0.0	0.0	0.0	0.0	0.0	0.0	0.0	0.0	0.0	0.0	0.0	0.0	0.0	0.0	0.0	0.0	0.0	0.0	0.0	0.0
Syn.Breast-AdenoCA::S.34	0.022526372385626353	0.0	0.0	0.18349368067930624	0.0	0.0	0.0	0.0	0.0	0.0	0.0	0.0	0.0	0.0	0.7939799469350675	0.0	0.0	0.0	0.0	0.0	0.0	0.0	0.0	0.0	0.0	0.0	0.0	0.0	0.0	0.0	0.0	0.0	0.0	0.0	0.0	0.0	0.0	0.0	0.0	0.0	0.0	0.0	0.0	0.0	0.0	0.0	0.0	0.0	0.0	0.0	0.0	0.0	0.0	0.0	0.0	0.0	0.0	0.0	0.0	0.0
Syn.Breast-AdenoCA::S.35	0.027755578935272387	0.0	0.0	0.14760193557041618	0.0	0.0	0.6098141354568151	0.0	0.0	0.0	0.0	0.0	0.0	0.0	0.21482835003749645	0.0	0.0	0.0	0.0	0.0	0.0	0.0	0.0	0.0	0.0	0.0	0.0	0.0	0.0	0.0	0.0	0.0	0.0	0.0	0.0	0.0	0.0	0.0	0.0	0.0	0.0	0.0	0.0	0.0	0.0	0.0	0.0	0.0	0.0	0.0	0.0	0.0	0.0	0.0	0.0	0.0	0.0	0.0	0.0	0.0
Syn.Breast-AdenoCA::S.36	0.12837266489008822	0.0	0.0	0.13316795612297638	0.0	0.18268879317636735	0.0	0.03512177034426983	0.0	0.0	0.0	0.0	0.10736004955689839	0.1419028712354725	0.17984401858544147	0.0	0.0	0.0915418760884859	0.0	0.0	0.0	0.0	0.0	0.0	0.0	0.0	0.0	0.0	0.0	0.0	0.0	0.0	0.0	0.0	0.0	0.0	0.0	0.0	0.0	0.0	0.0	0.0	0.0	0.0	0.0	0.0	0.0	0.0	0.0	0.0	0.0	0.0	0.0	0.0	0.0	0.0	0.0	0.0	0.0	0.0
Syn.Breast-AdenoCA::S.37	0.0641315565815438	0.0	0.0	0.17450797941094284	0.3511977139464924	0.0	0.3129686797864172	0.0	0.0	0.0	0.0	0.0	0.0	0.0	0.0	0.0	0.0	0.09719407027460383	0.0	0.0	0.0	0.0	0.0	0.0	0.0	0.0	0.0	0.0	0.0	0.0	0.0	0.0	0.0	0.0	0.0	0.0	0.0	0.0	0.0	0.0	0.0	0.0	0.0	0.0	0.0	0.0	0.0	0.0	0.0	0.0	0.0	0.0	0.0	0.0	0.0	0.0	0.0	0.0	0.0	0.0
Syn.Breast-AdenoCA::S.38	0.11109518312915113	0.0	0.0	0.090815619207874	0.0	0.0991076343848769	0.0	0.0	0.0	0.0	0.0	0.0	0.06515149756140205	0.05856219669277228	0.3234113596048577	0.0	0.0	0.0951792391112539	0.15667727030781206	0.0	0.0	0.0	0.0	0.0	0.0	0.0	0.0	0.0	0.0	0.0	0.0	0.0	0.0	0.0	0.0	0.0	0.0	0.0	0.0	0.0	0.0	0.0	0.0	0.0	0.0	0.0	0.0	0.0	0.0	0.0	0.0	0.0	0.0	0.0	0.0	0.0	0.0	0.0	0.0	0.0
Syn.Breast-AdenoCA::S.39	0.07964968013930256	0.2337495057781718	0.0	0.17925632803509162	0.0	0.2311351774895442	0.0	0.0	0.0	0.0	0.0	0.07414943459512305	0.07150671769004463	0.0	0.0	0.0	0.0	0.1305531562727222	0.0	0.0	0.0	0.0	0.0	0.0	0.0	0.0	0.0	0.0	0.0	0.0	0.0	0.0	0.0	0.0	0.0	0.0	0.0	0.0	0.0	0.0	0.0	0.0	0.0	0.0	0.0	0.0	0.0	0.0	0.0	0.0	0.0	0.0	0.0	0.0	0.0	0.0	0.0	0.0	0.0	0.0
Syn.Breast-AdenoCA::S.40	0.051378506029469174	0.0	0.0	0.09836549510948252	0.0	0.05568950105088728	0.0	0.0	0.0	0.052634083966738805	0.10523954444587451	0.0	0.09091449785328153	0.0	0.5457783715442661	0.0	0.0	0.0	0.0	0.0	0.0	0.0	0.0	0.0	0.0	0.0	0.0	0.0	0.0	0.0	0.0	0.0	0.0	0.0	0.0	0.0	0.0	0.0	0.0	0.0	0.0	0.0	0.0	0.0	0.0	0.0	0.0	0.0	0.0	0.0	0.0	0.0	0.0	0.0	0.0	0.0	0.0	0.0	0.0	0.0
Syn.Breast-AdenoCA::S.41	0.11709698291380989	0.21913096082282119	0.0	0.181103780485203	0.15331591312808696	0.0	0.12146445947458799	0.0	0.0	0.0	0.0	0.0	0.06167329402268703	0.0	0.1462146091528039	0.0	0.0	0.0	0.0	0.0	0.0	0.0	0.0	0.0	0.0	0.0	0.0	0.0	0.0	0.0	0.0	0.0	0.0	0.0	0.0	0.0	0.0	0.0	0.0	0.0	0.0	0.0	0.0	0.0	0.0	0.0	0.0	0.0	0.0	0.0	0.0	0.0	0.0	0.0	0.0	0.0	0.0	0.0	0.0	0.0
Syn.Breast-AdenoCA::S.42	0.09359129087428092	0.14867308572113405	0.15715211067333928	0.12616842458860159	0.0	0.0	0.12846757681366566	0.0	0.0	0.0	0.14515136154727468	0.0	0.04251698149724334	0.0	0.05074832166037491	0.0	0.0	0.10753084662408562	0.0	0.0	0.0	0.0	0.0	0.0	0.0	0.0	0.0	0.0	0.0	0.0	0.0	0.0	0.0	0.0	0.0	0.0	0.0	0.0	0.0	0.0	0.0	0.0	0.0	0.0	0.0	0.0	0.0	0.0	0.0	0.0	0.0	0.0	0.0	0.0	0.0	0.0	0.0	0.0	0.0	0.0
Syn.Breast-AdenoCA::S.43	0.03823824696863994	0.0	0.0	0.10108916301142892	0.0	0.0	0.24872182590319927	0.0	0.0	0.0	0.10181247062582591	0.0	0.0	0.17468005952943078	0.3354582339614753	0.0	0.0	0.0	0.0	0.0	0.0	0.0	0.0	0.0	0.0	0.0	0.0	0.0	0.0	0.0	0.0	0.0	0.0	0.0	0.0	0.0	0.0	0.0	0.0	0.0	0.0	0.0	0.0	0.0	0.0	0.0	0.0	0.0	0.0	0.0	0.0	0.0	0.0	0.0	0.0	0.0	0.0	0.0	0.0	0.0
Syn.Breast-AdenoCA::S.44	0.039819919472219086	0.0	0.0	0.044645184647465225	0.36256076349677024	0.07630977809763446	0.0	0.0	0.0	0.0	0.0	0.0	0.06879402446864963	0.15237335930070456	0.2554969705165569	0.0	0.0	0.0	0.0	0.0	0.0	0.0	0.0	0.0	0.0	0.0	0.0	0.0	0.0	0.0	0.0	0.0	0.0	0.0	0.0	0.0	0.0	0.0	0.0	0.0	0.0	0.0	0.0	0.0	0.0	0.0	0.0	0.0	0.0	0.0	0.0	0.0	0.0	0.0	0.0	0.0	0.0	0.0	0.0	0.0
Syn.Breast-AdenoCA::S.45	0.19545134063757474	0.07725721106098205	0.0	0.10236767268108997	0.04628335167879418	0.07110015909461746	0.0	0.0	0.0	0.08659545256758563	0.0	0.053476156622366385	0.0331045739187156	0.0	0.22342566492539206	0.0	0.11093841681288193	0.0	0.0	0.0	0.0	0.0	0.0	0.0	0.0	0.0	0.0	0.0	0.0	0.0	0.0	0.0	0.0	0.0	0.0	0.0	0.0	0.0	0.0	0.0	0.0	0.0	0.0	0.0	0.0	0.0	0.0	0.0	0.0	0.0	0.0	0.0	0.0	0.0	0.0	0.0	0.0	0.0	0.0	0.0
Syn.Breast-AdenoCA::S.46	0.0879265847813786	0.0	0.0	0.1061638560861297	0.13499688204348248	0.12837998803816816	0.0	0.0	0.0	0.0	0.0	0.0	0.0	0.13374186858330395	0.05574773445006438	0.07053604233522175	0.0	0.28250704368225094	0.0	0.0	0.0	0.0	0.0	0.0	0.0	0.0	0.0	0.0	0.0	0.0	0.0	0.0	0.0	0.0	0.0	0.0	0.0	0.0	0.0	0.0	0.0	0.0	0.0	0.0	0.0	0.0	0.0	0.0	0.0	0.0	0.0	0.0	0.0	0.0	0.0	0.0	0.0	0.0	0.0	0.0
Syn.Breast-AdenoCA::S.47	0.03281308567622426	0.0	0.16502946977189115	0.16328376469102165	0.0	0.0	0.10505992237079968	0.0	0.0	0.06739726423257493	0.0	0.0	0.07301392011887567	0.0	0.07202387466037148	0.0	0.0	0.3213786984782413	0.0	0.0	0.0	0.0	0.0	0.0	0.0	0.0	0.0	0.0	0.0	0.0	0.0	0.0	0.0	0.0	0.0	0.0	0.0	0.0	0.0	0.0	0.0	0.0	0.0	0.0	0.0	0.0	0.0	0.0	0.0	0.0	0.0	0.0	0.0	0.0	0.0	0.0	0.0	0.0	0.0	0.0
Syn.Breast-AdenoCA::S.48	0.08810415883808058	0.06691949232792338	0.14112764596597613	0.07210995084974858	0.0	0.1140184875147315	0.074092380694341	0.04286023631114174	0.0	0.07353124357671556	0.0	0.0	0.06529128673680758	0.0	0.2619451171845341	0.0	0.0	0.0	0.0	0.0	0.0	0.0	0.0	0.0	0.0	0.0	0.0	0.0	0.0	0.0	0.0	0.0	0.0	0.0	0.0	0.0	0.0	0.0	0.0	0.0	0.0	0.0	0.0	0.0	0.0	0.0	0.0	0.0	0.0	0.0	0.0	0.0	0.0	0.0	0.0	0.0	0.0	0.0	0.0	0.0
Syn.Breast-AdenoCA::S.49	0.07902409227324261	0.13614004153604303	0.0	0.14103224966769048	0.0	0.08872782501907682	0.41867401607588806	0.0	0.0	0.0	0.0	0.0	0.0	0.0	0.13640177542805892	0.0	0.0	0.0	0.0	0.0	0.0	0.0	0.0	0.0	0.0	0.0	0.0	0.0	0.0	0.0	0.0	0.0	0.0	0.0	0.0	0.0	0.0	0.0	0.0	0.0	0.0	0.0	0.0	0.0	0.0	0.0	0.0	0.0	0.0	0.0	0.0	0.0	0.0	0.0	0.0	0.0	0.0	0.0	0.0	0.0
Syn.Breast-AdenoCA::S.50	0.05996513554905843	0.1880130092491264	0.0	0.18855416694408195	0.0	0.0	0.0	0.0	0.0	0.0	0.0	0.0	0.0	0.5634676882577333	0.0	0.0	0.0	0.0	0.0	0.0	0.0	0.0	0.0	0.0	0.0	0.0	0.0	0.0	0.0	0.0	0.0	0.0	0.0	0.0	0.0	0.0	0.0	0.0	0.0	0.0	0.0	0.0	0.0	0.0	0.0	0.0	0.0	0.0	0.0	0.0	0.0	0.0	0.0	0.0	0.0	0.0	0.0	0.0	0.0	0.0
Syn.Breast-AdenoCA::S.51	0.09013272400329267	0.11029297398938934	0.0	0.15856272977918545	0.12144854920359219	0.0	0.0	0.0	0.0	0.0	0.0	0.0	0.075315220746043	0.14582125289207956	0.2984265493864177	0.0	0.0	0.0	0.0	0.0	0.0	0.0	0.0	0.0	0.0	0.0	0.0	0.0	0.0	0.0	0.0	0.0	0.0	0.0	0.0	0.0	0.0	0.0	0.0	0.0	0.0	0.0	0.0	0.0	0.0	0.0	0.0	0.0	0.0	0.0	0.0	0.0	0.0	0.0	0.0	0.0	0.0	0.0	0.0	0.0
Syn.Breast-AdenoCA::S.52	0.3177557757821674	0.0	0.0	0.20557819887694748	0.0	0.0	0.0	0.0	0.0	0.0	0.06933840052576967	0.0	0.0	0.0	0.09879374171342777	0.0	0.0	0.3085338831016877	0.0	0.0	0.0	0.0	0.0	0.0	0.0	0.0	0.0	0.0	0.0	0.0	0.0	0.0	0.0	0.0	0.0	0.0	0.0	0.0	0.0	0.0	0.0	0.0	0.0	0.0	0.0	0.0	0.0	0.0	0.0	0.0	0.0	0.0	0.0	0.0	0.0	0.0	0.0	0.0	0.0	0.0
Syn.Breast-AdenoCA::S.53	0.020134428246358405	0.0	0.0	0.058912697211375605	0.06746212584530396	0.0	0.8534907486969621	0.0	0.0	0.0	0.0	0.0	0.0	0.0	0.0	0.0	0.0	0.0	0.0	0.0	0.0	0.0	0.0	0.0	0.0	0.0	0.0	0.0	0.0	0.0	0.0	0.0	0.0	0.0	0.0	0.0	0.0	0.0	0.0	0.0	0.0	0.0	0.0	0.0	0.0	0.0	0.0	0.0	0.0	0.0	0.0	0.0	0.0	0.0	0.0	0.0	0.0	0.0	0.0	0.0
Syn.Breast-AdenoCA::S.54	0.0986373200101153	0.0	0.0	0.04500494269057955	0.0777331558130001	0.14820709615058214	0.0	0.0	0.0	0.05485263172876171	0.0	0.0	0.05983663287224735	0.15508690027304087	0.06617710891875099	0.0	0.0	0.23188628500279881	0.06257792654012324	0.0	0.0	0.0	0.0	0.0	0.0	0.0	0.0	0.0	0.0	0.0	0.0	0.0	0.0	0.0	0.0	0.0	0.0	0.0	0.0	0.0	0.0	0.0	0.0	0.0	0.0	0.0	0.0	0.0	0.0	0.0	0.0	0.0	0.0	0.0	0.0	0.0	0.0	0.0	0.0	0.0
Syn.Breast-AdenoCA::S.55	0.10988692527007893	0.12077195360044812	0.0	0.13084996948034705	0.1740547483847087	0.0704373681152812	0.0	0.0	0.0	0.0	0.05919787908405341	0.0	0.0	0.0	0.33480115606508243	0.0	0.0	0.0	0.0	0.0	0.0	0.0	0.0	0.0	0.0	0.0	0.0	0.0	0.0	0.0	0.0	0.0	0.0	0.0	0.0	0.0	0.0	0.0	0.0	0.0	0.0	0.0	0.0	0.0	0.0	0.0	0.0	0.0	0.0	0.0	0.0	0.0	0.0	0.0	0.0	0.0	0.0	0.0	0.0	0.0
Syn.Breast-AdenoCA::S.56	0.12962665891385292	0.0	0.0	0.20542382167439555	0.0	0.1585007244931654	0.0	0.0	0.0	0.0	0.0	0.0	0.058631349755268174	0.042921745765462364	0.1300417647777693	0.0	0.0	0.0	0.05409317581041261	0.22076075880967375	0.0	0.0	0.0	0.0	0.0	0.0	0.0	0.0	0.0	0.0	0.0	0.0	0.0	0.0	0.0	0.0	0.0	0.0	0.0	0.0	0.0	0.0	0.0	0.0	0.0	0.0	0.0	0.0	0.0	0.0	0.0	0.0	0.0	0.0	0.0	0.0	0.0	0.0	0.0	0.0
Syn.Breast-AdenoCA::S.57	0.034767289686616874	0.0	0.19835932759173258	0.10435967868544017	0.06512117159367747	0.0	0.16259672986066154	0.0	0.0	0.0	0.0	0.0	0.0	0.0	0.4347958025818712	0.0	0.0	0.0	0.0	0.0	0.0	0.0	0.0	0.0	0.0	0.0	0.0	0.0	0.0	0.0	0.0	0.0	0.0	0.0	0.0	0.0	0.0	0.0	0.0	0.0	0.0	0.0	0.0	0.0	0.0	0.0	0.0	0.0	0.0	0.0	0.0	0.0	0.0	0.0	0.0	0.0	0.0	0.0	0.0	0.0
Syn.Breast-AdenoCA::S.58	0.12952216054123322	0.0841123123610523	0.0	0.07565384979236668	0.08210489646705486	0.1552440768240537	0.0	0.0	0.0	0.2342803166273983	0.0	0.0	0.0	0.0	0.0	0.0	0.0	0.12151981766886558	0.11756256971797543	0.0	0.0	0.0	0.0	0.0	0.0	0.0	0.0	0.0	0.0	0.0	0.0	0.0	0.0	0.0	0.0	0.0	0.0	0.0	0.0	0.0	0.0	0.0	0.0	0.0	0.0	0.0	0.0	0.0	0.0	0.0	0.0	0.0	0.0	0.0	0.0	0.0	0.0	0.0	0.0	0.0
Syn.Breast-AdenoCA::S.59	0.19188637589731777	0.0	0.0	0.1188059094152195	0.0	0.0	0.06543602715781333	0.0	0.0	0.06889717935792926	0.07589076072714097	0.0	0.0	0.048663896658633736	0.17313742121397543	0.0	0.0	0.15292909313037892	0.10435333644159102	0.0	0.0	0.0	0.0	0.0	0.0	0.0	0.0	0.0	0.0	0.0	0.0	0.0	0.0	0.0	0.0	0.0	0.0	0.0	0.0	0.0	0.0	0.0	0.0	0.0	0.0	0.0	0.0	0.0	0.0	0.0	0.0	0.0	0.0	0.0	0.0	0.0	0.0	0.0	0.0	0.0
Syn.Breast-AdenoCA::S.60	0.13025699406163008	0.0	0.0	0.23306960809657357	0.14191290554332092	0.1183962037615357	0.0	0.0	0.0	0.03292176278696244	0.0	0.0	0.0	0.2215644886832311	0.0	0.0	0.0	0.0	0.12187803706674617	0.0	0.0	0.0	0.0	0.0	0.0	0.0	0.0	0.0	0.0	0.0	0.0	0.0	0.0	0.0	0.0	0.0	0.0	0.0	0.0	0.0	0.0	0.0	0.0	0.0	0.0	0.0	0.0	0.0	0.0	0.0	0.0	0.0	0.0	0.0	0.0	0.0	0.0	0.0	0.0	0.0
Syn.Breast-AdenoCA::S.61	0.04614972341241763	0.05676044799430646	0.0	0.10942240949072012	0.35004019783553825	0.0	0.0	0.0	0.0	0.067299109183972	0.0	0.0	0.0	0.0	0.2102953409309598	0.0	0.0	0.16003277115208575	0.0	0.0	0.0	0.0	0.0	0.0	0.0	0.0	0.0	0.0	0.0	0.0	0.0	0.0	0.0	0.0	0.0	0.0	0.0	0.0	0.0	0.0	0.0	0.0	0.0	0.0	0.0	0.0	0.0	0.0	0.0	0.0	0.0	0.0	0.0	0.0	0.0	0.0	0.0	0.0	0.0	0.0
Syn.Breast-AdenoCA::S.62	0.058122803117064345	0.0	0.0	0.05890663218006483	0.42574716074762087	0.0	0.0619509641411597	0.0	0.0	0.08294465282993142	0.0	0.14284967794260164	0.07148911467968216	0.0	0.0	0.0	0.0	0.0	0.09798899436187482	0.0	0.0	0.0	0.0	0.0	0.0	0.0	0.0	0.0	0.0	0.0	0.0	0.0	0.0	0.0	0.0	0.0	0.0	0.0	0.0	0.0	0.0	0.0	0.0	0.0	0.0	0.0	0.0	0.0	0.0	0.0	0.0	0.0	0.0	0.0	0.0	0.0	0.0	0.0	0.0	0.0
Syn.Breast-AdenoCA::S.63	0.09687074833189428	0.0	0.0	0.034177769069920594	0.0	0.0814884757323933	0.0	0.0	0.0	0.07094598118769214	0.0	0.0	0.05149495739838929	0.05497233980568183	0.19876046167936628	0.0	0.09218421317727074	0.20400451392375316	0.11510053969363837	0.0	0.0	0.0	0.0	0.0	0.0	0.0	0.0	0.0	0.0	0.0	0.0	0.0	0.0	0.0	0.0	0.0	0.0	0.0	0.0	0.0	0.0	0.0	0.0	0.0	0.0	0.0	0.0	0.0	0.0	0.0	0.0	0.0	0.0	0.0	0.0	0.0	0.0	0.0	0.0	0.0
Syn.Breast-AdenoCA::S.64	0.09210318760772382	0.0	0.0	0.11537352558896531	0.0	0.06552661533811706	0.13295093436748479	0.0	0.0	0.07245337704516397	0.0	0.0	0.08784914426705762	0.3024035985857854	0.007463733952028479	0.0	0.12387588324767347	0.0	0.0	0.0	0.0	0.0	0.0	0.0	0.0	0.0	0.0	0.0	0.0	0.0	0.0	0.0	0.0	0.0	0.0	0.0	0.0	0.0	0.0	0.0	0.0	0.0	0.0	0.0	0.0	0.0	0.0	0.0	0.0	0.0	0.0	0.0	0.0	0.0	0.0	0.0	0.0	0.0	0.0	0.0
Syn.Breast-AdenoCA::S.65	0.032477037513860406	0.3341754661873203	0.0	0.1487217593445172	0.0	0.0	0.0	0.0	0.0	0.0	0.0	0.0	0.0	0.0	0.3867751310102972	0.0	0.0	0.09785060594400488	0.0	0.0	0.0	0.0	0.0	0.0	0.0	0.0	0.0	0.0	0.0	0.0	0.0	0.0	0.0	0.0	0.0	0.0	0.0	0.0	0.0	0.0	0.0	0.0	0.0	0.0	0.0	0.0	0.0	0.0	0.0	0.0	0.0	0.0	0.0	0.0	0.0	0.0	0.0	0.0	0.0	0.0
Syn.Breast-AdenoCA::S.66	0.06496832353225443	0.0	0.0	0.23400655468352433	0.2033363570145701	0.16256845036129133	0.09967979105423361	0.0	0.0	0.0	0.05485674063713103	0.0	0.0	0.0	0.18058378271699518	0.0	0.0	0.0	0.0	0.0	0.0	0.0	0.0	0.0	0.0	0.0	0.0	0.0	0.0	0.0	0.0	0.0	0.0	0.0	0.0	0.0	0.0	0.0	0.0	0.0	0.0	0.0	0.0	0.0	0.0	0.0	0.0	0.0	0.0	0.0	0.0	0.0	0.0	0.0	0.0	0.0	0.0	0.0	0.0	0.0
Syn.Breast-AdenoCA::S.67	0.049850883012075395	0.08562127833217541	0.0	0.10582077167106971	0.07859067912501869	0.04043043758325359	0.0	0.0	0.0	0.0	0.0	0.0	0.0	0.0	0.6396859502764072	0.0	0.0	0.0	0.0	0.0	0.0	0.0	0.0	0.0	0.0	0.0	0.0	0.0	0.0	0.0	0.0	0.0	0.0	0.0	0.0	0.0	0.0	0.0	0.0	0.0	0.0	0.0	0.0	0.0	0.0	0.0	0.0	0.0	0.0	0.0	0.0	0.0	0.0	0.0	0.0	0.0	0.0	0.0	0.0	0.0
Syn.Breast-AdenoCA::S.68	0.08042274047035665	0.0	0.16240965335678895	0.14729807515347132	0.0	0.0	0.232689012399529	0.0	0.0	0.0	0.0	0.07166084930796549	0.0	0.0	0.06168486452745039	0.0	0.0	0.16439076247939366	0.07944404230504462	0.0	0.0	0.0	0.0	0.0	0.0	0.0	0.0	0.0	0.0	0.0	0.0	0.0	0.0	0.0	0.0	0.0	0.0	0.0	0.0	0.0	0.0	0.0	0.0	0.0	0.0	0.0	0.0	0.0	0.0	0.0	0.0	0.0	0.0	0.0	0.0	0.0	0.0	0.0	0.0	0.0
Syn.Breast-AdenoCA::S.69	0.059669317755065523	0.0	0.31431696773369916	0.11470293611628313	0.32004681240078464	0.0	0.12810706369376182	0.0	0.0	0.06315690230040572	0.0	0.0	0.0	0.0	0.0	0.0	0.0	0.0	0.0	0.0	0.0	0.0	0.0	0.0	0.0	0.0	0.0	0.0	0.0	0.0	0.0	0.0	0.0	0.0	0.0	0.0	0.0	0.0	0.0	0.0	0.0	0.0	0.0	0.0	0.0	0.0	0.0	0.0	0.0	0.0	0.0	0.0	0.0	0.0	0.0	0.0	0.0	0.0	0.0	0.0
Syn.Breast-AdenoCA::S.70	0.17925376091935602	0.0	0.0	0.07968901488311235	0.13696073921664248	0.1206085584572024	0.0	0.0	0.0	0.0747048137029922	0.0	0.0	0.0	0.08403059749897165	0.1467934735392226	0.0	0.0965525640251027	0.08140647775739752	0.0	0.0	0.0	0.0	0.0	0.0	0.0	0.0	0.0	0.0	0.0	0.0	0.0	0.0	0.0	0.0	0.0	0.0	0.0	0.0	0.0	0.0	0.0	0.0	0.0	0.0	0.0	0.0	0.0	0.0	0.0	0.0	0.0	0.0	0.0	0.0	0.0	0.0	0.0	0.0	0.0	0.0
Syn.Breast-AdenoCA::S.71	0.07902304013911743	0.05562714066913698	0.0	0.10563929371242387	0.0	0.04760537077560255	0.0	0.0	0.0	0.0	0.0	0.0	0.0	0.11156359596277554	0.47120800679920893	0.0	0.0	0.12933355194173465	0.0	0.0	0.0	0.0	0.0	0.0	0.0	0.0	0.0	0.0	0.0	0.0	0.0	0.0	0.0	0.0	0.0	0.0	0.0	0.0	0.0	0.0	0.0	0.0	0.0	0.0	0.0	0.0	0.0	0.0	0.0	0.0	0.0	0.0	0.0	0.0	0.0	0.0	0.0	0.0	0.0	0.0
Syn.Breast-AdenoCA::S.72	0.07651966085906191	0.10282054996590533	0.0	0.09643818934960621	0.0	0.2283326533839806	0.0432417176503224	0.0	0.0	0.0	0.0	0.0	0.0	0.08097946245520818	0.2593962337620526	0.0	0.0	0.11227153257386283	0.0	0.0	0.0	0.0	0.0	0.0	0.0	0.0	0.0	0.0	0.0	0.0	0.0	0.0	0.0	0.0	0.0	0.0	0.0	0.0	0.0	0.0	0.0	0.0	0.0	0.0	0.0	0.0	0.0	0.0	0.0	0.0	0.0	0.0	0.0	0.0	0.0	0.0	0.0	0.0	0.0	0.0
Syn.Breast-AdenoCA::S.73	0.08155675554966572	0.0	0.1095766326339397	0.02475862722193981	0.2031457306148752	0.1610529154061146	0.0	0.04673194371277085	0.0	0.0	0.0	0.0	0.06387377271566301	0.13357272540854753	0.10440001799585899	0.0	0.0	0.07133087874062458	0.0	0.0	0.0	0.0	0.0	0.0	0.0	0.0	0.0	0.0	0.0	0.0	0.0	0.0	0.0	0.0	0.0	0.0	0.0	0.0	0.0	0.0	0.0	0.0	0.0	0.0	0.0	0.0	0.0	0.0	0.0	0.0	0.0	0.0	0.0	0.0	0.0	0.0	0.0	0.0	0.0	0.0
Syn.Breast-AdenoCA::S.74	0.062289956507844475	0.07624489319812162	0.0	0.10359338162446632	0.09522773108509956	0.055980204150908916	0.0	0.0	0.0	0.0	0.0	0.0	0.0	0.09917969697530088	0.5074841364582583	0.0	0.0	0.0	0.0	0.0	0.0	0.0	0.0	0.0	0.0	0.0	0.0	0.0	0.0	0.0	0.0	0.0	0.0	0.0	0.0	0.0	0.0	0.0	0.0	0.0	0.0	0.0	0.0	0.0	0.0	0.0	0.0	0.0	0.0	0.0	0.0	0.0	0.0	0.0	0.0	0.0	0.0	0.0	0.0	0.0
Syn.Breast-AdenoCA::S.75	0.12603553270191542	0.0	0.0	0.08344074226194993	0.0	0.05449339889105371	0.18038907254594783	0.0	0.0	0.0	0.0	0.0	0.09387492102874066	0.0	0.0	0.0	0.12579552899183688	0.1698809080962959	0.1660898954822597	0.0	0.0	0.0	0.0	0.0	0.0	0.0	0.0	0.0	0.0	0.0	0.0	0.0	0.0	0.0	0.0	0.0	0.0	0.0	0.0	0.0	0.0	0.0	0.0	0.0	0.0	0.0	0.0	0.0	0.0	0.0	0.0	0.0	0.0	0.0	0.0	0.0	0.0	0.0	0.0	0.0
Syn.Breast-AdenoCA::S.76	0.05821267985017397	0.11278050273673443	0.0	0.09483638357171781	0.0	0.0774258041970524	0.0	0.0	0.11322364618602644	0.09688972184735732	0.0	0.0	0.0	0.0	0.17487981659186855	0.0	0.0	0.18274240705501613	0.08900903796405295	0.0	0.0	0.0	0.0	0.0	0.0	0.0	0.0	0.0	0.0	0.0	0.0	0.0	0.0	0.0	0.0	0.0	0.0	0.0	0.0	0.0	0.0	0.0	0.0	0.0	0.0	0.0	0.0	0.0	0.0	0.0	0.0	0.0	0.0	0.0	0.0	0.0	0.0	0.0	0.0	0.0
Syn.Breast-AdenoCA::S.77	0.21128115151768195	0.08700275437884038	0.0	0.08101958749337995	0.0	0.0	0.2259329088227746	0.0	0.0	0.0	0.057401014387025884	0.0	0.0	0.0	0.24437015929064262	0.0	0.0	0.0	0.09299242410965458	0.0	0.0	0.0	0.0	0.0	0.0	0.0	0.0	0.0	0.0	0.0	0.0	0.0	0.0	0.0	0.0	0.0	0.0	0.0	0.0	0.0	0.0	0.0	0.0	0.0	0.0	0.0	0.0	0.0	0.0	0.0	0.0	0.0	0.0	0.0	0.0	0.0	0.0	0.0	0.0	0.0
Syn.Breast-AdenoCA::S.78	0.04723940394077604	0.17943805369490737	0.0	0.2255662763867262	0.0	0.058202733378043034	0.07693784342213547	0.03921271627312238	0.0	0.0	0.0	0.0	0.04820198031214617	0.0	0.32520099259214336	0.0	0.0	0.0	0.0	0.0	0.0	0.0	0.0	0.0	0.0	0.0	0.0	0.0	0.0	0.0	0.0	0.0	0.0	0.0	0.0	0.0	0.0	0.0	0.0	0.0	0.0	0.0	0.0	0.0	0.0	0.0	0.0	0.0	0.0	0.0	0.0	0.0	0.0	0.0	0.0	0.0	0.0	0.0	0.0	0.0
Syn.Breast-AdenoCA::S.79	0.07224249232295472	0.17507997397093153	0.0	0.07300686385950322	0.0	0.06228852301054336	0.0	0.0	0.0	0.08862624634879977	0.0	0.0	0.1472222554907608	0.0	0.2724442496124099	0.0	0.0	0.0	0.10908939538409675	0.0	0.0	0.0	0.0	0.0	0.0	0.0	0.0	0.0	0.0	0.0	0.0	0.0	0.0	0.0	0.0	0.0	0.0	0.0	0.0	0.0	0.0	0.0	0.0	0.0	0.0	0.0	0.0	0.0	0.0	0.0	0.0	0.0	0.0	0.0	0.0	0.0	0.0	0.0	0.0	0.0
Syn.Breast-AdenoCA::S.80	0.1033269650639836	0.0	0.18135149249039506	0.18054443327493067	0.0	0.1287939726899612	0.0	0.0	0.0	0.0	0.0	0.0	0.0	0.0	0.40598313648072953	0.0	0.0	0.0	0.0	0.0	0.0	0.0	0.0	0.0	0.0	0.0	0.0	0.0	0.0	0.0	0.0	0.0	0.0	0.0	0.0	0.0	0.0	0.0	0.0	0.0	0.0	0.0	0.0	0.0	0.0	0.0	0.0	0.0	0.0	0.0	0.0	0.0	0.0	0.0	0.0	0.0	0.0	0.0	0.0	0.0
Syn.Breast-AdenoCA::S.81	0.10898083481611354	0.0	0.125954249954001	0.13694498442761666	0.0	0.0	0.0	0.0	0.0	0.0	0.0	0.0	0.13677890193173375	0.33781410342813845	0.09168789677157163	0.0	0.0	0.0	0.061839028670825136	0.0	0.0	0.0	0.0	0.0	0.0	0.0	0.0	0.0	0.0	0.0	0.0	0.0	0.0	0.0	0.0	0.0	0.0	0.0	0.0	0.0	0.0	0.0	0.0	0.0	0.0	0.0	0.0	0.0	0.0	0.0	0.0	0.0	0.0	0.0	0.0	0.0	0.0	0.0	0.0	0.0
Syn.Breast-AdenoCA::S.82	0.061829412344325686	0.0	0.0	0.18418550457047814	0.18348369019281804	0.12814923202402595	0.21782260862046934	0.0	0.0	0.0	0.0	0.0	0.0	0.0	0.22452955224788299	0.0	0.0	0.0	0.0	0.0	0.0	0.0	0.0	0.0	0.0	0.0	0.0	0.0	0.0	0.0	0.0	0.0	0.0	0.0	0.0	0.0	0.0	0.0	0.0	0.0	0.0	0.0	0.0	0.0	0.0	0.0	0.0	0.0	0.0	0.0	0.0	0.0	0.0	0.0	0.0	0.0	0.0	0.0	0.0	0.0
Syn.Breast-AdenoCA::S.83	0.1472459459542346	0.09496978614242897	0.0	0.13925660204127052	0.12371017709184612	0.0	0.13530878483327746	0.0	0.0	0.06385894046397653	0.0	0.0	0.0	0.0	0.2956497634729658	0.0	0.0	0.0	0.0	0.0	0.0	0.0	0.0	0.0	0.0	0.0	0.0	0.0	0.0	0.0	0.0	0.0	0.0	0.0	0.0	0.0	0.0	0.0	0.0	0.0	0.0	0.0	0.0	0.0	0.0	0.0	0.0	0.0	0.0	0.0	0.0	0.0	0.0	0.0	0.0	0.0	0.0	0.0	0.0	0.0
Syn.Breast-AdenoCA::S.84	0.11807057791638581	0.0	0.0	0.158813105148083	0.19409518324601335	0.15033549914051267	0.11125613802111002	0.0	0.0	0.0	0.0	0.0	0.05646916472064182	0.0	0.2109603318072533	0.0	0.0	0.0	0.0	0.0	0.0	0.0	0.0	0.0	0.0	0.0	0.0	0.0	0.0	0.0	0.0	0.0	0.0	0.0	0.0	0.0	0.0	0.0	0.0	0.0	0.0	0.0	0.0	0.0	0.0	0.0	0.0	0.0	0.0	0.0	0.0	0.0	0.0	0.0	0.0	0.0	0.0	0.0	0.0	0.0
Syn.Breast-AdenoCA::S.85	0.06844037699059355	0.09861783231107098	0.0	0.11483482115127988	0.07191539021814851	0.14373984644060178	0.0	0.0	0.0	0.0	0.0	0.0	0.0	0.0	0.1229292293529487	0.0	0.18859147508697957	0.08878328189686109	0.10214774655151594	0.0	0.0	0.0	0.0	0.0	0.0	0.0	0.0	0.0	0.0	0.0	0.0	0.0	0.0	0.0	0.0	0.0	0.0	0.0	0.0	0.0	0.0	0.0	0.0	0.0	0.0	0.0	0.0	0.0	0.0	0.0	0.0	0.0	0.0	0.0	0.0	0.0	0.0	0.0	0.0	0.0
Syn.Breast-AdenoCA::S.86	0.023076832477156445	0.0	0.0	0.21155709239073486	0.0	0.04159415178873322	0.0	0.0	0.0	0.0	0.0	0.0	0.0	0.0	0.5757839868816539	0.0	0.0	0.14798793646172165	0.0	0.0	0.0	0.0	0.0	0.0	0.0	0.0	0.0	0.0	0.0	0.0	0.0	0.0	0.0	0.0	0.0	0.0	0.0	0.0	0.0	0.0	0.0	0.0	0.0	0.0	0.0	0.0	0.0	0.0	0.0	0.0	0.0	0.0	0.0	0.0	0.0	0.0	0.0	0.0	0.0	0.0
Syn.Breast-AdenoCA::S.87	0.14311158436371862	0.0	0.0	0.22670659351514835	0.0	0.07892852727853328	0.0	0.0	0.0	0.04742446231489984	0.0	0.0	0.11658065034534695	0.17098744363581364	0.21626073854653932	0.0	0.0	0.0	0.0	0.0	0.0	0.0	0.0	0.0	0.0	0.0	0.0	0.0	0.0	0.0	0.0	0.0	0.0	0.0	0.0	0.0	0.0	0.0	0.0	0.0	0.0	0.0	0.0	0.0	0.0	0.0	0.0	0.0	0.0	0.0	0.0	0.0	0.0	0.0	0.0	0.0	0.0	0.0	0.0	0.0
Syn.Breast-AdenoCA::S.88	0.11322166487985985	0.0	0.0	0.08191152305677626	0.0	0.10457599833383632	0.0	0.0	0.0	0.0939625639690504	0.05558034573601402	0.0	0.05952214887545969	0.0	0.2347073101592211	0.0	0.0	0.09454233720912487	0.16197610778065752	0.0	0.0	0.0	0.0	0.0	0.0	0.0	0.0	0.0	0.0	0.0	0.0	0.0	0.0	0.0	0.0	0.0	0.0	0.0	0.0	0.0	0.0	0.0	0.0	0.0	0.0	0.0	0.0	0.0	0.0	0.0	0.0	0.0	0.0	0.0	0.0	0.0	0.0	0.0	0.0	0.0
Syn.Breast-AdenoCA::S.89	0.0628349139508869	0.0	0.10041143906341331	0.11196855116462379	0.19823692396155468	0.0	0.0	0.05266828355343691	0.0	0.0	0.059488570224579235	0.06514626170411687	0.055319868672399	0.07125086143918317	0.026779509579958893	0.0	0.0	0.19589481668584707	0.0	0.0	0.0	0.0	0.0	0.0	0.0	0.0	0.0	0.0	0.0	0.0	0.0	0.0	0.0	0.0	0.0	0.0	0.0	0.0	0.0	0.0	0.0	0.0	0.0	0.0	0.0	0.0	0.0	0.0	0.0	0.0	0.0	0.0	0.0	0.0	0.0	0.0	0.0	0.0	0.0	0.0
Syn.Breast-AdenoCA::S.90	0.04745781316652855	0.0	0.0	0.1459901253764518	0.0	0.0	0.6028569649660364	0.0	0.0	0.06703748933233075	0.0	0.0	0.0	0.0	0.13665760715865263	0.0	0.0	0.0	0.0	0.0	0.0	0.0	0.0	0.0	0.0	0.0	0.0	0.0	0.0	0.0	0.0	0.0	0.0	0.0	0.0	0.0	0.0	0.0	0.0	0.0	0.0	0.0	0.0	0.0	0.0	0.0	0.0	0.0	0.0	0.0	0.0	0.0	0.0	0.0	0.0	0.0	0.0	0.0	0.0	0.0
Syn.Breast-AdenoCA::S.91	0.1087032773807203	0.11203029879795515	0.0	0.2984211644443558	0.0	0.0	0.12153229729649959	0.039781139855104196	0.0	0.0	0.0	0.0	0.055797879123602935	0.0	0.26373394310176196	0.0	0.0	0.0	0.0	0.0	0.0	0.0	0.0	0.0	0.0	0.0	0.0	0.0	0.0	0.0	0.0	0.0	0.0	0.0	0.0	0.0	0.0	0.0	0.0	0.0	0.0	0.0	0.0	0.0	0.0	0.0	0.0	0.0	0.0	0.0	0.0	0.0	0.0	0.0	0.0	0.0	0.0	0.0	0.0	0.0
Syn.Breast-AdenoCA::S.92	0.11302173978164752	0.0851255128327882	0.0	0.11946009715209868	0.0	0.10112459249848338	0.0702917613092264	0.03934989402048894	0.0	0.0	0.0	0.0	0.0	0.12594242608766928	0.26018608018550216	0.0	0.0	0.0854978961320955	0.0	0.0	0.0	0.0	0.0	0.0	0.0	0.0	0.0	0.0	0.0	0.0	0.0	0.0	0.0	0.0	0.0	0.0	0.0	0.0	0.0	0.0	0.0	0.0	0.0	0.0	0.0	0.0	0.0	0.0	0.0	0.0	0.0	0.0	0.0	0.0	0.0	0.0	0.0	0.0	0.0	0.0
Syn.Breast-AdenoCA::S.93	0.08268722399062835	0.12203061725298812	0.0	0.1628564961200839	0.2549811885498317	0.15334095085389182	0.0	0.0	0.0	0.0	0.0	0.0	0.0	0.0	0.22410352323257593	0.0	0.0	0.0	0.0	0.0	0.0	0.0	0.0	0.0	0.0	0.0	0.0	0.0	0.0	0.0	0.0	0.0	0.0	0.0	0.0	0.0	0.0	0.0	0.0	0.0	0.0	0.0	0.0	0.0	0.0	0.0	0.0	0.0	0.0	0.0	0.0	0.0	0.0	0.0	0.0	0.0	0.0	0.0	0.0	0.0
Syn.Breast-AdenoCA::S.94	0.1121412355491853	0.0503398888787421	0.0	0.1572099909481494	0.0	0.0	0.15190274942675552	0.07711659336669817	0.0	0.0	0.0	0.0	0.16397265975376776	0.07407864462902992	0.0	0.0	0.0	0.21323823744767173	0.0	0.0	0.0	0.0	0.0	0.0	0.0	0.0	0.0	0.0	0.0	0.0	0.0	0.0	0.0	0.0	0.0	0.0	0.0	0.0	0.0	0.0	0.0	0.0	0.0	0.0	0.0	0.0	0.0	0.0	0.0	0.0	0.0	0.0	0.0	0.0	0.0	0.0	0.0	0.0	0.0	0.0
Syn.Breast-AdenoCA::S.95	0.06616775837191499	0.09364050567876347	0.0	0.1341776086060939	0.48910366949697837	0.07976090761405226	0.0	0.0	0.0	0.0	0.0	0.0	0.0	0.0	0.0	0.0	0.137149550232197	0.0	0.0	0.0	0.0	0.0	0.0	0.0	0.0	0.0	0.0	0.0	0.0	0.0	0.0	0.0	0.0	0.0	0.0	0.0	0.0	0.0	0.0	0.0	0.0	0.0	0.0	0.0	0.0	0.0	0.0	0.0	0.0	0.0	0.0	0.0	0.0	0.0	0.0	0.0	0.0	0.0	0.0	0.0
Syn.Breast-AdenoCA::S.96	0.07822739974982716	0.09584561939484512	0.0	0.1108067632628098	0.1837735981400186	0.12493111867592856	0.0	0.0	0.0	0.0	0.07224397020928229	0.0	0.0	0.0623147628445719	0.07169170479222907	0.1202129879573796	0.0	0.07995207497310781	0.0	0.0	0.0	0.0	0.0	0.0	0.0	0.0	0.0	0.0	0.0	0.0	0.0	0.0	0.0	0.0	0.0	0.0	0.0	0.0	0.0	0.0	0.0	0.0	0.0	0.0	0.0	0.0	0.0	0.0	0.0	0.0	0.0	0.0	0.0	0.0	0.0	0.0	0.0	0.0	0.0	0.0
Syn.Breast-AdenoCA::S.97	0.32587598319357236	0.0	0.0	0.21210266041115536	0.05915058455290359	0.0	0.0	0.0	0.0	0.0	0.0	0.09760735527336133	0.0	0.0	0.16003712150375826	0.0	0.0	0.0	0.14522629506524914	0.0	0.0	0.0	0.0	0.0	0.0	0.0	0.0	0.0	0.0	0.0	0.0	0.0	0.0	0.0	0.0	0.0	0.0	0.0	0.0	0.0	0.0	0.0	0.0	0.0	0.0	0.0	0.0	0.0	0.0	0.0	0.0	0.0	0.0	0.0	0.0	0.0	0.0	0.0	0.0	0.0
Syn.Breast-AdenoCA::S.98	0.10546895146045619	0.0	0.0	0.09708358300940995	0.20283186148617563	0.0	0.0	0.0	0.0	0.0	0.0	0.0	0.0	0.07540117511724558	0.2561390011254898	0.0	0.0834133077876811	0.17966212001354184	0.0	0.0	0.0	0.0	0.0	0.0	0.0	0.0	0.0	0.0	0.0	0.0	0.0	0.0	0.0	0.0	0.0	0.0	0.0	0.0	0.0	0.0	0.0	0.0	0.0	0.0	0.0	0.0	0.0	0.0	0.0	0.0	0.0	0.0	0.0	0.0	0.0	0.0	0.0	0.0	0.0	0.0
Syn.Breast-AdenoCA::S.99	0.08364636866827453	0.0	0.21897662331534481	0.1251421691583279	0.04892337727218551	0.16915379460279714	0.0	0.0	0.0	0.08477085976772941	0.0	0.0	0.0	0.0	0.2693868072153406	0.0	0.0	0.0	0.0	0.0	0.0	0.0	0.0	0.0	0.0	0.0	0.0	0.0	0.0	0.0	0.0	0.0	0.0	0.0	0.0	0.0	0.0	0.0	0.0	0.0	0.0	0.0	0.0	0.0	0.0	0.0	0.0	0.0	0.0	0.0	0.0	0.0	0.0	0.0	0.0	0.0	0.0	0.0	0.0	0.0
Syn.Breast-AdenoCA::S.100	0.07751637735545945	0.13108279198273262	0.0	0.13798557294269156	0.35611558463725906	0.03894188404036799	0.0	0.0	0.0	0.0	0.0	0.0	0.1429918264002922	0.0	0.0	0.0	0.0	0.0	0.11536596264119701	0.0	0.0	0.0	0.0	0.0	0.0	0.0	0.0	0.0	0.0	0.0	0.0	0.0	0.0	0.0	0.0	0.0	0.0	0.0	0.0	0.0	0.0	0.0	0.0	0.0	0.0	0.0	0.0	0.0	0.0	0.0	0.0	0.0	0.0	0.0	0.0	0.0	0.0	0.0	0.0	0.0
Syn.Breast-AdenoCA::S.101	0.09266970559228888	0.0	0.0	0.1758064851924273	0.082047675475491	0.0	0.2691632032070558	0.0	0.0	0.0	0.0	0.0	0.0	0.0	0.28130063177556974	0.0	0.0	0.0	0.0990122987571673	0.0	0.0	0.0	0.0	0.0	0.0	0.0	0.0	0.0	0.0	0.0	0.0	0.0	0.0	0.0	0.0	0.0	0.0	0.0	0.0	0.0	0.0	0.0	0.0	0.0	0.0	0.0	0.0	0.0	0.0	0.0	0.0	0.0	0.0	0.0	0.0	0.0	0.0	0.0	0.0	0.0
Syn.Breast-AdenoCA::S.102	0.057125051925692685	0.14876381373390316	0.0	0.03320366506555179	0.17832948893114764	0.09547865406735424	0.0992737886252107	0.053838620345515724	0.0	0.0	0.0	0.0	0.04587180158802579	0.0747115099522361	0.136817568058762	0.0	0.0	0.0	0.0765860377066002	0.0	0.0	0.0	0.0	0.0	0.0	0.0	0.0	0.0	0.0	0.0	0.0	0.0	0.0	0.0	0.0	0.0	0.0	0.0	0.0	0.0	0.0	0.0	0.0	0.0	0.0	0.0	0.0	0.0	0.0	0.0	0.0	0.0	0.0	0.0	0.0	0.0	0.0	0.0	0.0	0.0
Syn.Breast-AdenoCA::S.103	0.048481841383050436	0.0	0.0	0.0323687668156983	0.10527083186542005	0.1641305567933979	0.0	0.0	0.0	0.06793734905244601	0.0	0.0	0.0	0.0	0.4076158811448458	0.0	0.10541409137439249	0.06878068157074911	0.0	0.0	0.0	0.0	0.0	0.0	0.0	0.0	0.0	0.0	0.0	0.0	0.0	0.0	0.0	0.0	0.0	0.0	0.0	0.0	0.0	0.0	0.0	0.0	0.0	0.0	0.0	0.0	0.0	0.0	0.0	0.0	0.0	0.0	0.0	0.0	0.0	0.0	0.0	0.0	0.0	0.0
Syn.Breast-AdenoCA::S.104	0.04883290650402127	0.0	0.0	0.1062290099763448	0.0	0.0	0.0	0.0	0.0	0.0	0.0	0.0	0.0	0.0	0.844938083519634	0.0	0.0	0.0	0.0	0.0	0.0	0.0	0.0	0.0	0.0	0.0	0.0	0.0	0.0	0.0	0.0	0.0	0.0	0.0	0.0	0.0	0.0	0.0	0.0	0.0	0.0	0.0	0.0	0.0	0.0	0.0	0.0	0.0	0.0	0.0	0.0	0.0	0.0	0.0	0.0	0.0	0.0	0.0	0.0	0.0
Syn.Breast-AdenoCA::S.105	0.10023291697230574	0.0	0.09766497228469316	0.17366749250043137	0.11790673959204036	0.05083943797679125	0.0	0.0	0.0	0.0	0.0	0.0	0.03543283845945446	0.0	0.42425560221428366	0.0	0.0	0.0	0.0	0.0	0.0	0.0	0.0	0.0	0.0	0.0	0.0	0.0	0.0	0.0	0.0	0.0	0.0	0.0	0.0	0.0	0.0	0.0	0.0	0.0	0.0	0.0	0.0	0.0	0.0	0.0	0.0	0.0	0.0	0.0	0.0	0.0	0.0	0.0	0.0	0.0	0.0	0.0	0.0	0.0
Syn.Breast-AdenoCA::S.106	0.11064336377403268	0.0	0.0	0.12121983767026413	0.0	0.06523595294707933	0.07127247975006738	0.0	0.0	0.0	0.06948609068322206	0.0	0.0	0.0	0.45467578940281855	0.10746648577251591	0.0	0.0	0.0	0.0	0.0	0.0	0.0	0.0	0.0	0.0	0.0	0.0	0.0	0.0	0.0	0.0	0.0	0.0	0.0	0.0	0.0	0.0	0.0	0.0	0.0	0.0	0.0	0.0	0.0	0.0	0.0	0.0	0.0	0.0	0.0	0.0	0.0	0.0	0.0	0.0	0.0	0.0	0.0	0.0
Syn.Breast-AdenoCA::S.107	0.0490887344385932	0.0	0.0	0.15544757272278645	0.343434442490465	0.2461292261496545	0.13936223855014854	0.0	0.0	0.04483316764479117	0.0	0.0	0.0	0.0	0.021704618003561126	0.0	0.0	0.0	0.0	0.0	0.0	0.0	0.0	0.0	0.0	0.0	0.0	0.0	0.0	0.0	0.0	0.0	0.0	0.0	0.0	0.0	0.0	0.0	0.0	0.0	0.0	0.0	0.0	0.0	0.0	0.0	0.0	0.0	0.0	0.0	0.0	0.0	0.0	0.0	0.0	0.0	0.0	0.0	0.0	0.0
Syn.Breast-AdenoCA::S.108	0.1663149856300063	0.0	0.0	0.0853106538339875	0.0	0.03233825744828195	0.0	0.0	0.0	0.0	0.2520687714686433	0.0	0.0	0.12819578143546143	0.10046643691547977	0.0	0.0	0.09284605914834383	0.14245905411979573	0.0	0.0	0.0	0.0	0.0	0.0	0.0	0.0	0.0	0.0	0.0	0.0	0.0	0.0	0.0	0.0	0.0	0.0	0.0	0.0	0.0	0.0	0.0	0.0	0.0	0.0	0.0	0.0	0.0	0.0	0.0	0.0	0.0	0.0	0.0	0.0	0.0	0.0	0.0	0.0	0.0
Syn.Breast-AdenoCA::S.109	0.04549371164760953	0.2257225837989424	0.0	0.1339696536935425	0.22022649141008527	0.07741112467731764	0.0	0.0	0.0	0.0	0.0	0.0	0.04988664891104725	0.0	0.0	0.0	0.0	0.12642137264106462	0.12086841322039076	0.0	0.0	0.0	0.0	0.0	0.0	0.0	0.0	0.0	0.0	0.0	0.0	0.0	0.0	0.0	0.0	0.0	0.0	0.0	0.0	0.0	0.0	0.0	0.0	0.0	0.0	0.0	0.0	0.0	0.0	0.0	0.0	0.0	0.0	0.0	0.0	0.0	0.0	0.0	0.0	0.0
Syn.Breast-AdenoCA::S.110	0.011754005196517156	0.23782556891803155	0.0	0.06626381855702908	0.6841566073284222	0.0	0.0	0.0	0.0	0.0	0.0	0.0	0.0	0.0	0.0	0.0	0.0	0.0	0.0	0.0	0.0	0.0	0.0	0.0	0.0	0.0	0.0	0.0	0.0	0.0	0.0	0.0	0.0	0.0	0.0	0.0	0.0	0.0	0.0	0.0	0.0	0.0	0.0	0.0	0.0	0.0	0.0	0.0	0.0	0.0	0.0	0.0	0.0	0.0	0.0	0.0	0.0	0.0	0.0	0.0
Syn.Breast-AdenoCA::S.111	0.09362060032887348	0.0	0.0	0.14835142315575836	0.0	0.15080277780088638	0.0	0.028664929665731104	0.2608789265305498	0.0	0.0	0.0	0.11482359555379211	0.0	0.021825851634813424	0.0	0.0	0.18103189532959546	0.0	0.0	0.0	0.0	0.0	0.0	0.0	0.0	0.0	0.0	0.0	0.0	0.0	0.0	0.0	0.0	0.0	0.0	0.0	0.0	0.0	0.0	0.0	0.0	0.0	0.0	0.0	0.0	0.0	0.0	0.0	0.0	0.0	0.0	0.0	0.0	0.0	0.0	0.0	0.0	0.0	0.0
Syn.Breast-AdenoCA::S.112	0.13622657090751408	0.0	0.4018594103767834	0.24592607749311868	0.0	0.0	0.0	0.0	0.0	0.0	0.10135390910836081	0.0	0.0	0.0	0.11463403211422307	0.0	0.0	0.0	0.0	0.0	0.0	0.0	0.0	0.0	0.0	0.0	0.0	0.0	0.0	0.0	0.0	0.0	0.0	0.0	0.0	0.0	0.0	0.0	0.0	0.0	0.0	0.0	0.0	0.0	0.0	0.0	0.0	0.0	0.0	0.0	0.0	0.0	0.0	0.0	0.0	0.0	0.0	0.0	0.0	0.0
Syn.Breast-AdenoCA::S.113	0.06429253960334856	0.4053218884490543	0.0	0.3083243636159526	0.0	0.1076368158669178	0.0	0.0	0.0	0.0	0.0	0.0	0.11442439246472656	0.0	0.0	0.0	0.0	0.0	0.0	0.0	0.0	0.0	0.0	0.0	0.0	0.0	0.0	0.0	0.0	0.0	0.0	0.0	0.0	0.0	0.0	0.0	0.0	0.0	0.0	0.0	0.0	0.0	0.0	0.0	0.0	0.0	0.0	0.0	0.0	0.0	0.0	0.0	0.0	0.0	0.0	0.0	0.0	0.0	0.0	0.0
Syn.Breast-AdenoCA::S.114	0.1348186883626694	0.06748309340368712	0.0	0.2042718369515029	0.13298765625774583	0.16569334337951241	0.0	0.033457435810879906	0.0	0.0	0.0	0.0	0.0	0.0	0.06454797698549235	0.0	0.0	0.09092411442140065	0.10581585442710942	0.0	0.0	0.0	0.0	0.0	0.0	0.0	0.0	0.0	0.0	0.0	0.0	0.0	0.0	0.0	0.0	0.0	0.0	0.0	0.0	0.0	0.0	0.0	0.0	0.0	0.0	0.0	0.0	0.0	0.0	0.0	0.0	0.0	0.0	0.0	0.0	0.0	0.0	0.0	0.0	0.0
Syn.Breast-AdenoCA::S.115	0.03563657967585703	0.19287417823545472	0.0	0.10453114539421887	0.0	0.0	0.23829250776726738	0.0	0.0	0.0	0.0	0.0	0.0	0.0	0.16495106859880093	0.0	0.0	0.2637145203284009	0.0	0.0	0.0	0.0	0.0	0.0	0.0	0.0	0.0	0.0	0.0	0.0	0.0	0.0	0.0	0.0	0.0	0.0	0.0	0.0	0.0	0.0	0.0	0.0	0.0	0.0	0.0	0.0	0.0	0.0	0.0	0.0	0.0	0.0	0.0	0.0	0.0	0.0	0.0	0.0	0.0	0.0
Syn.Breast-AdenoCA::S.116	0.14429438477975612	0.0	0.0	0.11473917997223883	0.195530505896795	0.0	0.0	0.0	0.0	0.0	0.0	0.0	0.12831872578964937	0.2558060557399285	0.16131114782163208	0.0	0.0	0.0	0.0	0.0	0.0	0.0	0.0	0.0	0.0	0.0	0.0	0.0	0.0	0.0	0.0	0.0	0.0	0.0	0.0	0.0	0.0	0.0	0.0	0.0	0.0	0.0	0.0	0.0	0.0	0.0	0.0	0.0	0.0	0.0	0.0	0.0	0.0	0.0	0.0	0.0	0.0	0.0	0.0	0.0
Syn.Breast-AdenoCA::S.117	0.17051913104728292	0.0	0.0	0.23093348560346336	0.02968418251335755	0.03506705201833833	0.0	0.0	0.0	0.0	0.0	0.07503440830947185	0.0	0.0	0.1722189752835272	0.0	0.1355456749442188	0.0	0.15099709028034008	0.0	0.0	0.0	0.0	0.0	0.0	0.0	0.0	0.0	0.0	0.0	0.0	0.0	0.0	0.0	0.0	0.0	0.0	0.0	0.0	0.0	0.0	0.0	0.0	0.0	0.0	0.0	0.0	0.0	0.0	0.0	0.0	0.0	0.0	0.0	0.0	0.0	0.0	0.0	0.0	0.0
Syn.Breast-AdenoCA::S.118	0.1904602309868889	0.0	0.15053972350197958	0.198165951842198	0.0	0.10589266497388926	0.1612397715555786	0.0	0.0	0.0	0.0	0.0	0.0	0.0	0.0	0.0	0.0	0.0	0.19370165713946563	0.0	0.0	0.0	0.0	0.0	0.0	0.0	0.0	0.0	0.0	0.0	0.0	0.0	0.0	0.0	0.0	0.0	0.0	0.0	0.0	0.0	0.0	0.0	0.0	0.0	0.0	0.0	0.0	0.0	0.0	0.0	0.0	0.0	0.0	0.0	0.0	0.0	0.0	0.0	0.0	0.0
Syn.Breast-AdenoCA::S.119	0.0352668474886356	0.0	0.0	0.21891070181180877	0.13328855193799885	0.0	0.0	0.0	0.0	0.08899798043440517	0.0	0.0	0.0	0.0	0.5235359183271516	0.0	0.0	0.0	0.0	0.0	0.0	0.0	0.0	0.0	0.0	0.0	0.0	0.0	0.0	0.0	0.0	0.0	0.0	0.0	0.0	0.0	0.0	0.0	0.0	0.0	0.0	0.0	0.0	0.0	0.0	0.0	0.0	0.0	0.0	0.0	0.0	0.0	0.0	0.0	0.0	0.0	0.0	0.0	0.0	0.0
Syn.Breast-AdenoCA::S.120	0.07813383585973745	0.0	0.0	0.17261156366709968	0.0	0.0	0.0	0.0	0.0	0.0	0.0	0.0	0.057867190258694134	0.20977519158286448	0.4816122186316042	0.0	0.0	0.0	0.0	0.0	0.0	0.0	0.0	0.0	0.0	0.0	0.0	0.0	0.0	0.0	0.0	0.0	0.0	0.0	0.0	0.0	0.0	0.0	0.0	0.0	0.0	0.0	0.0	0.0	0.0	0.0	0.0	0.0	0.0	0.0	0.0	0.0	0.0	0.0	0.0	0.0	0.0	0.0	0.0	0.0
Syn.Breast-AdenoCA::S.121	0.119932784637989	0.08386625470198109	0.0	0.09211772784545377	0.0	0.0	0.0	0.0	0.0	0.0	0.06355265168810065	0.0	0.0	0.37750169024518804	0.2630288908812875	0.0	0.0	0.0	0.0	0.0	0.0	0.0	0.0	0.0	0.0	0.0	0.0	0.0	0.0	0.0	0.0	0.0	0.0	0.0	0.0	0.0	0.0	0.0	0.0	0.0	0.0	0.0	0.0	0.0	0.0	0.0	0.0	0.0	0.0	0.0	0.0	0.0	0.0	0.0	0.0	0.0	0.0	0.0	0.0	0.0
Syn.Breast-AdenoCA::S.122	0.09074173295822698	0.0	0.0	0.04674921374674614	0.24535990046022987	0.0996321649580676	0.0	0.0	0.0	0.0	0.0	0.0	0.0372631116942501	0.10563954330519888	0.12283196597746833	0.0	0.05897421805037779	0.09165651760403831	0.10115163124539601	0.0	0.0	0.0	0.0	0.0	0.0	0.0	0.0	0.0	0.0	0.0	0.0	0.0	0.0	0.0	0.0	0.0	0.0	0.0	0.0	0.0	0.0	0.0	0.0	0.0	0.0	0.0	0.0	0.0	0.0	0.0	0.0	0.0	0.0	0.0	0.0	0.0	0.0	0.0	0.0	0.0
Syn.Breast-AdenoCA::S.123	0.042022951272137114	0.05940015583897049	0.0	0.07718971572935755	0.11104290648673912	0.2268596816598567	0.0	0.0	0.0	0.0	0.051207109743524735	0.0	0.0	0.0	0.43227747926941423	0.0	0.0	0.0	0.0	0.0	0.0	0.0	0.0	0.0	0.0	0.0	0.0	0.0	0.0	0.0	0.0	0.0	0.0	0.0	0.0	0.0	0.0	0.0	0.0	0.0	0.0	0.0	0.0	0.0	0.0	0.0	0.0	0.0	0.0	0.0	0.0	0.0	0.0	0.0	0.0	0.0	0.0	0.0	0.0	0.0
Syn.Breast-AdenoCA::S.124	0.06416669641141105	0.44912555833187406	0.0	0.14457946640249544	0.0	0.09883575885619598	0.08429915446859247	0.0	0.0	0.0	0.0	0.0	0.0	0.0	0.0	0.0	0.0	0.0	0.15899336552943089	0.0	0.0	0.0	0.0	0.0	0.0	0.0	0.0	0.0	0.0	0.0	0.0	0.0	0.0	0.0	0.0	0.0	0.0	0.0	0.0	0.0	0.0	0.0	0.0	0.0	0.0	0.0	0.0	0.0	0.0	0.0	0.0	0.0	0.0	0.0	0.0	0.0	0.0	0.0	0.0	0.0
Syn.Breast-AdenoCA::S.125	0.16323669268046176	0.0	0.0	0.15454338611167162	0.0	0.21545636166680704	0.0	0.0	0.0	0.0	0.056333963574317324	0.0	0.09794786669232829	0.0	0.2520871006524157	0.0	0.0	0.0	0.0603946286219983	0.0	0.0	0.0	0.0	0.0	0.0	0.0	0.0	0.0	0.0	0.0	0.0	0.0	0.0	0.0	0.0	0.0	0.0	0.0	0.0	0.0	0.0	0.0	0.0	0.0	0.0	0.0	0.0	0.0	0.0	0.0	0.0	0.0	0.0	0.0	0.0	0.0	0.0	0.0	0.0	0.0
Syn.Breast-AdenoCA::S.126	0.06311869408425991	0.0	0.0	0.22232419370315326	0.19480741442308377	0.0	0.0	0.0	0.0	0.023686140567888217	0.0	0.0	0.09586782175476619	0.13903247582736938	0.26116325963947923	0.0	0.0	0.0	0.0	0.0	0.0	0.0	0.0	0.0	0.0	0.0	0.0	0.0	0.0	0.0	0.0	0.0	0.0	0.0	0.0	0.0	0.0	0.0	0.0	0.0	0.0	0.0	0.0	0.0	0.0	0.0	0.0	0.0	0.0	0.0	0.0	0.0	0.0	0.0	0.0	0.0	0.0	0.0	0.0	0.0
Syn.Breast-AdenoCA::S.127	0.022479456369987293	0.0	0.0	0.16903423491647535	0.0	0.0	0.0	0.0	0.0	0.0	0.0	0.0	0.0	0.0	0.8084863087135373	0.0	0.0	0.0	0.0	0.0	0.0	0.0	0.0	0.0	0.0	0.0	0.0	0.0	0.0	0.0	0.0	0.0	0.0	0.0	0.0	0.0	0.0	0.0	0.0	0.0	0.0	0.0	0.0	0.0	0.0	0.0	0.0	0.0	0.0	0.0	0.0	0.0	0.0	0.0	0.0	0.0	0.0	0.0	0.0	0.0
Syn.Breast-AdenoCA::S.128	0.09657821575518072	0.08020142935208056	0.0	0.17128678012615875	0.09892904920970741	0.2298704980629527	0.0	0.0	0.0	0.0	0.0	0.0	0.11741218681400399	0.0	0.11166388285456814	0.0	0.0	0.09405795782534766	0.0	0.0	0.0	0.0	0.0	0.0	0.0	0.0	0.0	0.0	0.0	0.0	0.0	0.0	0.0	0.0	0.0	0.0	0.0	0.0	0.0	0.0	0.0	0.0	0.0	0.0	0.0	0.0	0.0	0.0	0.0	0.0	0.0	0.0	0.0	0.0	0.0	0.0	0.0	0.0	0.0	0.0
Syn.Breast-AdenoCA::S.129	0.08678652522041733	0.0	0.0	0.21134986832558655	0.0	0.0	0.0	0.0694465916904751	0.0	0.04936204070780527	0.0	0.0	0.0786854105258366	0.0	0.29874885908918924	0.20562070444068997	0.0	0.0	0.0	0.0	0.0	0.0	0.0	0.0	0.0	0.0	0.0	0.0	0.0	0.0	0.0	0.0	0.0	0.0	0.0	0.0	0.0	0.0	0.0	0.0	0.0	0.0	0.0	0.0	0.0	0.0	0.0	0.0	0.0	0.0	0.0	0.0	0.0	0.0	0.0	0.0	0.0	0.0	0.0	0.0
Syn.Breast-AdenoCA::S.130	0.06850742691202719	0.0	0.0	0.12743880556993284	0.09790807509649926	0.0	0.0	0.05395863040613565	0.0	0.0543975644671137	0.0	0.0	0.0	0.0	0.0	0.0	0.0	0.5977894975482914	0.0	0.0	0.0	0.0	0.0	0.0	0.0	0.0	0.0	0.0	0.0	0.0	0.0	0.0	0.0	0.0	0.0	0.0	0.0	0.0	0.0	0.0	0.0	0.0	0.0	0.0	0.0	0.0	0.0	0.0	0.0	0.0	0.0	0.0	0.0	0.0	0.0	0.0	0.0	0.0	0.0	0.0
Syn.Breast-AdenoCA::S.131	0.043454136980694766	0.20396532548376992	0.0	0.14046008610415478	0.0	0.05006577110783525	0.0	0.053812895415735564	0.0	0.0	0.05728519508213469	0.0	0.0	0.0	0.059015191846593054	0.0	0.18997309998459033	0.20196829799449162	0.0	0.0	0.0	0.0	0.0	0.0	0.0	0.0	0.0	0.0	0.0	0.0	0.0	0.0	0.0	0.0	0.0	0.0	0.0	0.0	0.0	0.0	0.0	0.0	0.0	0.0	0.0	0.0	0.0	0.0	0.0	0.0	0.0	0.0	0.0	0.0	0.0	0.0	0.0	0.0	0.0	0.0
Syn.Breast-AdenoCA::S.132	0.1321014370330856	0.0	0.0	0.103198762498921	0.0	0.24427471212870105	0.039531026599038455	0.0	0.0	0.0	0.0	0.06475784776580623	0.0	0.05791326237766538	0.10548161275987324	0.0	0.0	0.252741338836909	0.0	0.0	0.0	0.0	0.0	0.0	0.0	0.0	0.0	0.0	0.0	0.0	0.0	0.0	0.0	0.0	0.0	0.0	0.0	0.0	0.0	0.0	0.0	0.0	0.0	0.0	0.0	0.0	0.0	0.0	0.0	0.0	0.0	0.0	0.0	0.0	0.0	0.0	0.0	0.0	0.0	0.0
Syn.Breast-AdenoCA::S.133	0.1769186398302147	0.0	0.0	0.2653772550155643	0.0	0.029158220179247386	0.0	0.0	0.09788825662259973	0.09033014669616792	0.0	0.0	0.0	0.0	0.340327481656206	0.0	0.0	0.0	0.0	0.0	0.0	0.0	0.0	0.0	0.0	0.0	0.0	0.0	0.0	0.0	0.0	0.0	0.0	0.0	0.0	0.0	0.0	0.0	0.0	0.0	0.0	0.0	0.0	0.0	0.0	0.0	0.0	0.0	0.0	0.0	0.0	0.0	0.0	0.0	0.0	0.0	0.0	0.0	0.0	0.0
Syn.Breast-AdenoCA::S.134	0.14709778250330588	0.07501239580871974	0.0	0.1033318583500555	0.0	0.21163763363365912	0.0	0.0	0.0	0.09575570469472491	0.09142476969701997	0.0	0.07112837967185758	0.09623999113417339	0.0	0.0	0.0	0.0	0.10837148450648382	0.0	0.0	0.0	0.0	0.0	0.0	0.0	0.0	0.0	0.0	0.0	0.0	0.0	0.0	0.0	0.0	0.0	0.0	0.0	0.0	0.0	0.0	0.0	0.0	0.0	0.0	0.0	0.0	0.0	0.0	0.0	0.0	0.0	0.0	0.0	0.0	0.0	0.0	0.0	0.0	0.0
Syn.Breast-AdenoCA::S.135	0.11627145078285252	0.05119344917218666	0.0	0.1283411053607107	0.08257555969032412	0.10591579007621334	0.10927203636479645	0.0	0.0	0.0	0.08335693363812843	0.0	0.0	0.0	0.11578143235766011	0.0	0.0	0.20729224255712764	0.0	0.0	0.0	0.0	0.0	0.0	0.0	0.0	0.0	0.0	0.0	0.0	0.0	0.0	0.0	0.0	0.0	0.0	0.0	0.0	0.0	0.0	0.0	0.0	0.0	0.0	0.0	0.0	0.0	0.0	0.0	0.0	0.0	0.0	0.0	0.0	0.0	0.0	0.0	0.0	0.0	0.0
Syn.Breast-AdenoCA::S.136	0.05693973313601363	0.0	0.0	0.14548592762620643	0.0	0.0	0.6569883546174821	0.0	0.0	0.0	0.0	0.0	0.0	0.0	0.0	0.0	0.0	0.14058598462029798	0.0	0.0	0.0	0.0	0.0	0.0	0.0	0.0	0.0	0.0	0.0	0.0	0.0	0.0	0.0	0.0	0.0	0.0	0.0	0.0	0.0	0.0	0.0	0.0	0.0	0.0	0.0	0.0	0.0	0.0	0.0	0.0	0.0	0.0	0.0	0.0	0.0	0.0	0.0	0.0	0.0	0.0
Syn.Breast-AdenoCA::S.137	0.250459891051061	0.0	0.0	0.03775544115429342	0.0	0.05562507751000233	0.1055962121758948	0.070609676544109	0.0	0.06706272759060575	0.09761863107352234	0.0	0.0	0.0	0.0826313182936056	0.0	0.10831331029142524	0.06287100628840814	0.06145670802707246	0.0	0.0	0.0	0.0	0.0	0.0	0.0	0.0	0.0	0.0	0.0	0.0	0.0	0.0	0.0	0.0	0.0	0.0	0.0	0.0	0.0	0.0	0.0	0.0	0.0	0.0	0.0	0.0	0.0	0.0	0.0	0.0	0.0	0.0	0.0	0.0	0.0	0.0	0.0	0.0	0.0
Syn.Breast-AdenoCA::S.138	0.0543769838586114	0.0	0.0	0.09366156321474153	0.10751484991291115	0.0	0.0	0.12973993445197837	0.0	0.0	0.0	0.0	0.10974330404616578	0.10407751893248338	0.0	0.0	0.21524407858621147	0.07966428922188006	0.10597747777501668	0.0	0.0	0.0	0.0	0.0	0.0	0.0	0.0	0.0	0.0	0.0	0.0	0.0	0.0	0.0	0.0	0.0	0.0	0.0	0.0	0.0	0.0	0.0	0.0	0.0	0.0	0.0	0.0	0.0	0.0	0.0	0.0	0.0	0.0	0.0	0.0	0.0	0.0	0.0	0.0	0.0
Syn.Breast-AdenoCA::S.139	0.04826635582455479	0.0	0.0	0.1625685808035763	0.22287328165271278	0.04637111183871216	0.0	0.0	0.0	0.03089812267220264	0.0	0.0	0.12756769040693927	0.07929161803472008	0.0	0.0	0.16848018155661085	0.0	0.1136830572099712	0.0	0.0	0.0	0.0	0.0	0.0	0.0	0.0	0.0	0.0	0.0	0.0	0.0	0.0	0.0	0.0	0.0	0.0	0.0	0.0	0.0	0.0	0.0	0.0	0.0	0.0	0.0	0.0	0.0	0.0	0.0	0.0	0.0	0.0	0.0	0.0	0.0	0.0	0.0	0.0	0.0
Syn.Breast-AdenoCA::S.140	0.07159296510672931	0.10859118853286484	0.0	0.13132308478754678	0.0	0.0	0.190599856920971	0.0	0.0	0.0	0.0	0.0	0.0	0.0	0.36716482853296184	0.0	0.13072807611892612	0.0	0.0	0.0	0.0	0.0	0.0	0.0	0.0	0.0	0.0	0.0	0.0	0.0	0.0	0.0	0.0	0.0	0.0	0.0	0.0	0.0	0.0	0.0	0.0	0.0	0.0	0.0	0.0	0.0	0.0	0.0	0.0	0.0	0.0	0.0	0.0	0.0	0.0	0.0	0.0	0.0	0.0	0.0
Syn.Breast-AdenoCA::S.141	0.14161685236059943	0.0	0.0	0.1646001415644276	0.20680011078068458	0.0	0.12571795661148263	0.0237829404395536	0.0	0.0	0.0	0.0	0.10548110660681015	0.0	0.0	0.0	0.15072758460179536	0.0	0.08127330703464662	0.0	0.0	0.0	0.0	0.0	0.0	0.0	0.0	0.0	0.0	0.0	0.0	0.0	0.0	0.0	0.0	0.0	0.0	0.0	0.0	0.0	0.0	0.0	0.0	0.0	0.0	0.0	0.0	0.0	0.0	0.0	0.0	0.0	0.0	0.0	0.0	0.0	0.0	0.0	0.0	0.0
Syn.Breast-AdenoCA::S.142	0.09240763936017538	0.0	0.0	0.1688029245238607	0.0	0.10514147990030404	0.1558568715263916	0.0	0.0	0.04158447731772189	0.0	0.0	0.0	0.08476547993546679	0.1418712283565926	0.0	0.1304482206445264	0.0	0.07912167843496062	0.0	0.0	0.0	0.0	0.0	0.0	0.0	0.0	0.0	0.0	0.0	0.0	0.0	0.0	0.0	0.0	0.0	0.0	0.0	0.0	0.0	0.0	0.0	0.0	0.0	0.0	0.0	0.0	0.0	0.0	0.0	0.0	0.0	0.0	0.0	0.0	0.0	0.0	0.0	0.0	0.0
Syn.Breast-AdenoCA::S.143	0.025177755677475475	0.0	0.0	0.14351903051483936	0.10375222172715352	0.0	0.10663235843964165	0.0	0.0	0.0	0.0	0.0	0.05297912200116794	0.0	0.47672755740632505	0.0	0.0	0.0	0.09121195423339688	0.0	0.0	0.0	0.0	0.0	0.0	0.0	0.0	0.0	0.0	0.0	0.0	0.0	0.0	0.0	0.0	0.0	0.0	0.0	0.0	0.0	0.0	0.0	0.0	0.0	0.0	0.0	0.0	0.0	0.0	0.0	0.0	0.0	0.0	0.0	0.0	0.0	0.0	0.0	0.0	0.0
Syn.Breast-AdenoCA::S.144	0.15860940432396087	0.046653473246534155	0.0	0.23510815203083907	0.0	0.0	0.0	0.0	0.0	0.0	0.0	0.0	0.0	0.0	0.0	0.0	0.0	0.559628970398666	0.0	0.0	0.0	0.0	0.0	0.0	0.0	0.0	0.0	0.0	0.0	0.0	0.0	0.0	0.0	0.0	0.0	0.0	0.0	0.0	0.0	0.0	0.0	0.0	0.0	0.0	0.0	0.0	0.0	0.0	0.0	0.0	0.0	0.0	0.0	0.0	0.0	0.0	0.0	0.0	0.0	0.0
Syn.Breast-AdenoCA::S.145	0.0492027958821636	0.0	0.0	0.15839157152528396	0.2527249970606528	0.08783768009454605	0.0	0.0	0.0	0.0	0.0	0.0	0.0734035559948095	0.0	0.17967688661751194	0.0	0.0	0.19876251282503216	0.0	0.0	0.0	0.0	0.0	0.0	0.0	0.0	0.0	0.0	0.0	0.0	0.0	0.0	0.0	0.0	0.0	0.0	0.0	0.0	0.0	0.0	0.0	0.0	0.0	0.0	0.0	0.0	0.0	0.0	0.0	0.0	0.0	0.0	0.0	0.0	0.0	0.0	0.0	0.0	0.0	0.0
Syn.Breast-AdenoCA::S.146	0.084922243355128	0.0	0.0	0.20592325551953422	0.0	0.14912469179030016	0.47931471686245253	0.01492223277627094	0.0	0.0	0.0	0.06579285969631411	0.0	0.0	0.0	0.0	0.0	0.0	0.0	0.0	0.0	0.0	0.0	0.0	0.0	0.0	0.0	0.0	0.0	0.0	0.0	0.0	0.0	0.0	0.0	0.0	0.0	0.0	0.0	0.0	0.0	0.0	0.0	0.0	0.0	0.0	0.0	0.0	0.0	0.0	0.0	0.0	0.0	0.0	0.0	0.0	0.0	0.0	0.0	0.0
Syn.Breast-AdenoCA::S.147	0.07781736563636252	0.15387441092808285	0.0	0.1174467770575369	0.0	0.2268526965390244	0.0	0.0	0.0	0.0	0.0	0.0	0.0	0.10439979413096365	0.0	0.0	0.0	0.22815343853543266	0.09145551717259708	0.0	0.0	0.0	0.0	0.0	0.0	0.0	0.0	0.0	0.0	0.0	0.0	0.0	0.0	0.0	0.0	0.0	0.0	0.0	0.0	0.0	0.0	0.0	0.0	0.0	0.0	0.0	0.0	0.0	0.0	0.0	0.0	0.0	0.0	0.0	0.0	0.0	0.0	0.0	0.0	0.0
Syn.Breast-AdenoCA::S.148	0.0718387149685409	0.0	0.0	0.20585171610054115	0.0	0.04739893377178442	0.0	0.0	0.0	0.05395215785291313	0.0	0.08342899028010034	0.0	0.0	0.2756399946563068	0.0	0.0	0.0	0.26188949236981335	0.0	0.0	0.0	0.0	0.0	0.0	0.0	0.0	0.0	0.0	0.0	0.0	0.0	0.0	0.0	0.0	0.0	0.0	0.0	0.0	0.0	0.0	0.0	0.0	0.0	0.0	0.0	0.0	0.0	0.0	0.0	0.0	0.0	0.0	0.0	0.0	0.0	0.0	0.0	0.0	0.0
Syn.Breast-AdenoCA::S.149	0.024751759485581074	0.0	0.0	0.10483379353746788	0.4346727695677976	0.0	0.3128058710110715	0.0	0.0	0.0	0.0	0.0	0.0	0.0	0.12293580639808199	0.0	0.0	0.0	0.0	0.0	0.0	0.0	0.0	0.0	0.0	0.0	0.0	0.0	0.0	0.0	0.0	0.0	0.0	0.0	0.0	0.0	0.0	0.0	0.0	0.0	0.0	0.0	0.0	0.0	0.0	0.0	0.0	0.0	0.0	0.0	0.0	0.0	0.0	0.0	0.0	0.0	0.0	0.0	0.0	0.0
Syn.Breast-AdenoCA::S.150	0.03695184620175585	0.05472839944024623	0.0	0.08474640959990759	0.0	0.15210670924905634	0.0	0.0	0.0	0.1174376639433269	0.13815953099203557	0.0	0.07080051725602067	0.0	0.16653584468376284	0.0	0.0	0.09985492427161585	0.078678154362272	0.0	0.0	0.0	0.0	0.0	0.0	0.0	0.0	0.0	0.0	0.0	0.0	0.0	0.0	0.0	0.0	0.0	0.0	0.0	0.0	0.0	0.0	0.0	0.0	0.0	0.0	0.0	0.0	0.0	0.0	0.0	0.0	0.0	0.0	0.0	0.0	0.0	0.0	0.0	0.0	0.0
Syn.Breast-AdenoCA::S.151	0.1613750126534091	0.0	0.0	0.13032607089371348	0.0	0.013751039432596961	0.0	0.0	0.0	0.0	0.0	0.0	0.0	0.0	0.6945478770202804	0.0	0.0	0.0	0.0	0.0	0.0	0.0	0.0	0.0	0.0	0.0	0.0	0.0	0.0	0.0	0.0	0.0	0.0	0.0	0.0	0.0	0.0	0.0	0.0	0.0	0.0	0.0	0.0	0.0	0.0	0.0	0.0	0.0	0.0	0.0	0.0	0.0	0.0	0.0	0.0	0.0	0.0	0.0	0.0	0.0
Syn.Breast-AdenoCA::S.152	0.09651598870776497	0.0	0.0	0.20964126951426149	0.0	0.0	0.5991340764114587	0.0	0.0	0.0	0.0	0.0	0.0	0.0	0.09470866536651494	0.0	0.0	0.0	0.0	0.0	0.0	0.0	0.0	0.0	0.0	0.0	0.0	0.0	0.0	0.0	0.0	0.0	0.0	0.0	0.0	0.0	0.0	0.0	0.0	0.0	0.0	0.0	0.0	0.0	0.0	0.0	0.0	0.0	0.0	0.0	0.0	0.0	0.0	0.0	0.0	0.0	0.0	0.0	0.0	0.0
Syn.Breast-AdenoCA::S.153	0.15660243764916199	0.0	0.0	0.19180558125041652	0.0	0.18256845426828555	0.09301909947193984	0.03137705693222701	0.0	0.0	0.0	0.0	0.07467487511062305	0.0	0.26995249531734605	0.0	0.0	0.0	0.0	0.0	0.0	0.0	0.0	0.0	0.0	0.0	0.0	0.0	0.0	0.0	0.0	0.0	0.0	0.0	0.0	0.0	0.0	0.0	0.0	0.0	0.0	0.0	0.0	0.0	0.0	0.0	0.0	0.0	0.0	0.0	0.0	0.0	0.0	0.0	0.0	0.0	0.0	0.0	0.0	0.0
Syn.Breast-AdenoCA::S.154	0.06357976322058173	0.0	0.0	0.09791612587877209	0.06390869682673446	0.1953501135743681	0.0	0.0	0.0	0.0	0.0	0.0	0.09298447377923602	0.0	0.14655714789204757	0.0	0.10811015698831858	0.1341221408001113	0.09747138103983005	0.0	0.0	0.0	0.0	0.0	0.0	0.0	0.0	0.0	0.0	0.0	0.0	0.0	0.0	0.0	0.0	0.0	0.0	0.0	0.0	0.0	0.0	0.0	0.0	0.0	0.0	0.0	0.0	0.0	0.0	0.0	0.0	0.0	0.0	0.0	0.0	0.0	0.0	0.0	0.0	0.0
Syn.Breast-AdenoCA::S.155	0.17469347014221345	0.0	0.0	0.13687626187691998	0.0	0.10001274749363025	0.050546734080259004	0.0	0.09522528982484962	0.0	0.0	0.0	0.0	0.0	0.3248999310347255	0.0	0.0	0.11774556554740225	0.0	0.0	0.0	0.0	0.0	0.0	0.0	0.0	0.0	0.0	0.0	0.0	0.0	0.0	0.0	0.0	0.0	0.0	0.0	0.0	0.0	0.0	0.0	0.0	0.0	0.0	0.0	0.0	0.0	0.0	0.0	0.0	0.0	0.0	0.0	0.0	0.0	0.0	0.0	0.0	0.0	0.0
Syn.Breast-AdenoCA::S.156	0.01803912311381968	0.0	0.0	0.13164958693401274	0.0	0.0	0.0	0.0	0.0	0.0	0.0	0.0	0.0	0.0	0.8503112899521675	0.0	0.0	0.0	0.0	0.0	0.0	0.0	0.0	0.0	0.0	0.0	0.0	0.0	0.0	0.0	0.0	0.0	0.0	0.0	0.0	0.0	0.0	0.0	0.0	0.0	0.0	0.0	0.0	0.0	0.0	0.0	0.0	0.0	0.0	0.0	0.0	0.0	0.0	0.0	0.0	0.0	0.0	0.0	0.0	0.0
Syn.Breast-AdenoCA::S.157	0.13559657876766232	0.10328190902179196	0.0	0.07493023916799202	0.0	0.0	0.10442773545718323	0.0	0.0	0.09379127273838522	0.11915526999127737	0.0	0.0	0.0	0.2709402582532736	0.0	0.0	0.0	0.09787673660243429	0.0	0.0	0.0	0.0	0.0	0.0	0.0	0.0	0.0	0.0	0.0	0.0	0.0	0.0	0.0	0.0	0.0	0.0	0.0	0.0	0.0	0.0	0.0	0.0	0.0	0.0	0.0	0.0	0.0	0.0	0.0	0.0	0.0	0.0	0.0	0.0	0.0	0.0	0.0	0.0	0.0
Syn.Breast-AdenoCA::S.158	0.04616911317709077	0.29834566418371694	0.0	0.09357514860898672	0.05316965035324044	0.0	0.0	0.0	0.0	0.0	0.0	0.0	0.0	0.1950517307472926	0.31368869292967266	0.0	0.0	0.0	0.0	0.0	0.0	0.0	0.0	0.0	0.0	0.0	0.0	0.0	0.0	0.0	0.0	0.0	0.0	0.0	0.0	0.0	0.0	0.0	0.0	0.0	0.0	0.0	0.0	0.0	0.0	0.0	0.0	0.0	0.0	0.0	0.0	0.0	0.0	0.0	0.0	0.0	0.0	0.0	0.0	0.0
Syn.Breast-AdenoCA::S.159	0.16159939262676598	0.0	0.26593441923322586	0.17800948439103448	0.07339583477075207	0.0	0.0	0.0	0.0	0.0	0.0	0.0	0.0	0.0	0.1766371052057734	0.0	0.0	0.1444237637724481	0.0	0.0	0.0	0.0	0.0	0.0	0.0	0.0	0.0	0.0	0.0	0.0	0.0	0.0	0.0	0.0	0.0	0.0	0.0	0.0	0.0	0.0	0.0	0.0	0.0	0.0	0.0	0.0	0.0	0.0	0.0	0.0	0.0	0.0	0.0	0.0	0.0	0.0	0.0	0.0	0.0	0.0
Syn.Breast-AdenoCA::S.160	0.17762003106116736	0.0770170303143592	0.0	0.10915129765069821	0.1199205812923885	0.09213742279591872	0.0	0.0	0.0	0.0	0.0	0.07635136389477602	0.04820907111835675	0.0	0.0	0.0	0.09302493872809446	0.10598174352276722	0.10058651962147347	0.0	0.0	0.0	0.0	0.0	0.0	0.0	0.0	0.0	0.0	0.0	0.0	0.0	0.0	0.0	0.0	0.0	0.0	0.0	0.0	0.0	0.0	0.0	0.0	0.0	0.0	0.0	0.0	0.0	0.0	0.0	0.0	0.0	0.0	0.0	0.0	0.0	0.0	0.0	0.0	0.0
Syn.Breast-AdenoCA::S.161	0.032837161528207065	0.0	0.0	0.19708200786492697	0.590776743008392	0.0	0.0	0.0	0.0	0.0	0.06401914017158064	0.0	0.0	0.0	0.0	0.0	0.0	0.11528494742689331	0.0	0.0	0.0	0.0	0.0	0.0	0.0	0.0	0.0	0.0	0.0	0.0	0.0	0.0	0.0	0.0	0.0	0.0	0.0	0.0	0.0	0.0	0.0	0.0	0.0	0.0	0.0	0.0	0.0	0.0	0.0	0.0	0.0	0.0	0.0	0.0	0.0	0.0	0.0	0.0	0.0	0.0
Syn.Breast-AdenoCA::S.162	0.045798783841112585	0.05828948276040538	0.0	0.1257724783097617	0.0	0.07870862857042443	0.07347128444069391	0.0	0.0	0.0	0.0	0.0	0.0	0.0	0.4548579599012265	0.0	0.0	0.08927311481158151	0.07382826736479375	0.0	0.0	0.0	0.0	0.0	0.0	0.0	0.0	0.0	0.0	0.0	0.0	0.0	0.0	0.0	0.0	0.0	0.0	0.0	0.0	0.0	0.0	0.0	0.0	0.0	0.0	0.0	0.0	0.0	0.0	0.0	0.0	0.0	0.0	0.0	0.0	0.0	0.0	0.0	0.0	0.0
Syn.Breast-AdenoCA::S.163	0.0675366913677006	0.0	0.0	0.18429716814345906	0.515444935687519	0.0	0.0	0.0	0.0	0.0	0.0	0.0	0.09634514385291551	0.1363760609484057	0.0	0.0	0.0	0.0	0.0	0.0	0.0	0.0	0.0	0.0	0.0	0.0	0.0	0.0	0.0	0.0	0.0	0.0	0.0	0.0	0.0	0.0	0.0	0.0	0.0	0.0	0.0	0.0	0.0	0.0	0.0	0.0	0.0	0.0	0.0	0.0	0.0	0.0	0.0	0.0	0.0	0.0	0.0	0.0	0.0	0.0
Syn.Breast-AdenoCA::S.164	0.1324525776908368	0.0	0.09473092813485151	0.09858166378887503	0.2634124893980864	0.14382604062613938	0.0	0.0	0.0	0.0	0.0	0.0	0.0	0.05193341365305137	0.0	0.0	0.0	0.15657488922861656	0.0584879974795429	0.0	0.0	0.0	0.0	0.0	0.0	0.0	0.0	0.0	0.0	0.0	0.0	0.0	0.0	0.0	0.0	0.0	0.0	0.0	0.0	0.0	0.0	0.0	0.0	0.0	0.0	0.0	0.0	0.0	0.0	0.0	0.0	0.0	0.0	0.0	0.0	0.0	0.0	0.0	0.0	0.0
Syn.Breast-AdenoCA::S.165	0.05097739113601294	0.0	0.5263978890138556	0.19317078337110724	0.0	0.0	0.08093455387010554	0.0	0.0	0.0	0.0	0.0	0.018555619068010485	0.0	0.0	0.0	0.12996376354090824	0.0	0.0	0.0	0.0	0.0	0.0	0.0	0.0	0.0	0.0	0.0	0.0	0.0	0.0	0.0	0.0	0.0	0.0	0.0	0.0	0.0	0.0	0.0	0.0	0.0	0.0	0.0	0.0	0.0	0.0	0.0	0.0	0.0	0.0	0.0	0.0	0.0	0.0	0.0	0.0	0.0	0.0	0.0
Syn.Breast-AdenoCA::S.166	0.10181353148911002	0.13633891618863897	0.06436666463049565	0.052172757959189645	0.11091762541624005	0.0	0.0	0.0	0.0	0.0	0.0	0.0	0.05365742642635777	0.11436843013403049	0.36636464775593724	0.0	0.0	0.0	0.0	0.0	0.0	0.0	0.0	0.0	0.0	0.0	0.0	0.0	0.0	0.0	0.0	0.0	0.0	0.0	0.0	0.0	0.0	0.0	0.0	0.0	0.0	0.0	0.0	0.0	0.0	0.0	0.0	0.0	0.0	0.0	0.0	0.0	0.0	0.0	0.0	0.0	0.0	0.0	0.0	0.0
Syn.Breast-AdenoCA::S.167	0.16200470100515396	0.0	0.0	0.10658411003629924	0.136774801847929	0.0	0.28270421492339576	0.0	0.0	0.0	0.0	0.0	0.06529153572741364	0.14281537525096755	0.0	0.10382526120884081	0.0	0.0	0.0	0.0	0.0	0.0	0.0	0.0	0.0	0.0	0.0	0.0	0.0	0.0	0.0	0.0	0.0	0.0	0.0	0.0	0.0	0.0	0.0	0.0	0.0	0.0	0.0	0.0	0.0	0.0	0.0	0.0	0.0	0.0	0.0	0.0	0.0	0.0	0.0	0.0	0.0	0.0	0.0	0.0
Syn.Breast-AdenoCA::S.168	0.061940288819129115	0.0	0.0	0.18271944265289064	0.27568659734895157	0.0	0.0	0.07337238105800971	0.0	0.0	0.0	0.0	0.0	0.0	0.4062812901210189	0.0	0.0	0.0	0.0	0.0	0.0	0.0	0.0	0.0	0.0	0.0	0.0	0.0	0.0	0.0	0.0	0.0	0.0	0.0	0.0	0.0	0.0	0.0	0.0	0.0	0.0	0.0	0.0	0.0	0.0	0.0	0.0	0.0	0.0	0.0	0.0	0.0	0.0	0.0	0.0	0.0	0.0	0.0	0.0	0.0
Syn.Breast-AdenoCA::S.169	0.033985392554955515	0.17223113003667442	0.3068605724409123	0.09377892885696033	0.18666283679598078	0.0	0.08626508813109511	0.0	0.0	0.0	0.0	0.0	0.0	0.12021605118342162	0.0	0.0	0.0	0.0	0.0	0.0	0.0	0.0	0.0	0.0	0.0	0.0	0.0	0.0	0.0	0.0	0.0	0.0	0.0	0.0	0.0	0.0	0.0	0.0	0.0	0.0	0.0	0.0	0.0	0.0	0.0	0.0	0.0	0.0	0.0	0.0	0.0	0.0	0.0	0.0	0.0	0.0	0.0	0.0	0.0	0.0
Syn.Breast-AdenoCA::S.170	0.07939931992231253	0.0	0.0	0.18678413251462872	0.06011485198587591	0.0	0.06549803869978149	0.0	0.0	0.06418965335399474	0.0	0.11664807653892902	0.046429008680342214	0.0	0.38093691830413534	0.0	0.0	0.0	0.0	0.0	0.0	0.0	0.0	0.0	0.0	0.0	0.0	0.0	0.0	0.0	0.0	0.0	0.0	0.0	0.0	0.0	0.0	0.0	0.0	0.0	0.0	0.0	0.0	0.0	0.0	0.0	0.0	0.0	0.0	0.0	0.0	0.0	0.0	0.0	0.0	0.0	0.0	0.0	0.0	0.0
Syn.Breast-AdenoCA::S.171	0.03421049710327797	0.0	0.0	0.1358013444616236	0.11947869649605346	0.0	0.08244035946058097	0.0	0.0	0.0	0.0	0.0	0.0636895662679257	0.0	0.4346831852965955	0.0	0.0	0.12969635091394296	0.0	0.0	0.0	0.0	0.0	0.0	0.0	0.0	0.0	0.0	0.0	0.0	0.0	0.0	0.0	0.0	0.0	0.0	0.0	0.0	0.0	0.0	0.0	0.0	0.0	0.0	0.0	0.0	0.0	0.0	0.0	0.0	0.0	0.0	0.0	0.0	0.0	0.0	0.0	0.0	0.0	0.0
Syn.Breast-AdenoCA::S.172	0.048666787323857735	0.0	0.17213749259578398	0.0774217514405243	0.07132562768325738	0.07335100382039518	0.060280992215237604	0.05759945001011898	0.0	0.0	0.0	0.0	0.07522872778784526	0.1268009418627077	0.0494177579009498	0.0	0.0	0.18776946735932212	0.0	0.0	0.0	0.0	0.0	0.0	0.0	0.0	0.0	0.0	0.0	0.0	0.0	0.0	0.0	0.0	0.0	0.0	0.0	0.0	0.0	0.0	0.0	0.0	0.0	0.0	0.0	0.0	0.0	0.0	0.0	0.0	0.0	0.0	0.0	0.0	0.0	0.0	0.0	0.0	0.0	0.0
Syn.Breast-AdenoCA::S.173	0.19147177623462985	0.06812547434246512	0.0	0.17862182985667627	0.17172447743373156	0.0	0.0	0.0	0.0	0.08970777239165023	0.0	0.0	0.05166517530102396	0.0	0.2486834944398231	0.0	0.0	0.0	0.0	0.0	0.0	0.0	0.0	0.0	0.0	0.0	0.0	0.0	0.0	0.0	0.0	0.0	0.0	0.0	0.0	0.0	0.0	0.0	0.0	0.0	0.0	0.0	0.0	0.0	0.0	0.0	0.0	0.0	0.0	0.0	0.0	0.0	0.0	0.0	0.0	0.0	0.0	0.0	0.0	0.0
Syn.Breast-AdenoCA::S.174	0.07151773466911937	0.0	0.0	0.19961826553637074	0.06488666707534137	0.0	0.0	0.0	0.07544780171499846	0.0	0.0	0.0	0.06228308338353002	0.04204128731519617	0.22949542023188305	0.0	0.0	0.2547097400735608	0.0	0.0	0.0	0.0	0.0	0.0	0.0	0.0	0.0	0.0	0.0	0.0	0.0	0.0	0.0	0.0	0.0	0.0	0.0	0.0	0.0	0.0	0.0	0.0	0.0	0.0	0.0	0.0	0.0	0.0	0.0	0.0	0.0	0.0	0.0	0.0	0.0	0.0	0.0	0.0	0.0	0.0
Syn.Breast-AdenoCA::S.175	0.06786953901291655	0.0	0.0	0.12054206298926587	0.046088727997095284	0.0	0.4720148846034194	0.0	0.0	0.0	0.0	0.0	0.10708138472136947	0.0	0.0	0.1125596796643831	0.0	0.0	0.0738437210115503	0.0	0.0	0.0	0.0	0.0	0.0	0.0	0.0	0.0	0.0	0.0	0.0	0.0	0.0	0.0	0.0	0.0	0.0	0.0	0.0	0.0	0.0	0.0	0.0	0.0	0.0	0.0	0.0	0.0	0.0	0.0	0.0	0.0	0.0	0.0	0.0	0.0	0.0	0.0	0.0	0.0
Syn.Breast-AdenoCA::S.176	0.0692810488880816	0.08447950335201486	0.0	0.13727404887589356	0.0	0.0	0.0	0.0	0.0	0.0	0.0	0.0	0.0	0.0	0.5855338320652891	0.0	0.0	0.0	0.12343156681872089	0.0	0.0	0.0	0.0	0.0	0.0	0.0	0.0	0.0	0.0	0.0	0.0	0.0	0.0	0.0	0.0	0.0	0.0	0.0	0.0	0.0	0.0	0.0	0.0	0.0	0.0	0.0	0.0	0.0	0.0	0.0	0.0	0.0	0.0	0.0	0.0	0.0	0.0	0.0	0.0	0.0
Syn.Breast-AdenoCA::S.177	0.1345720884858642	0.0	0.0	0.11289082171818944	0.0817365936532259	0.0	0.0	0.0	0.0	0.04524970430774575	0.0	0.0	0.045318811634061346	0.0	0.0	0.0	0.0	0.49075468542570944	0.08947729477520394	0.0	0.0	0.0	0.0	0.0	0.0	0.0	0.0	0.0	0.0	0.0	0.0	0.0	0.0	0.0	0.0	0.0	0.0	0.0	0.0	0.0	0.0	0.0	0.0	0.0	0.0	0.0	0.0	0.0	0.0	0.0	0.0	0.0	0.0	0.0	0.0	0.0	0.0	0.0	0.0	0.0
Syn.Breast-AdenoCA::S.178	0.06987767663540781	0.0	0.0	0.1136603790052897	0.20106732328380794	0.0	0.0	0.05615738306524426	0.0	0.0	0.0	0.0	0.0	0.15702054258934392	0.13294735309019173	0.0	0.0	0.1722523086096056	0.09701703372110908	0.0	0.0	0.0	0.0	0.0	0.0	0.0	0.0	0.0	0.0	0.0	0.0	0.0	0.0	0.0	0.0	0.0	0.0	0.0	0.0	0.0	0.0	0.0	0.0	0.0	0.0	0.0	0.0	0.0	0.0	0.0	0.0	0.0	0.0	0.0	0.0	0.0	0.0	0.0	0.0	0.0
Syn.Breast-AdenoCA::S.179	0.042589863133478824	0.08090204628498619	0.0	0.07089538024605423	0.06853906938554218	0.0	0.0	0.0	0.0	0.0	0.0	0.0	0.0	0.0	0.623315406647769	0.0	0.11375823430216973	0.0	0.0	0.0	0.0	0.0	0.0	0.0	0.0	0.0	0.0	0.0	0.0	0.0	0.0	0.0	0.0	0.0	0.0	0.0	0.0	0.0	0.0	0.0	0.0	0.0	0.0	0.0	0.0	0.0	0.0	0.0	0.0	0.0	0.0	0.0	0.0	0.0	0.0	0.0	0.0	0.0	0.0	0.0
Syn.Breast-AdenoCA::S.180	0.05030025619858625	0.16651133933930423	0.09413181801319451	0.05650691829412649	0.07891307914194003	0.21448918192451483	0.0	0.0	0.0	0.0	0.0	0.0	0.13715786675825872	0.08623243039795657	0.11575710993211841	0.0	0.0	0.0	0.0	0.0	0.0	0.0	0.0	0.0	0.0	0.0	0.0	0.0	0.0	0.0	0.0	0.0	0.0	0.0	0.0	0.0	0.0	0.0	0.0	0.0	0.0	0.0	0.0	0.0	0.0	0.0	0.0	0.0	0.0	0.0	0.0	0.0	0.0	0.0	0.0	0.0	0.0	0.0	0.0	0.0
Syn.Breast-AdenoCA::S.181	0.07335564676915808	0.11020647265595909	0.0	0.1252352484017245	0.5748102256045511	0.0	0.0	0.0	0.0	0.0	0.0	0.0	0.11639240656860723	0.0	0.0	0.0	0.0	0.0	0.0	0.0	0.0	0.0	0.0	0.0	0.0	0.0	0.0	0.0	0.0	0.0	0.0	0.0	0.0	0.0	0.0	0.0	0.0	0.0	0.0	0.0	0.0	0.0	0.0	0.0	0.0	0.0	0.0	0.0	0.0	0.0	0.0	0.0	0.0	0.0	0.0	0.0	0.0	0.0	0.0	0.0
Syn.Breast-AdenoCA::S.182	0.05042456725153236	0.0	0.33956834060304836	0.21461702546779418	0.0	0.0	0.15995136377508828	0.0	0.0	0.0	0.0	0.0	0.0	0.0	0.2354387029025369	0.0	0.0	0.0	0.0	0.0	0.0	0.0	0.0	0.0	0.0	0.0	0.0	0.0	0.0	0.0	0.0	0.0	0.0	0.0	0.0	0.0	0.0	0.0	0.0	0.0	0.0	0.0	0.0	0.0	0.0	0.0	0.0	0.0	0.0	0.0	0.0	0.0	0.0	0.0	0.0	0.0	0.0	0.0	0.0	0.0
Syn.Breast-AdenoCA::S.183	0.25354673260755806	0.0	0.0	0.2871300296205741	0.0	0.0	0.19751657010946563	0.0	0.0	0.0	0.0	0.0	0.1051683883431047	0.0	0.15663827931929736	0.0	0.0	0.0	0.0	0.0	0.0	0.0	0.0	0.0	0.0	0.0	0.0	0.0	0.0	0.0	0.0	0.0	0.0	0.0	0.0	0.0	0.0	0.0	0.0	0.0	0.0	0.0	0.0	0.0	0.0	0.0	0.0	0.0	0.0	0.0	0.0	0.0	0.0	0.0	0.0	0.0	0.0	0.0	0.0	0.0
Syn.Breast-AdenoCA::S.184	0.13476947716110993	0.0	0.0	0.08244363880044217	0.0	0.08891237270131955	0.0	0.0	0.0	0.0480287901776545	0.0	0.0	0.09397675226131605	0.05033636939649845	0.44191848658083105	0.0	0.0	0.0	0.05961411292082836	0.0	0.0	0.0	0.0	0.0	0.0	0.0	0.0	0.0	0.0	0.0	0.0	0.0	0.0	0.0	0.0	0.0	0.0	0.0	0.0	0.0	0.0	0.0	0.0	0.0	0.0	0.0	0.0	0.0	0.0	0.0	0.0	0.0	0.0	0.0	0.0	0.0	0.0	0.0	0.0	0.0
Syn.Breast-AdenoCA::S.185	0.07816754454120196	0.0	0.12838559525251383	0.042628779012486996	0.09055050110912276	0.056880108129127416	0.0	0.0	0.0	0.0	0.0	0.0	0.13609193820286722	0.0991898489271411	0.0	0.0	0.0	0.2333411452476841	0.13476453957785461	0.0	0.0	0.0	0.0	0.0	0.0	0.0	0.0	0.0	0.0	0.0	0.0	0.0	0.0	0.0	0.0	0.0	0.0	0.0	0.0	0.0	0.0	0.0	0.0	0.0	0.0	0.0	0.0	0.0	0.0	0.0	0.0	0.0	0.0	0.0	0.0	0.0	0.0	0.0	0.0	0.0
Syn.Breast-AdenoCA::S.186	0.0734140137980866	0.07337646982445407	0.0	0.18832144736158388	0.09855107911586279	0.0	0.0	0.0	0.0	0.0	0.0	0.0	0.04539596333704422	0.0	0.16754191374490052	0.0	0.0	0.35339911281806785	0.0	0.0	0.0	0.0	0.0	0.0	0.0	0.0	0.0	0.0	0.0	0.0	0.0	0.0	0.0	0.0	0.0	0.0	0.0	0.0	0.0	0.0	0.0	0.0	0.0	0.0	0.0	0.0	0.0	0.0	0.0	0.0	0.0	0.0	0.0	0.0	0.0	0.0	0.0	0.0	0.0	0.0
Syn.Breast-AdenoCA::S.187	0.0639452589634609	0.0	0.0	0.18701213269975192	0.5346024566638703	0.0	0.0	0.0	0.0	0.0	0.0	0.0	0.0	0.0	0.21444015167291686	0.0	0.0	0.0	0.0	0.0	0.0	0.0	0.0	0.0	0.0	0.0	0.0	0.0	0.0	0.0	0.0	0.0	0.0	0.0	0.0	0.0	0.0	0.0	0.0	0.0	0.0	0.0	0.0	0.0	0.0	0.0	0.0	0.0	0.0	0.0	0.0	0.0	0.0	0.0	0.0	0.0	0.0	0.0	0.0	0.0
Syn.Breast-AdenoCA::S.188	0.13190068552544476	0.0	0.0	0.09009462082901767	0.0	0.0952967519633682	0.0	0.03728092155400854	0.0	0.0	0.15171650087807956	0.0	0.0	0.05123785530425955	0.06820374073993067	0.0	0.0	0.1857566254778138	0.09168950202986374	0.09682279569821356	0.0	0.0	0.0	0.0	0.0	0.0	0.0	0.0	0.0	0.0	0.0	0.0	0.0	0.0	0.0	0.0	0.0	0.0	0.0	0.0	0.0	0.0	0.0	0.0	0.0	0.0	0.0	0.0	0.0	0.0	0.0	0.0	0.0	0.0	0.0	0.0	0.0	0.0	0.0	0.0
Syn.Breast-AdenoCA::S.189	0.10899273156388967	0.08108871049907314	0.0	0.08857850871945022	0.17232201265086225	0.05339380814635972	0.0	0.03744326893692091	0.0	0.05853813633348793	0.0	0.05385116970072696	0.0	0.0	0.26847433109063606	0.0	0.0	0.0	0.07731732235859316	0.0	0.0	0.0	0.0	0.0	0.0	0.0	0.0	0.0	0.0	0.0	0.0	0.0	0.0	0.0	0.0	0.0	0.0	0.0	0.0	0.0	0.0	0.0	0.0	0.0	0.0	0.0	0.0	0.0	0.0	0.0	0.0	0.0	0.0	0.0	0.0	0.0	0.0	0.0	0.0	0.0
Syn.Breast-AdenoCA::S.190	0.1479177136832826	0.08602411079175368	0.13118131512482106	0.12776530523601415	0.0	0.0	0.0	0.0	0.1153633766674855	0.0	0.0	0.20563074517204274	0.08780335772480992	0.09831407559979033	0.0	0.0	0.0	0.0	0.0	0.0	0.0	0.0	0.0	0.0	0.0	0.0	0.0	0.0	0.0	0.0	0.0	0.0	0.0	0.0	0.0	0.0	0.0	0.0	0.0	0.0	0.0	0.0	0.0	0.0	0.0	0.0	0.0	0.0	0.0	0.0	0.0	0.0	0.0	0.0	0.0	0.0	0.0	0.0	0.0	0.0
Syn.Breast-AdenoCA::S.191	0.15596436944701733	0.0	0.0	0.14345257450065538	0.0	0.14065563444035922	0.18711294879504917	0.0	0.0	0.0	0.0	0.0	0.0	0.0	0.22108723250305712	0.0	0.0	0.0	0.15172724031386173	0.0	0.0	0.0	0.0	0.0	0.0	0.0	0.0	0.0	0.0	0.0	0.0	0.0	0.0	0.0	0.0	0.0	0.0	0.0	0.0	0.0	0.0	0.0	0.0	0.0	0.0	0.0	0.0	0.0	0.0	0.0	0.0	0.0	0.0	0.0	0.0	0.0	0.0	0.0	0.0	0.0
Syn.Breast-AdenoCA::S.192	0.09382468184161957	0.2561926775425878	0.0	0.17412293697868012	0.0	0.0	0.2972637305829176	0.0	0.0	0.0	0.0	0.0	0.0	0.17859597305419483	0.0	0.0	0.0	0.0	0.0	0.0	0.0	0.0	0.0	0.0	0.0	0.0	0.0	0.0	0.0	0.0	0.0	0.0	0.0	0.0	0.0	0.0	0.0	0.0	0.0	0.0	0.0	0.0	0.0	0.0	0.0	0.0	0.0	0.0	0.0	0.0	0.0	0.0	0.0	0.0	0.0	0.0	0.0	0.0	0.0	0.0
Syn.Breast-AdenoCA::S.193	0.012333033317437906	0.0	0.0	0.07430747257123355	0.0	0.0	0.9133594941113284	0.0	0.0	0.0	0.0	0.0	0.0	0.0	0.0	0.0	0.0	0.0	0.0	0.0	0.0	0.0	0.0	0.0	0.0	0.0	0.0	0.0	0.0	0.0	0.0	0.0	0.0	0.0	0.0	0.0	0.0	0.0	0.0	0.0	0.0	0.0	0.0	0.0	0.0	0.0	0.0	0.0	0.0	0.0	0.0	0.0	0.0	0.0	0.0	0.0	0.0	0.0	0.0	0.0
Syn.Breast-AdenoCA::S.194	0.02588983612614489	0.0779524504144006	0.0	0.08452721383683001	0.39914425454091423	0.0	0.0	0.0	0.0	0.0	0.0	0.0	0.059341640509390364	0.06965331604992418	0.08871394815470994	0.0	0.0	0.19477734036768563	0.0	0.0	0.0	0.0	0.0	0.0	0.0	0.0	0.0	0.0	0.0	0.0	0.0	0.0	0.0	0.0	0.0	0.0	0.0	0.0	0.0	0.0	0.0	0.0	0.0	0.0	0.0	0.0	0.0	0.0	0.0	0.0	0.0	0.0	0.0	0.0	0.0	0.0	0.0	0.0	0.0	0.0
Syn.Breast-AdenoCA::S.195	0.08258696573559908	0.0	0.0	0.08675269742015287	0.0	0.10262206879528839	0.0497176259440979	0.05290972545237689	0.0	0.08203054648963559	0.0	0.08290032209916391	0.10066668375877527	0.0	0.07072834221831811	0.10837332351686149	0.0	0.18071169856973052	0.0	0.0	0.0	0.0	0.0	0.0	0.0	0.0	0.0	0.0	0.0	0.0	0.0	0.0	0.0	0.0	0.0	0.0	0.0	0.0	0.0	0.0	0.0	0.0	0.0	0.0	0.0	0.0	0.0	0.0	0.0	0.0	0.0	0.0	0.0	0.0	0.0	0.0	0.0	0.0	0.0	0.0
Syn.Breast-AdenoCA::S.196	0.14690794543071034	0.12132452391279926	0.0	0.12511199533478534	0.27297829095589987	0.0	0.0	0.06039587069180901	0.0	0.0599250953111188	0.0	0.0	0.0	0.0	0.21335627836287735	0.0	0.0	0.0	0.0	0.0	0.0	0.0	0.0	0.0	0.0	0.0	0.0	0.0	0.0	0.0	0.0	0.0	0.0	0.0	0.0	0.0	0.0	0.0	0.0	0.0	0.0	0.0	0.0	0.0	0.0	0.0	0.0	0.0	0.0	0.0	0.0	0.0	0.0	0.0	0.0	0.0	0.0	0.0	0.0	0.0
Syn.Breast-AdenoCA::S.197	0.18869881365858865	0.10820815732575192	0.0	0.15831629753019574	0.12440346525332682	0.06896410958781556	0.0	0.0542909082922974	0.0	0.0	0.0	0.0	0.09767732226878267	0.0	0.1994409260832413	0.0	0.0	0.0	0.0	0.0	0.0	0.0	0.0	0.0	0.0	0.0	0.0	0.0	0.0	0.0	0.0	0.0	0.0	0.0	0.0	0.0	0.0	0.0	0.0	0.0	0.0	0.0	0.0	0.0	0.0	0.0	0.0	0.0	0.0	0.0	0.0	0.0	0.0	0.0	0.0	0.0	0.0	0.0	0.0	0.0
Syn.Breast-AdenoCA::S.198	0.13367323050025448	0.0	0.0	0.14706160567574728	0.12510528702174223	0.0	0.0	0.0	0.0	0.0	0.0	0.0	0.20443295064623362	0.0	0.0	0.0	0.0	0.3897269261560223	0.0	0.0	0.0	0.0	0.0	0.0	0.0	0.0	0.0	0.0	0.0	0.0	0.0	0.0	0.0	0.0	0.0	0.0	0.0	0.0	0.0	0.0	0.0	0.0	0.0	0.0	0.0	0.0	0.0	0.0	0.0	0.0	0.0	0.0	0.0	0.0	0.0	0.0	0.0	0.0	0.0	0.0
