MutationType	Syn.Breast-AdenoCA::S.26	Syn.Liver-HCC::S.159	Syn.Thy-AdenoCA::S.9	Syn.CNS-PiloAstro::S.13	Syn.Myeloid-MPN::S.50	Syn.Uterus-AdenoCA::S.31	Syn.Panc-AdenoCA::S.187	Syn.Liver-HCC::S.173	Syn.Liver-HCC::S.197	Syn.Panc-AdenoCA::S.144	Syn.Myeloid-MDS::S.1	Syn.Panc-AdenoCA::S.235	Syn.Skin-Melanoma::S.64	Syn.Head-SCC::S.26	Syn.Liver-HCC::S.312	Syn.Prost-AdenoCA::S.145	Syn.Lymph-CLL::S.92	Syn.Kidney-ChRCC::S.33	Syn.Panc-AdenoCA::S.178	Syn.CNS-GBM::S.16	Syn.Kidney-ChRCC::S.25	Syn.Prost-AdenoCA::S.237	Syn.Stomach-AdenoCA::S.32	Syn.Myeloid-MPN::S.43	Syn.Breast-LobularCA::S.12	Syn.Lung-SCC::S.42	Syn.Kidney-ChRCC::S.43	Syn.Breast-AdenoCA::S.50	Syn.Kidney-RCC::S.104	Syn.Thy-AdenoCA::S.45	Syn.Prost-AdenoCA::S.198	Syn.Skin-Melanoma::S.15	Syn.CNS-PiloAstro::S.4	Syn.Thy-AdenoCA::S.29	Syn.Bone-Osteosarc::S.10	Syn.Lymph-CLL::S.44	Syn.Panc-AdenoCA::S.184	Syn.Prost-AdenoCA::S.67	Syn.Panc-AdenoCA::S.37	Syn.Breast-AdenoCA::S.147	Syn.Kidney-RCC::S.84	Syn.Panc-AdenoCA::S.221	Syn.Myeloid-MPN::S.15	Syn.Eso-AdenoCA::S.21	Syn.CNS-PiloAstro::S.29	Syn.Lymph-BNHL::S.70	Syn.Liver-HCC::S.87	Syn.CNS-GBM::S.30	Syn.ColoRect-AdenoCA::S.10	Syn.Prost-AdenoCA::S.23
A[C>A]A	82	144	8	2	62	180	337	154	105	216	4	95	1	34	86	37	10	54	88	104	19	43	1697	29	61	1043	43	25	76	13	30	56	2	96	115	9	14	29	69	160	120	56	5	311	2	665	173	114	813	42
A[C>A]C	66	76	5	2	49	100	221	118	67	111	4	41	1	27	61	22	8	29	52	57	13	23	1229	23	39	815	24	22	37	8	13	20	1	70	55	9	14	13	40	98	71	34	4	154	2	373	132	62	352	22
A[C>A]G	8	16	1	0	10	20	44	31	15	24	1	7	0	5	13	5	2	6	10	12	2	5	224	4	6	357	5	5	8	2	2	6	0	14	12	2	2	2	8	12	15	5	1	33	0	75	26	13	71	5
A[C>A]T	48	76	4	1	34	99	183	84	52	114	3	43	1	19	44	20	6	29	44	55	11	21	1144	16	32	702	23	15	40	7	14	22	1	52	60	6	9	13	38	83	64	26	3	164	1	358	93	62	401	23
C[C>A]A	80	103	6	1	39	130	226	105	67	156	3	118	1	21	60	26	6	39	83	73	13	44	1327	18	65	1830	31	21	56	9	38	30	2	61	84	7	8	35	49	188	83	92	3	225	1	542	112	82	774	31
C[C>A]C	87	75	5	1	32	100	178	84	61	113	3	41	1	18	49	20	5	29	41	54	11	18	2188	15	46	1792	23	16	40	7	13	36	1	49	60	6	10	13	38	135	62	105	3	165	1	441	92	61	390	22
C[C>A]G	13	18	1	1	18	20	66	40	27	24	1	23	0	10	24	6	3	6	23	14	3	11	599	8	12	561	6	6	7	2	7	12	0	24	11	3	4	7	8	28	20	46	1	30	1	76	50	14	113	5
C[C>A]T	56	75	4	1	34	93	177	94	47	113	2	63	1	18	43	20	5	28	53	54	10	26	4510	15	40	1552	23	21	40	7	20	48	1	51	59	6	7	19	35	113	63	227	3	160	1	377	91	59	470	22
G[C>A]A	38	81	5	2	53	102	235	162	79	118	4	175	1	29	68	24	9	30	120	61	13	62	1663	24	64	787	25	23	40	8	55	24	2	76	59	10	13	51	41	171	76	89	4	165	2	325	144	65	825	23
G[C>A]C	45	59	3	1	40	71	171	135	57	85	3	38	0	21	48	17	6	22	45	44	9	20	1179	18	30	827	18	15	28	6	12	13	1	56	42	8	8	12	28	73	56	39	3	116	1	266	106	46	292	16
G[C>A]G	8	16	1	0	12	21	51	38	18	22	1	15	0	7	16	5	2	6	15	12	3	7	323	6	8	354	5	5	7	2	5	4	0	17	11	2	3	5	8	18	16	15	1	30	0	63	33	13	90	4
G[C>A]T	41	60	3	1	35	71	161	122	48	87	2	100	0	19	42	17	5	22	72	44	8	37	1562	16	44	521	18	14	30	6	32	10	1	51	44	8	7	30	28	122	54	72	3	119	1	274	94	46	523	17
T[C>A]A	46	126	7	1	41	159	370	101	63	192	3	119	38	22	57	30	6	48	85	89	15	44	1303	19	93	1874	40	172	70	11	38	60	2	67	121	12	15	35	59	175	98	62	3	285	2	504	114	100	874	38
T[C>A]C	70	108	7	1	48	143	299	110	73	162	4	81	15	27	64	28	8	41	70	78	16	34	1421	22	66	1448	34	75	57	10	25	86	2	73	91	8	16	24	55	148	90	51	4	234	2	493	131	88	635	32
T[C>A]G	9	18	1	0	12	21	69	32	17	26	1	22	6	6	15	5	2	7	19	13	3	10	319	5	16	401	6	28	9	2	7	7	0	17	15	2	3	7	8	30	17	15	1	36	0	78	33	14	127	5
T[C>A]T	53	128	7	2	66	155	371	137	93	189	4	195	18	36	84	34	10	48	139	93	17	72	2692	30	94	1432	40	97	66	12	62	45	2	98	105	19	16	57	62	219	111	105	5	270	2	508	179	100	1080	37
A[C>G]A	76	73	4	2	53	92	228	88	75	104	4	22	2	29	65	22	9	27	45	55	12	46	1383	25	40	286	23	26	34	8	7	13	1	74	51	9	14	8	37	96	70	25	4	142	2	743	141	58	260	20
A[C>G]C	45	49	3	1	30	63	137	50	41	71	2	15	0	16	37	14	5	18	27	36	8	20	729	14	23	124	15	15	24	5	5	10	1	43	36	5	8	5	25	58	44	16	3	99	1	361	79	39	189	14
A[C>G]G	3	13	1	0	9	16	39	15	12	19	1	6	0	5	11	4	1	5	9	10	2	8	197	4	3	46	4	4	6	1	2	10	0	13	9	2	2	2	6	5	12	3	1	25	0	101	24	10	55	4
A[C>G]T	69	83	5	2	52	103	239	86	72	120	4	24	2	28	66	24	8	31	46	61	13	34	1379	24	38	216	26	28	41	8	7	18	2	75	61	10	13	9	40	89	77	21	4	164	2	591	141	65	317	23
C[C>G]A	69	47	2	1	36	53	153	61	53	65	2	12	3	19	46	14	6	17	31	35	7	12	909	17	35	299	15	23	21	5	4	15	1	50	33	5	8	5	21	90	46	10	3	87	1	284	98	35	158	13
C[C>G]C	56	59	3	1	47	67	188	81	65	81	3	18	1	25	58	18	7	21	41	44	9	15	1099	22	30	238	18	25	26	6	6	28	1	65	39	7	9	7	27	70	59	14	4	106	2	277	126	44	204	16
C[C>G]G	9	12	1	0	13	15	48	22	18	17	1	10	0	7	16	4	2	5	13	10	2	6	296	6	7	102	4	7	5	1	3	16	0	17	7	2	3	3	6	14	14	7	1	21	0	48	35	10	54	3
C[C>G]T	83	79	4	1	49	93	227	84	69	113	3	21	3	26	62	22	8	29	44	58	11	17	1225	23	44	310	24	30	38	8	7	30	1	71	58	8	10	8	36	109	72	14	4	154	2	412	134	61	299	22
G[C>G]A	46	31	2	1	24	36	100	42	36	44	2	9	1	13	30	9	4	11	21	23	5	9	617	11	22	175	10	13	14	3	3	6	1	34	21	4	5	3	14	58	31	7	2	59	1	200	65	24	107	8
G[C>G]C	34	33	2	1	26	39	106	44	37	47	2	11	0	14	32	10	4	12	23	25	5	9	669	12	18	176	10	16	15	4	3	13	1	37	22	5	5	4	16	42	33	21	2	63	1	171	70	26	117	9
G[C>G]G	10	8	0	0	8	10	30	13	11	11	1	4	0	4	9	3	1	3	7	6	1	3	185	4	5	88	3	3	3	1	1	8	0	11	5	1	2	1	4	12	9	2	1	14	0	47	21	6	28	2
G[C>G]T	55	44	2	1	35	50	142	59	48	61	2	13	1	19	42	13	5	16	30	33	6	12	921	16	28	159	14	20	20	5	4	13	1	48	29	8	7	5	20	70	44	16	3	80	1	249	93	33	150	12
T[C>G]A	88	69	4	1	40	82	632	68	63	101	3	16	152	24	50	19	6	26	37	51	9	15	1031	19	209	3925	32	589	34	7	5	15	1	59	117	6	34	6	32	244	62	12	3	169	2	332	109	53	262	20
T[C>G]C	80	75	4	1	39	92	280	70	59	111	3	19	30	21	51	20	6	28	36	55	10	15	1012	18	72	954	25	131	39	7	6	39	1	58	71	6	13	7	35	132	66	15	3	161	1	400	107	59	305	22
T[C>G]G	6	11	1	0	9	13	55	15	13	15	1	4	7	5	11	3	1	4	8	8	2	4	194	4	11	219	4	29	5	1	1	8	0	12	10	1	3	2	5	13	11	3	1	22	0	45	24	8	40	3
T[C>G]T	133	126	7	2	65	160	841	104	93	186	5	28	177	38	85	34	10	48	57	92	18	23	1709	30	258	4583	51	719	65	12	8	40	2	96	173	11	46	10	63	322	110	22	5	294	2	604	177	100	491	37
A[C>T]A	110	153	14	5	173	272	674	278	239	214	17	102	4	101	215	60	32	63	153	131	51	63	7329	87	79	570	53	82	63	20	30	60	4	230	139	35	81	32	115	125	178	1386	20	285	7	605	458	150	508	46
A[C>T]C	69	89	6	3	94	125	352	152	127	121	8	46	26	52	115	32	16	34	83	72	21	33	2734	46	43	254	29	65	37	11	14	764	2	126	95	17	30	16	53	79	100	502	9	158	4	372	250	75	290	25
A[C>T]G	261	17	107	6	88	1619	1092	100	45	246	76	533	0	178	60	112	87	145	127	191	381	60	1717	102	188	110	49	132	69	34	149	16	7	87	84	132	694	99	684	294	86	2844	104	709	15	583	85	562	644	113
A[C>T]T	76	118	8	4	115	173	449	185	157	164	10	62	11	65	141	42	20	46	103	95	28	44	3733	60	51	297	39	85	51	14	18	258	3	156	86	21	40	21	72	89	128	479	11	217	5	488	307	102	410	33
C[C>T]A	80	124	7	3	101	154	404	168	150	172	7	54	75	56	136	39	16	45	94	94	21	38	2412	65	49	454	39	132	56	13	16	2095	3	140	133	17	24	19	62	101	125	314	8	231	4	519	278	97	465	34
C[C>T]C	90	114	5	3	98	128	381	162	137	155	7	41	83	52	116	36	15	41	87	86	17	34	2349	59	52	436	36	41	49	12	13	3336	2	136	120	17	20	16	52	111	117	332	7	201	4	494	262	86	393	30
C[C>T]G	165	49	59	6	121	907	815	175	120	175	46	326	11	136	119	78	58	91	138	136	213	59	2814	90	126	274	40	161	46	24	92	430	5	142	60	82	388	67	386	190	105	2733	61	423	11	395	241	329	458	69
C[C>T]T	105	140	7	4	120	160	466	193	169	192	8	49	85	64	150	44	19	50	105	106	21	44	2899	95	60	573	44	77	61	15	15	2470	3	165	111	20	24	19	65	127	143	317	9	250	4	636	323	106	481	37
G[C>T]A	83	102	6	3	101	130	390	171	148	138	8	52	4	55	131	35	17	38	92	80	21	37	6140	56	54	349	33	50	42	12	16	35	2	137	85	18	28	18	54	106	111	1955	9	178	4	431	275	82	356	27
G[C>T]C	73	95	4	3	112	99	388	187	155	121	8	47	18	59	137	34	17	33	98	75	16	39	5766	57	47	302	31	41	35	12	15	528	2	149	78	18	22	18	43	88	111	2309	8	140	4	367	300	69	293	23
G[C>T]G	166	28	65	5	97	980	781	135	84	163	48	343	0	130	88	76	59	92	119	130	232	53	3642	81	125	143	36	94	43	23	97	16	5	109	49	86	423	68	416	190	83	3895	65	433	10	371	169	347	430	70
G[C>T]T	62	93	4	3	96	100	349	160	137	123	7	40	25	51	121	32	15	33	85	72	15	34	4820	61	41	265	30	37	37	11	12	223	2	130	61	17	19	16	42	74	103	1554	7	149	4	359	260	69	303	24
T[C>T]A	117	169	9	3	105	854	712	175	155	244	7	337	360	214	139	48	17	63	264	125	59	40	2334	55	42	874	52	12008	83	17	16	1860	3	151	170	16	75	19	337	71	155	477	8	827	4	607	289	132	663	48
T[C>T]C	88	146	7	4	119	283	518	192	166	202	8	106	498	92	147	45	18	53	137	110	28	43	2718	58	52	508	46	2221	65	15	17	5798	3	165	159	19	33	20	114	96	147	287	9	351	4	548	321	111	532	39
T[C>T]G	106	44	34	4	99	575	572	153	108	115	28	219	111	105	104	51	38	56	118	90	126	45	1886	64	79	217	28	1053	29	16	56	1469	3	120	40	50	228	43	244	115	84	1221	37	288	7	267	219	196	293	42
T[C>T]T	94	139	7	3	109	522	568	177	158	193	7	200	161	146	145	42	17	50	187	104	40	40	2457	59	39	658	44	6734	63	15	12	2427	3	152	117	17	50	16	208	65	138	282	8	529	4	530	300	105	478	37
A[T>A]A	28	42	2	1	38	49	146	122	198	57	3	17	3	21	59	14	6	15	34	32	7	15	1042	18	17	271	13	16	18	5	5	75	1	52	25	10	9	6	20	34	44	14	3	74	1	182	111	32	141	11
A[T>A]C	34	34	2	1	36	47	134	66	68	45	3	16	1	20	50	12	6	13	32	27	8	13	913	17	19	141	11	33	13	4	5	23	1	49	19	7	11	6	20	39	38	23	3	60	1	163	100	28	103	9
A[T>A]G	44	49	3	1	47	58	178	135	198	66	3	20	1	26	64	16	8	18	41	38	9	18	1069	22	25	358	16	19	20	6	6	39	1	64	29	8	11	8	24	53	53	14	4	83	2	233	131	38	161	13
A[T>A]T	28	58	3	1	32	70	152	55	54	85	2	22	6	17	46	16	5	22	33	42	8	15	2001	15	19	154	18	12	29	5	7	222	1	47	44	11	7	7	28	41	52	47	2	121	1	258	90	45	253	17
C[T>A]A	29	12	0	1	18	12	60	152	296	14	1	7	0	10	23	5	3	4	16	10	2	7	447	8	14	346	4	12	4	2	2	27	0	24	5	4	4	3	6	37	16	6	1	16	1	103	50	9	29	3
C[T>A]C	62	43	2	1	27	53	121	96	165	68	2	14	1	15	47	12	4	16	41	32	6	10	848	12	29	315	13	16	21	4	4	38	1	39	32	5	6	5	22	82	40	20	2	165	1	278	81	34	169	12
C[T>A]G	48	25	1	1	26	29	95	202	393	35	2	13	0	14	34	9	4	9	29	20	4	11	683	12	23	751	8	13	10	3	4	21	1	35	15	6	6	5	13	63	28	11	2	66	1	184	71	19	90	7
C[T>A]T	45	48	3	1	22	60	116	94	161	82	2	11	1	14	30	13	4	18	50	35	6	9	576	10	22	300	15	9	25	4	3	63	1	34	38	5	5	4	29	59	41	11	2	251	1	277	62	38	196	14
G[T>A]A	27	19	1	1	19	21	70	84	141	25	1	8	1	10	25	6	3	7	17	15	3	7	505	9	14	233	6	7	8	2	3	17	0	26	11	4	4	3	9	35	21	7	1	31	1	116	52	14	64	5
G[T>A]C	27	21	1	0	15	24	63	34	46	30	1	8	0	8	23	6	2	8	15	15	3	6	478	7	13	106	6	8	10	2	2	11	0	21	14	3	3	3	10	36	20	15	1	46	1	125	43	16	80	6
G[T>A]G	41	27	1	1	21	32	86	72	113	38	2	10	0	11	32	8	3	10	19	21	4	8	634	10	20	321	9	9	12	3	3	17	1	30	18	3	5	4	13	54	27	10	2	52	1	178	61	21	100	7
G[T>A]T	42	31	2	1	17	39	81	36	44	46	1	11	1	9	22	8	3	12	18	23	4	8	591	8	20	153	9	8	16	3	3	29	1	25	24	3	4	4	16	58	27	11	1	75	1	208	46	25	133	9
T[T>A]A	34	44	4	1	34	80	152	121	204	65	4	35	1	21	49	15	7	18	36	36	13	17	1070	16	23	254	14	24	21	5	11	78	1	47	31	16	19	10	33	51	44	31	4	95	1	212	93	43	209	14
T[T>A]C	38	52	3	1	21	64	118	58	94	79	1	11	1	11	43	13	3	20	22	37	7	9	543	10	19	134	16	12	28	5	3	81	1	33	42	4	4	4	24	50	43	9	2	122	1	260	68	41	217	15
T[T>A]G	28	31	2	1	25	36	99	110	194	44	2	11	0	13	37	10	4	11	23	23	5	9	577	11	15	252	10	10	14	3	3	46	1	35	21	9	5	4	14	35	31	8	2	60	1	155	71	24	112	8
T[T>A]T	54	107	6	1	46	141	251	102	136	161	4	28	1	25	68	28	8	41	44	78	16	18	1643	21	30	202	32	21	57	10	9	323	2	70	86	13	13	9	55	72	89	26	4	237	2	468	130	87	454	32
A[T>C]A	121	178	8	7	239	182	800	408	544	218	17	81	2	128	484	68	37	61	200	143	32	136	5879	109	82	611	59	89	59	23	25	69	4	316	80	40	49	33	81	120	222	105	18	236	9	1358	766	129	435	42
A[T>C]C	46	60	3	2	70	75	249	114	190	80	5	29	0	38	193	22	11	22	65	48	13	55	1644	32	29	138	20	26	23	7	9	24	1	93	32	14	19	11	32	50	70	44	6	118	3	638	256	48	175	16
A[T>C]G	95	148	6	6	198	147	658	326	446	180	14	66	0	105	427	56	31	50	166	118	26	75	5307	90	65	457	49	70	49	19	20	67	4	262	66	32	39	27	65	93	183	136	15	195	7	628	651	105	362	34
A[T>C]T	114	164	9	6	199	194	696	319	416	211	15	77	1	108	410	61	32	59	172	132	34	103	4282	91	75	391	54	76	60	21	23	83	4	265	83	39	49	30	84	121	195	66	16	261	8	1077	640	127	456	41
C[T>C]A	47	74	3	2	69	82	258	117	214	102	5	23	1	37	206	24	11	26	62	57	11	64	2091	31	28	233	24	31	31	8	7	50	2	94	46	14	13	9	34	50	78	51	5	147	3	824	264	55	230	19
C[T>C]C	61	64	4	2	54	83	216	89	193	113	4	24	0	31	201	21	9	24	119	49	12	36	1377	25	33	146	20	20	28	7	7	30	1	75	42	14	15	9	39	75	65	38	5	455	2	537	231	52	220	18
C[T>C]G	62	89	4	3	108	93	370	177	236	124	7	37	0	58	230	32	17	31	127	70	15	42	3691	49	40	306	29	38	32	11	11	37	2	144	45	20	22	15	43	65	105	136	8	300	4	411	352	65	239	22
C[T>C]T	70	89	4	2	77	100	297	125	213	180	5	28	3	45	217	28	12	32	243	67	13	68	2050	35	39	191	28	31	39	10	9	168	2	106	59	22	15	11	56	83	92	46	6	992	3	939	287	67	295	24
G[T>C]A	52	56	3	2	73	60	247	118	268	69	5	26	0	39	282	21	12	19	61	45	11	49	2692	33	31	193	19	26	19	7	8	20	1	97	26	14	16	10	27	57	69	72	6	77	3	548	320	41	140	13
G[T>C]C	30	36	2	1	41	46	149	70	130	50	3	19	0	23	132	13	7	13	42	29	8	29	956	19	19	99	12	16	14	5	6	9	1	55	20	10	12	7	21	35	42	36	4	89	2	340	163	29	113	10
G[T>C]G	56	56	3	2	78	60	259	127	203	69	6	32	0	42	206	22	12	19	69	45	11	34	2418	36	34	189	19	30	18	7	10	25	1	103	25	13	17	12	28	66	71	73	6	82	3	323	280	42	151	13
G[T>C]T	52	60	3	2	71	63	245	115	206	77	5	27	1	38	211	22	11	21	63	47	10	57	2016	32	31	140	20	25	22	7	8	138	1	95	31	13	14	11	28	60	70	38	5	100	3	671	271	44	175	15
T[T>C]A	73	82	4	3	93	86	326	155	339	105	6	33	3	50	347	29	14	28	79	64	14	70	2869	42	42	215	27	33	31	10	10	164	2	125	43	18	19	13	38	83	94	54	7	128	3	850	401	60	230	20
T[T>C]C	44	53	3	2	51	72	196	82	177	75	4	30	1	28	187	18	9	20	53	42	12	57	1572	24	27	99	17	20	22	6	9	65	1	69	32	13	16	10	31	57	57	42	5	124	2	714	216	44	194	15
T[T>C]G	40	53	2	2	66	56	224	107	185	66	5	26	1	35	188	19	10	18	58	42	9	30	2208	30	26	153	17	26	18	7	8	91	1	87	26	12	14	10	25	46	63	62	5	81	2	293	246	39	150	13
T[T>C]T	73	83	5	3	96	105	345	154	269	111	7	41	1	53	278	31	16	30	92	67	18	83	3622	45	44	187	27	37	31	10	13	170	2	129	44	28	27	15	46	84	97	65	8	172	4	999	361	67	245	22
A[T>G]A	18	39	2	1	20	48	97	34	36	57	1	8	1	11	29	10	3	14	18	28	5	25	449	9	10	58	12	12	20	4	2	22	1	30	29	19	4	3	19	21	34	6	2	83	1	392	57	30	148	11
A[T>G]C	12	35	2	0	13	45	78	22	19	53	1	6	0	8	18	9	2	13	12	25	5	14	305	6	7	27	11	6	19	3	2	21	1	21	29	4	3	2	20	14	28	8	1	85	1	255	37	28	144	10
A[T>G]G	31	51	3	1	41	59	163	69	62	71	3	16	0	22	51	16	6	18	36	38	8	28	912	19	19	103	16	15	23	5	5	35	1	57	33	8	9	6	24	37	51	14	3	94	2	380	111	39	176	14
A[T>G]T	19	86	5	1	25	109	170	41	36	133	2	11	1	28	33	20	4	33	27	60	10	29	616	12	12	52	25	9	48	7	3	19	1	42	77	12	5	4	97	24	66	15	2	324	1	640	69	68	362	26
C[T>G]A	17	20	1	0	13	23	57	27	30	28	1	5	0	8	18	6	2	7	11	15	3	6	323	6	9	43	6	8	9	2	1	13	0	19	14	11	3	2	11	21	19	4	1	41	1	121	37	15	69	5
C[T>G]C	28	34	2	1	24	40	100	39	36	48	2	11	0	19	31	10	4	12	22	25	5	10	664	11	15	51	10	12	16	3	3	25	1	34	25	6	5	4	42	36	32	23	2	115	1	201	65	26	126	9
C[T>G]G	42	37	2	1	32	42	122	59	60	50	2	15	0	20	39	12	5	13	28	28	6	14	899	15	22	137	12	14	16	4	4	28	1	44	24	9	6	5	28	54	38	29	2	85	1	234	85	28	131	10
C[T>G]T	32	71	4	1	38	86	181	62	53	104	3	18	0	136	45	19	6	26	37	51	10	17	875	17	19	93	21	18	36	7	6	12	1	56	89	25	8	7	488	41	62	38	3	1012	1	704	101	55	283	20
G[T>G]A	17	16	1	0	13	18	51	22	21	22	1	6	0	7	16	5	2	6	12	12	2	14	310	6	9	37	5	9	7	2	2	11	0	18	10	5	3	2	8	22	16	5	1	30	0	209	35	12	56	4
G[T>G]C	10	13	1	0	9	15	38	14	13	19	1	3	0	6	11	4	1	5	7	10	2	9	203	4	5	21	4	6	6	1	1	10	0	13	10	3	2	1	11	11	12	7	1	35	0	137	24	10	46	4
G[T>G]G	41	30	2	1	28	35	105	45	38	41	2	18	1	15	34	10	4	11	27	23	5	19	689	13	22	105	10	11	13	3	5	53	1	38	19	5	6	6	15	57	32	16	2	56	1	274	74	23	122	8
G[T>G]T	21	28	2	0	12	34	65	20	16	43	1	7	1	30	15	7	2	11	15	20	4	19	423	6	11	27	8	4	15	2	2	45	0	19	30	9	2	2	107	29	23	20	1	251	0	402	33	22	119	8
T[T>G]A	30	47	2	1	27	56	124	48	50	68	2	10	0	14	36	13	4	17	23	34	6	24	622	12	16	57	14	10	23	4	3	43	1	39	34	27	5	4	22	36	42	9	2	93	1	400	75	36	173	13
T[T>G]C	29	62	3	1	34	74	160	55	49	90	2	14	0	20	43	17	5	23	30	45	8	28	764	16	17	63	19	13	31	6	4	52	1	50	47	8	7	5	36	35	55	15	3	139	1	462	92	48	239	18
T[T>G]G	35	51	3	1	36	62	152	63	61	73	3	14	0	20	45	15	6	19	31	38	8	37	854	17	19	113	16	15	24	5	4	37	1	51	36	9	8	6	29	42	49	17	3	107	1	550	97	40	184	14
T[T>G]T	52	134	7	2	70	161	337	113	98	197	5	30	0	63	88	36	11	50	63	97	18	48	1921	32	32	134	41	24	68	12	9	67	2	104	113	32	14	11	163	63	117	41	5	472	3	906	189	104	525	38
