Samples	SBS1	SBS2	SBS3	SBS4	SBS5	SBS6	SBS7a	SBS7b	SBS7c	SBS8	SBS9	SBS10a	SBS11	SBS12	SBS13	SBS14	SBS15	SBS16	SBS17a	SBS17b	SBS18	SBS19	SBS21	SBS22	SBS26	SBS28	SBS30	SBS33	SBS35	SBS36	SBS37	SBS38	SBS39	SBS40	SBS60	SBS55	SBS44	SBS61	SBS62	SBS63	SBS64	SBS65	SBS66	SBS67	SBS68	SBS69	SBS70	SBS71	SBS72	SBS73	SBS74	SBS75	SBS76	SBS77	SBS78	SBS79	SBS80	SBS81	SBS82	SBS83
Syn.Breast-AdenoCA::S.1	0.00754213475514119	0.0	0.0	0.0	0.09073612902431763	0.0	0.0	0.0	0.0	0.0	0.0	0.0	0.0	0.0	0.0	0.0	0.0	0.0	0.0	0.0	0.0	0.0	0.0	0.0	0.0	0.0	0.0	0.0	0.0	0.017914426328396554	0.0	0.0	0.8742156159757573	0.0	0.0	0.0	0.0	0.0	0.0	0.0	0.0	0.0	0.0	0.0	0.0	0.0	0.009591693916387286	0.0	0.0	0.0	0.0	0.0	0.0	0.0	0.0	0.0	0.0	0.0	0.0	0.0
Syn.Breast-AdenoCA::S.2	0.025870604473412637	0.0	0.0	0.0	0.08458591074471279	0.0	0.0	0.0	0.0	0.09070936609303644	0.0	0.0	0.0	0.0	0.0	0.0	0.0	0.0	0.0	0.0	0.0	0.0	0.0	0.0	0.0	0.0	0.0	0.0	0.0	0.0	0.0	0.0	0.7605488357325313	0.0	0.0	0.0	0.0	0.0	0.0	0.0	0.0	0.0	0.0	0.0	0.0	0.022920874247583285	0.015364408708723477	0.0	0.0	0.0	0.0	0.0	0.0	0.0	0.0	0.0	0.0	0.0	0.0	0.0
Syn.Breast-AdenoCA::S.3	0.11645921542682196	0.0	0.0	0.0	0.13033912597400907	0.0	0.0	0.0	0.0	0.1626105283169188	0.0	0.0	0.0	0.3283364651782783	0.0	0.0	0.0	0.0	0.0	0.0	0.0	0.0	0.0	0.0	0.0	0.0	0.0	0.0	0.0	0.0	0.0	0.0	0.09900355686605374	0.0	0.0	0.0	0.0	0.0	0.0	0.0	0.0	0.0	0.0	0.0	0.0	0.1632511082379182	0.0	0.0	0.0	0.0	0.0	0.0	0.0	0.0	0.0	0.0	0.0	0.0	0.0	0.0
Syn.Breast-AdenoCA::S.4	0.08255077000206643	0.0	0.0	0.0	0.1531483590072901	0.0	0.0	0.0	0.0	0.0	0.0	0.0	0.0	0.01237709680087032	0.0	0.0	0.0	0.0	0.0	0.009556698351387763	0.06200036478006198	0.0	0.0	0.0	0.0	0.019330772531225723	0.09653330487078811	0.0	0.0	0.0	0.0	0.0	0.09899350951105948	0.029616324855225848	0.0	0.0	0.0	0.0	0.0	0.0	0.012366955427201851	0.0	0.0	0.0	0.0	0.41310315684718335	0.010422687015638839	0.0	0.0	0.0	0.0	0.0	0.0	0.0	0.0	0.0	0.0	0.0	0.0	0.0
Syn.Breast-AdenoCA::S.5	0.17373650440448118	0.0	0.0	0.0	0.1537477412410895	0.0	0.0	0.0	0.0	0.38509800235434055	0.0	0.0	0.0	0.12381076509332399	0.0	0.0	0.0	0.0	0.0	0.0	0.012061819336932999	0.0	0.0	0.0	0.0	0.0	0.0	0.0	0.0	0.0	0.0	0.0	0.0	0.0	0.0	0.0	0.0	0.0	0.0	0.0	0.0	0.0	0.0	0.0	0.0	0.13890252819939805	0.012642639370433658	0.0	0.0	0.0	0.0	0.0	0.0	0.0	0.0	0.0	0.0	0.0	0.0	0.0
Syn.Breast-AdenoCA::S.6	0.08344264179845207	0.09521487819197212	0.0	0.0	0.07939550425391646	0.0	0.0	0.0	0.0	0.0	0.0	0.0	0.0	0.03501633907572826	0.015176756162085192	0.0	0.0	0.0	0.0	0.0	0.0	0.0	0.0	0.0	0.0	0.008764801298327744	0.0	0.0	0.0	0.0	0.0	0.0	0.6679418537930771	0.0	0.0	0.0	0.0	0.0	0.0	0.0	0.0	0.0	0.0	0.0	0.0	0.0	0.015047225426440948	0.0	0.0	0.0	0.0	0.0	0.0	0.0	0.0	0.0	0.0	0.0	0.0	0.0
Syn.Breast-AdenoCA::S.7	0.13777985923953887	0.005479462474955353	0.0	0.0	0.1271385256947654	0.0	0.0	0.0	0.0	0.08267249089178276	0.0	0.0	0.0	0.28103886834950953	0.36589079334944796	0.0	0.0	0.0	0.0	0.0	0.0	0.0	0.0	0.0	0.0	0.0	0.0	0.0	0.0	0.0	0.0	0.0	0.0	0.0	0.0	0.0	0.0	0.0	0.0	0.0	0.0	0.0	0.0	0.0	0.0	0.0	0.0	0.0	0.0	0.0	0.0	0.0	0.0	0.0	0.0	0.0	0.0	0.0	0.0	0.0
Syn.Breast-AdenoCA::S.8	0.058353550761563074	0.0	0.0	0.0	0.1298718516675061	0.0	0.0	0.0	0.0	0.0	0.0	0.0	0.0	0.08029276921608038	0.4964336521907026	0.0	0.0	0.0	0.0	0.0	0.0	0.0	0.0	0.0	0.0	0.049008540915654236	0.03564686269218731	0.0	0.0	0.0	0.0	0.0	0.06034093631354589	0.0	0.0	0.0	0.0	0.0	0.0	0.0	0.0	0.0	0.0	0.0	0.0	0.0	0.05046440720708504	0.03958742903567543	0.0	0.0	0.0	0.0	0.0	0.0	0.0	0.0	0.0	0.0	0.0	0.0
Syn.Breast-AdenoCA::S.9	0.08788868663100656	0.025098691166258538	0.0	0.0	0.14428515263457475	0.0	0.0	0.0	0.0	0.058306262871856286	0.0	0.0	0.0	0.014379521166473976	0.07671959115701486	0.0	0.0	0.0	0.0	0.0	0.06220624054707534	0.0	0.0	0.0	0.0	0.010466842593673777	0.0	0.0	0.0	0.0	0.0	0.0	0.3007724455179262	0.0	0.0	0.0	0.0	0.0	0.0	0.0	0.0	0.0	0.0	0.0	0.0	0.12666549761188367	0.09321106810225598	0.0	0.0	0.0	0.0	0.0	0.0	0.0	0.0	0.0	0.0	0.0	0.0	0.0
Syn.Breast-AdenoCA::S.10	0.08541538110780401	0.0	0.0	0.0	0.05855774052329032	0.0	0.0	0.0	0.0	0.45318477097574006	0.0	0.0	0.0	0.0	0.09685721326532627	0.0	0.0	0.0	0.0	0.0	0.0	0.0	0.0	0.0	0.0	0.0	0.0	0.0	0.0	0.005814737361267714	0.0	0.0	0.3001701567665716	0.0	0.0	0.0	0.0	0.0	0.0	0.0	0.0	0.0	0.0	0.0	0.0	0.0	0.0	0.0	0.0	0.0	0.0	0.0	0.0	0.0	0.0	0.0	0.0	0.0	0.0	0.0
Syn.Breast-AdenoCA::S.11	0.07511119520629297	0.0	0.09682329299037959	0.0	0.12563092178198274	0.0	0.0	0.0	0.0	0.0	0.0	0.0	0.0	0.11261692097038559	0.16076742600219543	0.0	0.0	0.0	0.0	0.0	0.008883253861735026	0.0	0.0	0.0	0.0	0.0	0.0713251204375607	0.0	0.0	0.020581492267044216	0.0	0.0	0.25022295157522384	0.010529390419153116	0.0	0.0	0.0	0.0	0.0	0.0	0.0	0.0	0.0	0.0	0.0	0.0	0.06750803448804675	0.0	0.0	0.0	0.0	0.0	0.0	0.0	0.0	0.0	0.0	0.0	0.0	0.0
Syn.Breast-AdenoCA::S.12	0.2904830553672057	0.0	0.0	0.0	0.11983483457678178	0.0	0.0	0.0	0.0	0.0	0.0	0.0	0.0	0.016478364233327335	0.0	0.0	0.0	0.0	0.0	0.0	0.0555263577695215	0.0	0.0	0.0	0.0	0.0	0.03442789286408518	0.0	0.0	0.11826901546202587	0.0	0.0	0.25229429971060635	0.0	0.0	0.0	0.0	0.0	0.0	0.0	0.0986592894380357	0.0	0.0	0.0	0.0	0.014026890578410786	0.0	0.0	0.0	0.0	0.0	0.0	0.0	0.0	0.0	0.0	0.0	0.0	0.0	0.0
Syn.Breast-AdenoCA::S.13	0.1696740451974395	0.003237206314457251	0.0	0.0	0.08925168628057083	0.0	0.0	0.0	0.0	0.027038423815630395	0.0	0.0	0.0	0.19452749587410448	0.09234422977117716	0.0	0.0	0.0	0.0	0.0	0.0	0.0	0.0	0.0	0.0	0.047843011988279206	0.07930350935501783	0.0	0.0	0.010173854208405312	0.0	0.0	0.0	0.14336620441958683	0.0	0.0	0.0	0.0	0.0	0.0	0.09382605071301903	0.0	0.0	0.0	0.0	0.0	0.049414282062312014	0.0	0.0	0.0	0.0	0.0	0.0	0.0	0.0	0.0	0.0	0.0	0.0	0.0
Syn.Breast-AdenoCA::S.14	0.09288627637581157	0.13721317555256662	0.008366088371967022	0.0	0.09922402618149068	0.0	0.0	0.0	0.0	0.11479932628302317	0.0	0.0	0.0	0.13358814109924794	0.0	0.0	0.0	0.00930769125493907	0.0	0.0	0.0	0.0	0.0	0.0	0.0	0.008859637809887485	0.12371339254636803	0.0	0.0	0.007871170007972723	0.0	0.0	0.1732076070737816	0.0	0.0	0.0	0.0	0.0	0.0	0.0	0.0	0.0	0.0	0.0	0.0	0.0	0.09096346744294422	0.0	0.0	0.0	0.0	0.0	0.0	0.0	0.0	0.0	0.0	0.0	0.0	0.0
Syn.Breast-AdenoCA::S.15	0.062206978030381783	0.0	0.0	0.0	0.07217776232248704	0.0	0.0	0.0	0.0	0.26306287074275214	0.0	0.0	0.0	0.09502655046529669	0.0	0.0	0.0	0.007491033397286108	0.0	0.006177081825153348	0.0	0.0	0.0	0.19294535405824054	0.0	0.0	0.04376755709574624	0.0	0.0	0.14500271376293747	0.0	0.0	0.0	0.0	0.0	0.0	0.0	0.0	0.0	0.0	0.0	0.0	0.0	0.0	0.0	0.09284192443672705	0.01042407379883805	0.008876100064153548	0.0	0.0	0.0	0.0	0.0	0.0	0.0	0.0	0.0	0.0	0.0	0.0
Syn.Breast-AdenoCA::S.16	0.14668732206128665	0.1284509574225859	0.09773720443176738	0.0	0.16327842078493782	0.0	0.0	0.0	0.0	0.037777583584467415	0.0	0.0	0.0	0.06341095807088372	0.0	0.0	0.0	0.05248000290421775	0.0	0.0	0.0	0.0	0.0	0.17028955914116456	0.0	0.0	0.0	0.0	0.0	0.022338805212337373	0.0	0.0	0.0	0.0	0.0	0.0	0.0	0.0	0.0	0.0	0.0	0.0	0.0	0.0	0.0	0.04919440276396853	0.05727249669133069	0.01108228693105225	0.0	0.0	0.0	0.0	0.0	0.0	0.0	0.0	0.0	0.0	0.0	0.0
Syn.Breast-AdenoCA::S.17	0.027139422459259828	0.0	0.0	0.0	0.04773102171780684	0.0	0.0	0.0	0.0	0.0	0.0	0.0	0.0	0.13807756920166092	0.01943446160766379	0.0	0.0	0.0	0.0	0.08565764929849141	0.09960490513607612	0.0	0.0	0.0	0.0	0.0	0.0	0.0	0.0	0.1041364144068834	0.0	0.0	0.2881817327371914	0.0	0.0	0.0	0.0	0.0	0.0	0.0	0.0	0.0	0.0	0.0	0.0	0.1900368234349663	0.0	0.0	0.0	0.0	0.0	0.0	0.0	0.0	0.0	0.0	0.0	0.0	0.0	0.0
Syn.Breast-AdenoCA::S.18	0.011787424312617607	0.0	0.0	0.0	0.11097355195698795	0.0	0.0	0.0	0.0	0.0	0.0	0.0	0.0	0.0	0.8772390237303945	0.0	0.0	0.0	0.0	0.0	0.0	0.0	0.0	0.0	0.0	0.0	0.0	0.0	0.0	0.0	0.0	0.0	0.0	0.0	0.0	0.0	0.0	0.0	0.0	0.0	0.0	0.0	0.0	0.0	0.0	0.0	0.0	0.0	0.0	0.0	0.0	0.0	0.0	0.0	0.0	0.0	0.0	0.0	0.0	0.0
Syn.Breast-AdenoCA::S.19	0.027022384983533272	0.14117626337190417	0.0	0.0	0.0855311028054868	0.0	0.0	0.0	0.0	0.0	0.0	0.0	0.0	0.039901583965947514	0.0	0.0	0.0	0.0	0.0	0.0	0.0	0.0	0.0	0.0	0.0	0.0	0.0	0.0	0.0	0.4209299435886421	0.0	0.0	0.28543872128448605	0.0	0.0	0.0	0.0	0.0	0.0	0.0	0.0	0.0	0.0	0.0	0.0	0.0	0.0	0.0	0.0	0.0	0.0	0.0	0.0	0.0	0.0	0.0	0.0	0.0	0.0	0.0
Syn.Breast-AdenoCA::S.20	0.12252478974339148	0.01945619078381685	0.0	0.0	0.15379326398215953	0.0	0.0	0.0	0.0	0.0	0.0	0.0	0.0	0.0	0.0	0.0	0.0	0.0	0.0	0.0	0.0	0.0	0.0	0.0	0.0	0.08310449065548377	0.08089055176710289	0.0	0.0	0.02535909871886923	0.0	0.0	0.5022791143000004	0.0	0.0	0.0	0.0	0.0	0.0	0.0	0.0	0.0	0.0	0.0	0.0	0.0	0.012592500049175843	0.0	0.0	0.0	0.0	0.0	0.0	0.0	0.0	0.0	0.0	0.0	0.0	0.0
Syn.Breast-AdenoCA::S.21	0.03738637245507554	0.02253431447340341	0.0	0.0	0.13659727001221963	0.0	0.0	0.0	0.0	0.16670051050124782	0.0	0.0	0.0	0.008324590162275828	0.08811953802634213	0.0	0.0	0.0	0.0	0.006741995083903227	0.009787529305590896	0.0	0.0	0.008661261561267225	0.0	0.0	0.042755991133339145	0.0	0.0	0.0	0.0	0.0	0.4001236913321867	0.0	0.0	0.0	0.0	0.0	0.0	0.0	0.0	0.0	0.0	0.0	0.0	0.0	0.0722669359531485	0.0	0.0	0.0	0.0	0.0	0.0	0.0	0.0	0.0	0.0	0.0	0.0	0.0
Syn.Breast-AdenoCA::S.22	0.12025736550866797	0.016350154714465187	0.0	0.0	0.14638384845674846	0.0	0.0	0.0	0.0	0.12577767806681872	0.0	0.0	0.0	0.0	0.04122388693110288	0.0	0.0	0.0219072458996994	0.0	0.024222255142820684	0.0	0.0	0.0	0.09779030952402522	0.0	0.0	0.11316767180749018	0.0	0.0	0.13092941793944374	0.0	0.0	0.14982297533939246	0.0	0.0	0.0	0.0	0.0	0.0	0.0	0.0	0.0	0.0	0.0	0.0	0.0	0.012167190669325164	0.0	0.0	0.0	0.0	0.0	0.0	0.0	0.0	0.0	0.0	0.0	0.0	0.0
Syn.Breast-AdenoCA::S.23	0.02731747044261537	0.0	0.0	0.0	0.09770545415299357	0.0	0.0	0.0	0.0	0.0	0.0	0.0	0.0	0.04827796491528152	0.15813869087683236	0.0	0.0	0.0	0.0	0.0	0.0	0.0	0.0	0.0665111691889459	0.0	0.0	0.0	0.0	0.0	0.0	0.0	0.0	0.5835966984598543	0.0	0.0	0.0	0.0	0.0	0.0	0.0	0.0	0.0	0.0	0.0	0.0	0.0	0.018452551963476945	0.0	0.0	0.0	0.0	0.0	0.0	0.0	0.0	0.0	0.0	0.0	0.0	0.0
Syn.Breast-AdenoCA::S.24	0.08849252866137328	0.017318433865323404	0.0	0.0	0.08165190433346582	0.0	0.0	0.0	0.0	0.14161423094661432	0.0	0.0	0.0	0.008413889743085315	0.2606345913684708	0.0	0.0	0.051236100445986976	0.0	0.0	0.0	0.0	0.0	0.0	0.0	0.12033632725822145	0.05264821885360225	0.0	0.0	0.0	0.0	0.0	0.0	0.0	0.0	0.0	0.0	0.0	0.0	0.0	0.009255322383866858	0.0	0.0	0.0	0.0	0.0	0.16839845213998964	0.0	0.0	0.0	0.0	0.0	0.0	0.0	0.0	0.0	0.0	0.0	0.0	0.0
Syn.Breast-AdenoCA::S.25	0.2056380613824716	0.0	0.09272771814469842	0.0	0.09307270015925866	0.0	0.0	0.0	0.0	0.0	0.0	0.0	0.0	0.0	0.0	0.0	0.0	0.0	0.0	0.0	0.0	0.0	0.0	0.0	0.0	0.0	0.148025207680089	0.0	0.0	0.0	0.0	0.0	0.0	0.0	0.0	0.0	0.0	0.0	0.0	0.0	0.19564481814118667	0.0	0.0	0.0	0.0	0.1021456735935067	0.16274582089878906	0.0	0.0	0.0	0.0	0.0	0.0	0.0	0.0	0.0	0.0	0.0	0.0	0.0
Syn.Breast-AdenoCA::S.26	0.10263299461718745	0.0	0.0	0.0	0.124362826945326	0.0	0.0	0.0	0.0	0.20005224496692744	0.0	0.0	0.0	0.0289209982776489	0.0	0.0	0.0	0.13507886809588024	0.0	0.0	0.0	0.0	0.0	0.0	0.0	0.0	0.11936659339969574	0.0	0.0	0.0	0.0	0.0	0.03419408812320426	0.02225654019126144	0.0	0.0	0.0	0.0	0.0	0.0	0.0	0.0	0.0	0.0	0.0	0.15466234245204147	0.078472502930827	0.0	0.0	0.0	0.0	0.0	0.0	0.0	0.0	0.0	0.0	0.0	0.0	0.0
Syn.Breast-AdenoCA::S.27	0.02455513260300257	0.0	0.23580406302577597	0.0	0.04897390391777512	0.0	0.0	0.0	0.0	0.14808436411365206	0.0	0.0	0.0	0.10858170683449947	0.07812868480837372	0.0	0.0	0.0	0.0	0.0	0.0	0.0	0.0	0.0	0.0	0.0	0.0	0.0	0.0	0.20924474100973983	0.0	0.0	0.1294877942716699	0.017139609415511407	0.0	0.0	0.0	0.0	0.0	0.0	0.0	0.0	0.0	0.0	0.0	0.0	0.0	0.0	0.0	0.0	0.0	0.0	0.0	0.0	0.0	0.0	0.0	0.0	0.0	0.0
Syn.Breast-AdenoCA::S.28	0.08150478681640835	0.07088767987742212	0.04125092672885342	0.0	0.09609499557463108	0.0	0.0	0.0	0.0	0.0	0.0	0.0	0.0	0.0	0.0	0.0	0.0	0.1541379817951499	0.0	0.06398541310024959	0.029689332942862145	0.0	0.0	0.08423141849663902	0.0	0.05766569598977627	0.1050697641893229	0.0	0.0	0.0	0.0	0.0	0.12274130572495046	0.0	0.0	0.0	0.0	0.0	0.0	0.0	0.0	0.0	0.0	0.0	0.0	0.0	0.09274069876373472	0.0	0.0	0.0	0.0	0.0	0.0	0.0	0.0	0.0	0.0	0.0	0.0	0.0
Syn.Breast-AdenoCA::S.29	0.05123783171931513	0.0	0.0	0.0	0.14038784913292335	0.0	0.0	0.0	0.0	0.1615803208084458	0.0	0.0	0.0	0.012106425949208818	0.0	0.0	0.0	0.0	0.0	0.014873281581996666	0.0	0.0	0.0	0.0	0.0	0.0	0.0	0.0	0.0	0.0	0.0	0.0	0.5171710250799125	0.014005195010181196	0.0	0.0	0.0	0.0	0.0	0.0	0.013269011032430073	0.0	0.0	0.0	0.0	0.0	0.07536905968558621	0.0	0.0	0.0	0.0	0.0	0.0	0.0	0.0	0.0	0.0	0.0	0.0	0.0
Syn.Breast-AdenoCA::S.30	0.19169512520659684	0.02461529045299404	0.0	0.0	0.1751637228979402	0.0	0.0	0.0	0.0	0.157905918570337	0.0	0.0	0.0	0.015343896191782705	0.0	0.0	0.0	0.0	0.0	0.0	0.03577491206073736	0.0	0.0	0.0	0.0	0.0	0.07752575207119922	0.0	0.0	0.0	0.0	0.0	0.13521433783798167	0.018998150493061968	0.0	0.0	0.0	0.0	0.0	0.0	0.011319765301721118	0.0	0.0	0.0	0.0	0.0117004806067439	0.14474264830890402	0.0	0.0	0.0	0.0	0.0	0.0	0.0	0.0	0.0	0.0	0.0	0.0	0.0
Syn.Breast-AdenoCA::S.31	0.360198096326634	0.02060475394008715	0.0	0.0	0.15519630307977608	0.0	0.0	0.0	0.0	0.11115354817342017	0.0	0.0	0.0	0.06910472209850493	0.0	0.0	0.0	0.0	0.0	0.0	0.0	0.0	0.0	0.0	0.0	0.0	0.0	0.0	0.0	0.18777520454210886	0.0	0.0	0.09596737183946881	0.0	0.0	0.0	0.0	0.0	0.0	0.0	0.0	0.0	0.0	0.0	0.0	0.0	0.0	0.0	0.0	0.0	0.0	0.0	0.0	0.0	0.0	0.0	0.0	0.0	0.0	0.0
Syn.Breast-AdenoCA::S.32	0.07248275281167806	0.022201670536986687	0.0	0.0	0.1379474442464783	0.0	0.0	0.0	0.0	0.013579883908016944	0.0	0.0	0.0	0.012217926705503571	0.16566777915594108	0.0	0.0	0.0	0.0	0.07191203571693654	0.0	0.0	0.0	0.0	0.0	0.0	0.0636415456824223	0.0	0.0	0.2692474197959442	0.0	0.0	0.16053294049228914	0.0	0.0	0.0	0.0	0.0	0.0	0.0	0.0	0.0	0.0	0.0	0.0	0.0	0.010568600947803106	0.0	0.0	0.0	0.0	0.0	0.0	0.0	0.0	0.0	0.0	0.0	0.0	0.0
Syn.Breast-AdenoCA::S.33	0.17158719339668008	0.0060374295879963595	0.026846055197894615	0.0	0.12397898364224003	0.0	0.0	0.0	0.0	0.0	0.0	0.0	0.0	0.2859610594099756	0.07334097316685059	0.0	0.0	0.016287397789774696	0.0	0.0	0.0	0.0	0.0	0.0	0.0	0.012006117525974585	0.0	0.0	0.0	0.073837092242749	0.0	0.0	0.11039455164370772	0.0	0.0	0.0	0.0	0.0	0.0	0.0	0.0	0.0	0.0	0.0	0.0	0.0	0.09972314639615648	0.0	0.0	0.0	0.0	0.0	0.0	0.0	0.0	0.0	0.0	0.0	0.0	0.0
Syn.Breast-AdenoCA::S.34	0.017811491984836503	0.0	0.0	0.0	0.14276531535146939	0.0	0.0	0.0	0.0	0.0	0.0	0.0	0.0	0.0	0.02276261985705944	0.0	0.0	0.0	0.0	0.0	0.02522067758645498	0.0	0.0	0.0	0.0	0.0	0.0	0.0	0.0	0.0	0.0	0.0	0.7595411707039303	0.013639274433307536	0.0	0.0	0.0	0.0	0.0	0.0	0.0	0.0	0.0	0.0	0.0	0.0	0.018259450082941713	0.0	0.0	0.0	0.0	0.0	0.0	0.0	0.0	0.0	0.0	0.0	0.0	0.0
Syn.Breast-AdenoCA::S.35	0.022238959544306984	0.0	0.0	0.0	0.11088347045608384	0.0	0.0	0.0	0.0	0.0	0.0	0.0	0.0	0.0	0.6132130331383192	0.0	0.0	0.0	0.0	0.0	0.0	0.0	0.0	0.0	0.0	0.0	0.0	0.0	0.0	0.0	0.0	0.0	0.25366453686129	0.0	0.0	0.0	0.0	0.0	0.0	0.0	0.0	0.0	0.0	0.0	0.0	0.0	0.0	0.0	0.0	0.0	0.0	0.0	0.0	0.0	0.0	0.0	0.0	0.0	0.0	0.0
Syn.Breast-AdenoCA::S.36	0.12797207479446882	0.0	0.0	0.0	0.10805189970127296	0.0	0.0	0.0	0.0	0.0	0.0	0.0	0.0	0.20927214923093124	0.0	0.0	0.0	0.021712363781445157	0.0	0.0	0.0	0.0	0.0	0.0	0.0	0.0	0.10744565447819829	0.0	0.0	0.14575930522101546	0.0	0.0	0.18631090107973228	0.0	0.0	0.0	0.0	0.0	0.0	0.0	0.0	0.0	0.0	0.0	0.0	0.09347565171293586	0.0	0.0	0.0	0.0	0.0	0.0	0.0	0.0	0.0	0.0	0.0	0.0	0.0	0.0
Syn.Breast-AdenoCA::S.37	0.06404857707815395	0.00560637885209038	0.0	0.0	0.13914153023614712	0.0	0.0	0.0	0.0	0.37058938332684677	0.0	0.0	0.0	0.019937567059156364	0.3185345355844174	0.0	0.0	0.0	0.0	0.0	0.0	0.0	0.0	0.0	0.0	0.0	0.0	0.0	0.0	0.0	0.0	0.0	0.0	0.0	0.0	0.0	0.0	0.0	0.0	0.0	0.0	0.0	0.0	0.0	0.0	0.08214202786318801	0.0	0.0	0.0	0.0	0.0	0.0	0.0	0.0	0.0	0.0	0.0	0.0	0.0	0.0
Syn.Breast-AdenoCA::S.38	0.10640494336355942	0.0	0.0	0.0	0.06504027146638854	0.0	0.0	0.0	0.0	0.0	0.0	0.0	0.0	0.10109276156069402	0.0	0.0	0.0	0.0	0.0	0.0	0.0	0.0	0.0	0.02090490071236705	0.0	0.0	0.06405209012476097	0.0	0.0	0.057974867159049634	0.0	0.0	0.32315527782973813	0.0	0.0	0.0	0.0	0.0	0.0	0.0	0.01102181332707387	0.0	0.0	0.0	0.0	0.09460570502583923	0.15574736943052914	0.0	0.0	0.0	0.0	0.0	0.0	0.0	0.0	0.0	0.0	0.0	0.0	0.0
Syn.Breast-AdenoCA::S.39	0.07657094030462151	0.2305897925572541	0.0	0.0	0.15151376191132807	0.0	0.0	0.0	0.0	0.0	0.0	0.0	0.0	0.24202550004093754	0.0	0.0	0.0	0.0	0.0	0.0	0.0	0.0	0.0	0.0	0.0	0.05685415489575161	0.05454998440281718	0.0	0.0	0.0	0.0	0.0	0.0	0.0	0.0	0.0	0.0	0.0	0.0	0.0	0.015559727246250427	0.0	0.0	0.0	0.0	0.1352098765001542	0.03712626214088532	0.0	0.0	0.0	0.0	0.0	0.0	0.0	0.0	0.0	0.0	0.0	0.0	0.0
Syn.Breast-AdenoCA::S.40	0.050372127974518226	0.0	0.0	0.0	0.07793978184741823	0.0	0.0	0.0	0.0	0.0	0.0	0.0	0.0	0.062110527479319735	0.0	0.0	0.0	0.0	0.0	0.0	0.055215781446113124	0.0	0.0	0.10446004725414375	0.0	0.0	0.09418668044116729	0.0	0.0	0.0	0.0	0.0	0.5407739213682116	0.014941132189108105	0.0	0.0	0.0	0.0	0.0	0.0	0.0	0.0	0.0	0.0	0.0	0.0	0.0	0.0	0.0	0.0	0.0	0.0	0.0	0.0	0.0	0.0	0.0	0.0	0.0	0.0
Syn.Breast-AdenoCA::S.41	0.11756891704971559	0.22082850858285236	0.0	0.0	0.16469365884398332	0.0	0.0	0.0	0.0	0.17437640276252	0.0	0.0	0.0	0.0	0.12321534296607915	0.0	0.0	0.0	0.0	0.0	0.0	0.0	0.0	0.0	0.0	0.0	0.03425381649457088	0.0	0.0	0.0	0.0	0.0	0.1342271269836322	0.0	0.0	0.0	0.0	0.0	0.0	0.0	0.0	0.0	0.0	0.0	0.0	0.0	0.030836226316646516	0.0	0.0	0.0	0.0	0.0	0.0	0.0	0.0	0.0	0.0	0.0	0.0	0.0
Syn.Breast-AdenoCA::S.42	0.09405159665871905	0.15232156867123883	0.16776213934627307	0.0	0.10983721822900486	0.0	0.0	0.0	0.0	0.0	0.0	0.0	0.0	0.0	0.1318134272918121	0.0	0.0	0.0	0.0	0.0	0.0	0.0	0.0	0.14330724874371034	0.0	0.0	0.024175212446737027	0.0	0.0	0.0	0.0	0.0	0.05756043737948173	0.0	0.0	0.0	0.0	0.0	0.0	0.0	0.0	0.0	0.0	0.0	0.0	0.0956307453836138	0.023540405849409172	0.0	0.0	0.0	0.0	0.0	0.0	0.0	0.0	0.0	0.0	0.0	0.0	0.0
Syn.Breast-AdenoCA::S.43	0.030492847395163575	0.002595943858774945	0.0	0.0	0.07275421183655503	0.0	0.0	0.0	0.0	0.0	0.0	0.0	0.0	0.0	0.2475761463106487	0.0	0.0	0.0	0.0	0.0	0.0	0.0	0.0	0.10467907592828493	0.0	0.0	0.0	0.0	0.0	0.1788239681057834	0.0	0.0	0.3630778065647895	0.0	0.0	0.0	0.0	0.0	0.0	0.0	0.0	0.0	0.0	0.0	0.0	0.0	0.0	0.0	0.0	0.0	0.0	0.0	0.0	0.0	0.0	0.0	0.0	0.0	0.0	0.0
Syn.Breast-AdenoCA::S.44	0.03939591190871355	0.0	0.009392097289921245	0.0	0.034794430304602504	0.0	0.0	0.0	0.0	0.3575845765028843	0.0	0.0	0.0	0.07727065197637235	0.0	0.0	0.0	0.0	0.0	0.0	0.0	0.0	0.0	0.0	0.0	0.0	0.06882936715352102	0.0	0.0	0.1515724227389364	0.0	0.0	0.25233355345303937	0.0	0.0	0.0	0.0	0.0	0.0	0.0	0.0	0.0	0.0	0.0	0.0	0.0	0.008826988672009282	0.0	0.0	0.0	0.0	0.0	0.0	0.0	0.0	0.0	0.0	0.0	0.0	0.0
Syn.Breast-AdenoCA::S.45	0.20146716153240954	0.08116782567668511	0.0	0.0	0.09054759282679731	0.0	0.0	0.0	0.0	0.04258445847475178	0.0	0.0	0.0	0.08378211106307033	0.0	0.0	0.0	0.0	0.0	0.0	0.09350000006032538	0.0	0.0	0.0	0.0	0.042484386728954805	0.020515065080187543	0.0	0.0	0.0	0.0	0.0	0.2416174582081818	0.0	0.0	0.0	0.0	0.0	0.0	0.0	0.08847639052865547	0.0	0.0	0.0	0.0	0.0	0.013857549819981036	0.0	0.0	0.0	0.0	0.0	0.0	0.0	0.0	0.0	0.0	0.0	0.0	0.0
Syn.Breast-AdenoCA::S.46	0.08910239414951378	0.0	0.0	0.0	0.08735572243093069	0.0	0.0	0.0	0.0	0.15132626851711806	0.0	0.0	0.0	0.14195491826168105	0.0	0.0	0.0	0.0	0.0	0.0	0.0	0.0	0.0	0.0	0.0	0.0	0.0	0.0	0.0	0.1366478959208018	0.0	0.0	0.038247515565749526	0.06758230906031007	0.0	0.0	0.0	0.0	0.0	0.0	0.0	0.0	0.0	0.0	0.0	0.2877829760938952	0.0	0.0	0.0	0.0	0.0	0.0	0.0	0.0	0.0	0.0	0.0	0.0	0.0	0.0
Syn.Breast-AdenoCA::S.47	0.027797368656404503	0.0	0.1647880421698035	0.0	0.14535899284796386	0.0	0.0	0.0	0.0	0.0	0.0	0.0	0.0	0.0	0.07776955229893621	0.0	0.0	0.0	0.0	0.0	0.05633825550279657	0.0	0.0	0.0	0.0	0.0	0.04195516533108826	0.0	0.0	0.0	0.0	0.0	0.08319801856925198	0.0	0.0	0.0	0.0	0.0	0.0	0.0	0.02546796298463277	0.0	0.0	0.0	0.0	0.35466281643256703	0.022663825206555573	0.0	0.0	0.0	0.0	0.0	0.0	0.0	0.0	0.0	0.0	0.0	0.0	0.0
Syn.Breast-AdenoCA::S.48	0.0887560589955952	0.06899027613419417	0.11546426490040558	0.0	0.07877184133519682	0.0	0.0	0.0	0.0	0.0	0.0	0.0	0.0	0.13605269312066434	0.07126625143099033	0.0	0.0	0.025577483601542418	0.0	0.0	0.07500505843952453	0.0	0.0	0.0	0.0	0.0	0.0515559813877261	0.0	0.0	0.0	0.0	0.0	0.28856009065416055	0.0	0.0	0.0	0.0	0.0	0.0	0.0	0.0	0.0	0.0	0.0	0.0	0.0	0.0	0.0	0.0	0.0	0.0	0.0	0.0	0.0	0.0	0.0	0.0	0.0	0.0	0.0
Syn.Breast-AdenoCA::S.49	0.08010418968226336	0.13596542660420483	0.0	0.0	0.12585938796926313	0.0	0.0	0.0	0.0	0.020220804570673146	0.0	0.0	0.0	0.10526551376430855	0.4224323011782744	0.0	0.0	0.0	0.0	0.0	0.0	0.0	0.0	0.0	0.0	0.0	0.0	0.0	0.0	0.0	0.0	0.0	0.11015237623101254	0.0	0.0	0.0	0.0	0.0	0.0	0.0	0.0	0.0	0.0	0.0	0.0	0.0	0.0	0.0	0.0	0.0	0.0	0.0	0.0	0.0	0.0	0.0	0.0	0.0	0.0	0.0
Syn.Breast-AdenoCA::S.50	0.04839921124166114	0.18716305689070278	0.0	0.0	0.16211703936891123	0.0	0.0	0.0	0.0	0.0	0.0	0.0	0.0	0.0	0.0	0.0	0.0	0.0	0.0	0.0	0.0	0.0	0.0	0.0	0.0	0.0	0.0	0.0	0.0	0.5579496491159524	0.0	0.0	0.0	0.0	0.0	0.0	0.0	0.0	0.0	0.0	0.0	0.0	0.0	0.0	0.0	0.0	0.04437104338277251	0.0	0.0	0.0	0.0	0.0	0.0	0.0	0.0	0.0	0.0	0.0	0.0	0.0
Syn.Breast-AdenoCA::S.51	0.08892292922596332	0.10990649483711672	0.0	0.0	0.133667629969666	0.0	0.0	0.0	0.0	0.12672861298173901	0.0	0.0	0.0	0.0	0.0	0.0	0.0	0.010431202755901233	0.0	0.0	0.0	0.0	0.0	0.0	0.0	0.010833512752061092	0.06106716985443121	0.0	0.0	0.1438864252206226	0.0	0.0	0.301860080289009	0.0	0.0	0.0	0.0	0.0	0.0	0.0	0.0	0.0	0.0	0.0	0.0	0.0	0.012695942113489771	0.0	0.0	0.0	0.0	0.0	0.0	0.0	0.0	0.0	0.0	0.0	0.0	0.0
Syn.Breast-AdenoCA::S.52	0.31296350404505113	0.0	0.024973981640231045	0.0	0.1645358600985714	0.0	0.0	0.0	0.0	0.0	0.0	0.0	0.0	0.020491470787530823	0.0	0.0	0.0	0.0	0.0	0.0	0.0	0.0	0.0	0.04193763324846327	0.0	0.0	0.0	0.0	0.0	0.0	0.0	0.0	0.10291314100615757	0.029504316067363416	0.0	0.0	0.0	0.0	0.0	0.0	0.0	0.0	0.0	0.0	0.0	0.3026800931066314	0.0	0.0	0.0	0.0	0.0	0.0	0.0	0.0	0.0	0.0	0.0	0.0	0.0	0.0
Syn.Breast-AdenoCA::S.53	0.01710858384530707	0.0	0.0	0.0	0.055373292060370616	0.0	0.0	0.0	0.0	0.0433405565455813	0.0	0.0	0.0	0.0	0.884177567548741	0.0	0.0	0.0	0.0	0.0	0.0	0.0	0.0	0.0	0.0	0.0	0.0	0.0	0.0	0.0	0.0	0.0	0.0	0.0	0.0	0.0	0.0	0.0	0.0	0.0	0.0	0.0	0.0	0.0	0.0	0.0	0.0	0.0	0.0	0.0	0.0	0.0	0.0	0.0	0.0	0.0	0.0	0.0	0.0	0.0
Syn.Breast-AdenoCA::S.54	0.10052748383954849	0.009296750174123214	0.0	0.0	0.07647026018869633	0.0	0.0	0.0	0.0	0.05509205746465234	0.0	0.0	0.0	0.13817535883262158	0.0	0.0	0.0	0.0	0.0	0.02053008053420795	0.04626837831497056	0.0	0.0	0.0	0.0	0.0	0.047206362246620955	0.0	0.0	0.15421724859318975	0.0	0.0	0.08273458882278313	0.0	0.0	0.0	0.0	0.0	0.0	0.0	0.0	0.0	0.0	0.0	0.0	0.21688641006843418	0.052595020920151406	0.0	0.0	0.0	0.0	0.0	0.0	0.0	0.0	0.0	0.0	0.0	0.0	0.0
Syn.Breast-AdenoCA::S.55	0.10639578640607439	0.12067935519591651	0.0	0.0	0.1061164780111709	0.0	0.0	0.0	0.0	0.18122036616154572	0.0	0.0	0.0	0.07888150004574607	0.0	0.0	0.0	0.0	0.0	0.0	0.0	0.0	0.0	0.04600563011628708	0.0	0.0	0.0	0.0	0.0	0.0	0.0	0.0	0.3317199396186476	0.014038494412295073	0.0	0.0	0.0	0.0	0.0	0.0	0.014942450032316831	0.0	0.0	0.0	0.0	0.0	0.0	0.0	0.0	0.0	0.0	0.0	0.0	0.0	0.0	0.0	0.0	0.0	0.0	0.0
Syn.Breast-AdenoCA::S.56	0.12825377800304247	0.00938580933868351	0.0	0.0	0.16139680732764602	0.0	0.0	0.0	0.0	0.0	0.0	0.0	0.0	0.19751782839488013	0.01371156843333709	0.0	0.0	0.0	0.0	0.0	0.0	0.0	0.0	0.0	0.0	0.0	0.039084794660192775	0.0	0.0	0.04636764034112898	0.0	0.0	0.07604000552326876	0.0	0.0	0.0	0.0	0.0	0.0	0.0	0.0	0.0	0.0	0.0	0.0	0.03533941627260373	0.05343819819932693	0.23946415350588973	0.0	0.0	0.0	0.0	0.0	0.0	0.0	0.0	0.0	0.0	0.0	0.0
Syn.Breast-AdenoCA::S.57	0.03537159512347597	0.0	0.20683700022193569	0.0	0.08462870520714355	0.0	0.0	0.0	0.0	0.05593646439364561	0.0	0.0	0.0	0.0	0.16193645364783754	0.0	0.0	0.0	0.0	0.0	0.0	0.0	0.0	0.0	0.0	0.0	0.0	0.0	0.0	0.009134638143851397	0.0	0.0	0.44615514326211025	0.0	0.0	0.0	0.0	0.0	0.0	0.0	0.0	0.0	0.0	0.0	0.0	0.0	0.0	0.0	0.0	0.0	0.0	0.0	0.0	0.0	0.0	0.0	0.0	0.0	0.0	0.0
Syn.Breast-AdenoCA::S.58	0.12385015880953908	0.0797431973297584	0.0	0.0	0.07669561271383546	0.0	0.0	0.0	0.0	0.06900314946318156	0.0	0.0	0.0	0.15689194815340518	0.0	0.0	0.0	0.0	0.0	0.02435209067832245	0.23248833691464968	0.0	0.0	0.0	0.0	0.0	0.0	0.0	0.0	0.0	0.0	0.0	0.0	0.0	0.0	0.0	0.0	0.0	0.0	0.0	0.014631510193204847	0.0	0.0	0.0	0.0	0.12318417047783485	0.09915982526626864	0.0	0.0	0.0	0.0	0.0	0.0	0.0	0.0	0.0	0.0	0.0	0.0	0.0
Syn.Breast-AdenoCA::S.59	0.1912510965311216	0.0	0.0	0.0	0.0932124622721926	0.0	0.0	0.0	0.0	0.011492757038905104	0.0	0.0	0.0	0.016803656334015746	0.050152414532366754	0.0	0.0	0.0	0.0	0.0	0.07074691460810535	0.0	0.0	0.07540533234638236	0.0	0.0	0.0	0.0	0.0	0.05224447086204474	0.0	0.0	0.18514424906858024	0.0	0.0	0.0	0.0	0.0	0.0	0.0	0.0	0.0	0.0	0.0	0.0	0.17160892548940393	0.08193772091688159	0.0	0.0	0.0	0.0	0.0	0.0	0.0	0.0	0.0	0.0	0.0	0.0	0.0
Syn.Breast-AdenoCA::S.60	0.12395531586265263	0.005368469027199247	0.0	0.0	0.17362310495686867	0.0	0.0	0.0	0.0	0.15951101195129186	0.0	0.0	0.0	0.1427667755993541	0.019923837145963467	0.0	0.0	0.0	0.0	0.0	0.033408117002723	0.0	0.0	0.0	0.0	0.0	0.0	0.0	0.0	0.21574365863190018	0.0	0.0	0.0	0.0	0.0	0.0	0.0	0.0	0.0	0.0	0.018080517447433	0.0	0.0	0.0	0.0	0.0	0.1076191923746139	0.0	0.0	0.0	0.0	0.0	0.0	0.0	0.0	0.0	0.0	0.0	0.0	0.0
Syn.Breast-AdenoCA::S.61	0.04496063532783064	0.05650898580101248	0.0	0.0	0.08574059508028017	0.0	0.0	0.0	0.0	0.3522106465888942	0.0	0.0	0.0	0.012699046706109083	0.0	0.0	0.0	0.0	0.0	0.0	0.07202685512761248	0.0	0.0	0.0	0.0	0.0	0.0	0.0	0.0	0.0	0.0	0.0	0.2163778873524092	0.0	0.0	0.0	0.0	0.0	0.0	0.0	0.0	0.0	0.0	0.0	0.0	0.15947534801585173	0.0	0.0	0.0	0.0	0.0	0.0	0.0	0.0	0.0	0.0	0.0	0.0	0.0	0.0
Syn.Breast-AdenoCA::S.62	0.06009711321469319	0.0	0.0	0.0	0.05280854649194147	0.0	0.0	0.0	0.0	0.43767931773745017	0.0	0.0	0.0	0.0	0.061708002087008364	0.0	0.0	0.0	0.0	0.006831184118290338	0.06406297287646473	0.0	0.0	0.0	0.0	0.13869116326076136	0.07721723632855527	0.0	0.0	0.023623488499001866	0.0	0.0	0.0	0.0	0.0	0.0	0.0	0.0	0.0	0.0	0.0	0.0	0.0	0.0	0.0	0.0	0.07728097538583319	0.0	0.0	0.0	0.0	0.0	0.0	0.0	0.0	0.0	0.0	0.0	0.0	0.0
Syn.Breast-AdenoCA::S.63	0.1006857260428924	0.0	0.0	0.0	0.042845041910557054	0.0	0.0	0.0	0.0	0.013275786912506617	0.0	0.0	0.0	0.09196103776361812	0.0	0.0	0.0	0.0	0.0	0.0	0.06998801818002666	0.0	0.0	0.0	0.0	0.0	0.028790203508159348	0.0	0.0	0.05687068003118224	0.0	0.0	0.2137511433475046	0.0	0.0	0.0	0.0	0.0	0.0	0.0	0.07784073997429566	0.0	0.0	0.0	0.0	0.2076578453421629	0.09633377698709451	0.0	0.0	0.0	0.0	0.0	0.0	0.0	0.0	0.0	0.0	0.0	0.0	0.0
Syn.Breast-AdenoCA::S.64	0.0949617570831302	0.021598839915055294	0.0	0.0	0.08218999017042664	0.0	0.0	0.0	0.0	0.011373288672433852	0.0	0.0	0.0	0.08849460629650838	0.11673033076722718	0.0	0.0	0.0	0.0	0.0	0.07842976130090355	0.0	0.0	0.0	0.0	0.0	0.08206165966943826	0.0	0.0	0.30330643829625653	0.0	0.0	0.02649582804250435	0.0	0.0	0.0	0.0	0.0	0.0	0.0	0.09435749978611575	0.0	0.0	0.0	0.0	0.0	0.0	0.0	0.0	0.0	0.0	0.0	0.0	0.0	0.0	0.0	0.0	0.0	0.0	0.0
Syn.Breast-AdenoCA::S.65	0.025388057565890843	0.34370892202633074	0.0	0.0	0.12021278471777372	0.0	0.0	0.0	0.0	0.0	0.0	0.0	0.0	0.0	0.008913110005264234	0.0	0.0	0.0	0.0	0.0	0.0	0.0	0.0	0.0	0.0	0.0	0.0	0.0	0.0	0.0	0.0	0.0	0.44255406894109195	0.0	0.0	0.0	0.0	0.0	0.0	0.0	0.0	0.0	0.0	0.0	0.0	0.059223056743648486	0.0	0.0	0.0	0.0	0.0	0.0	0.0	0.0	0.0	0.0	0.0	0.0	0.0	0.0
Syn.Breast-AdenoCA::S.66	0.0627188077610352	0.004794767350609901	0.0	0.0	0.15940502077983926	0.0	0.0	0.0	0.0	0.19658757292337	0.0	0.0	0.0	0.18228321069325018	0.07506638734403259	0.0	0.0	0.0	0.0	0.0	0.0	0.0	0.0	0.04455203037080836	0.0	0.0	0.0	0.0	0.0	0.024116471265854797	0.0	0.0	0.21090519834528637	0.0	0.0	0.0	0.0	0.0	0.0	0.0	0.0	0.0	0.0	0.0	0.0	0.02635766967711985	0.013212863488793605	0.0	0.0	0.0	0.0	0.0	0.0	0.0	0.0	0.0	0.0	0.0	0.0	0.0
Syn.Breast-AdenoCA::S.67	0.051089152657420804	0.08200103200014706	0.0	0.0	0.09954395742242925	0.0	0.0	0.0	0.0	0.07548832546823904	0.0	0.0	0.0	0.044046053987365295	0.0	0.0	0.0	0.0	0.0	0.0	0.0	0.0	0.0	0.0	0.0	0.0	0.0	0.0	0.0	0.0	0.0	0.0	0.6343701905720983	0.0	0.0	0.0	0.0	0.0	0.0	0.0	0.0	0.0	0.0	0.0	0.0	0.013461287892300224	0.0	0.0	0.0	0.0	0.0	0.0	0.0	0.0	0.0	0.0	0.0	0.0	0.0	0.0
Syn.Breast-AdenoCA::S.68	0.06460373261199559	0.0	0.1835350117861779	0.0	0.12810083766864178	0.0	0.0	0.0	0.0	0.0	0.0	0.0	0.0	0.0	0.2373527371105712	0.0	0.0	0.0	0.0	0.0	0.0	0.0	0.0	0.0	0.0	0.05806529479860287	0.0	0.0	0.0	0.0	0.0	0.0	0.039571396659473124	0.0	0.0	0.0	0.0	0.0	0.0	0.0	0.0	0.0	0.0	0.0	0.0	0.16595898278095267	0.08256009831761005	0.04025190826597475	0.0	0.0	0.0	0.0	0.0	0.0	0.0	0.0	0.0	0.0	0.0	0.0
Syn.Breast-AdenoCA::S.69	0.060042351427574206	0.0	0.3088839414658834	0.0	0.0919583838742722	0.0	0.0	0.0	0.0	0.32505723897895755	0.0	0.0	0.0	0.010971355879066782	0.1254220865352294	0.0	0.0	0.0	0.0	0.0	0.050036692016725455	0.0	0.0	0.0	0.0	0.0	0.0	0.0	0.0	0.01661609970933822	0.0	0.0	0.011011850112952647	0.0	0.0	0.0	0.0	0.0	0.0	0.0	0.0	0.0	0.0	0.0	0.0	0.0	0.0	0.0	0.0	0.0	0.0	0.0	0.0	0.0	0.0	0.0	0.0	0.0	0.0	0.0
Syn.Breast-AdenoCA::S.70	0.17854419012429884	0.0	0.012321923009276073	0.0	0.07859601188934592	0.0	0.0	0.0	0.0	0.14654367331521928	0.0	0.0	0.0	0.12250970570239797	0.0	0.0	0.0	0.0	0.0	0.019668216972611667	0.060403186467661824	0.0	0.0	0.0	0.0	0.0	0.0	0.0	0.0	0.08674191133780468	0.0	0.0	0.1162086106201112	0.012529318305074337	0.0	0.0	0.0	0.0	0.0	0.0	0.08246760949585696	0.0	0.0	0.0	0.0	0.0834656427603413	0.0	0.0	0.0	0.0	0.0	0.0	0.0	0.0	0.0	0.0	0.0	0.0	0.0	0.0
Syn.Breast-AdenoCA::S.71	0.07847780669426718	0.059638997916580054	0.0	0.0	0.09597519681501278	0.0	0.0	0.0	0.0	0.0	0.0	0.0	0.0	0.04779670867919557	0.012312043456735483	0.0	0.0	0.0	0.0	0.0	0.0	0.0	0.0	0.0	0.0	0.0	0.0	0.0	0.0	0.1110203808929075	0.0	0.0	0.47898435845559295	0.01190547575646189	0.0	0.0	0.0	0.0	0.0	0.0	0.0	0.0	0.0	0.0	0.0	0.10388903133324684	0.0	0.0	0.0	0.0	0.0	0.0	0.0	0.0	0.0	0.0	0.0	0.0	0.0	0.0
Syn.Breast-AdenoCA::S.72	0.07663452591337022	0.09988779345417514	0.0	0.0	0.07565085502473591	0.0	0.0	0.0	0.0	0.0	0.0	0.0	0.0	0.23606594736577058	0.030470667487228105	0.0	0.0	0.0	0.0	0.0	0.0	0.0	0.0	0.0	0.0	0.0	0.0	0.0	0.0	0.08343094128888967	0.0	0.0	0.2665637537375647	0.0	0.0	0.0	0.0	0.0	0.0	0.0	0.0	0.0	0.0	0.0	0.0	0.13129551572826567	0.0	0.0	0.0	0.0	0.0	0.0	0.0	0.0	0.0	0.0	0.0	0.0	0.0	0.0
Syn.Breast-AdenoCA::S.73	0.08331685092780296	0.0	0.09425261426834261	0.0	0.04490441810195799	0.0	0.0	0.0	0.0	0.22077941337953746	0.0	0.0	0.0	0.18759359738482484	0.0	0.0	0.0	0.027023972900601444	0.0	0.0	0.0	0.0	0.0	0.0	0.0	0.0	0.04844997115156277	0.0	0.0	0.13087514938327766	0.0	0.0	0.08439476534385881	0.0	0.0	0.0	0.0	0.0	0.0	0.0	0.0	0.0	0.0	0.0	0.0	0.07840924715823323	0.0	0.0	0.0	0.0	0.0	0.0	0.0	0.0	0.0	0.0	0.0	0.0	0.0	0.0
Syn.Breast-AdenoCA::S.74	0.06250007428921776	0.0758675328905484	0.0	0.0	0.08000761831639058	0.0	0.0	0.0	0.0	0.10670530147310929	0.0	0.0	0.0	0.06827589506801103	0.004698537252462755	0.0	0.0	0.0	0.0	0.0	0.0	0.0	0.0	0.0	0.0	0.0	0.0	0.0	0.0	0.1014881651215634	0.0	0.0	0.500456875588697	0.0	0.0	0.0	0.0	0.0	0.0	0.0	0.0	0.0	0.0	0.0	0.0	0.0	0.0	0.0	0.0	0.0	0.0	0.0	0.0	0.0	0.0	0.0	0.0	0.0	0.0	0.0
Syn.Breast-AdenoCA::S.75	0.13027034836308707	0.01999168347634525	0.00840282935763813	0.0	0.08165338381086738	0.0	0.0	0.0	0.0	0.0	0.0	0.0	0.0	0.05257188068956099	0.19972668278742986	0.0	0.0	0.0	0.0	0.0	0.0	0.0	0.0	0.0	0.0	0.0	0.10312512540108944	0.0	0.0	0.0	0.0	0.0	0.0	0.0	0.0	0.0	0.0	0.0	0.0	0.0	0.10362319776577697	0.0	0.0	0.0	0.0	0.11573898378751475	0.18489588456068998	0.0	0.0	0.0	0.0	0.0	0.0	0.0	0.0	0.0	0.0	0.0	0.0	0.0
Syn.Breast-AdenoCA::S.76	0.04712325498792141	0.11157542594456797	0.0	0.0	0.07711594717931838	0.0	0.0	0.0	0.0	0.0	0.0	0.0	0.0	0.06501204953343502	0.0	0.0	0.0	0.0	0.0	0.11071390323077175	0.0969943165660384	0.0	0.0	0.0	0.0	0.0	0.0	0.0	0.0	0.0	0.0	0.0	0.17641211286459305	0.01763977646747188	0.0	0.0	0.0	0.0	0.0	0.0	0.0	0.0	0.0	0.0	0.0	0.18125412526751536	0.08441267912272207	0.03174640883564487	0.0	0.0	0.0	0.0	0.0	0.0	0.0	0.0	0.0	0.0	0.0	0.0
Syn.Breast-AdenoCA::S.77	0.2134558992466101	0.09057135639640752	0.0	0.0	0.07538222634392305	0.0	0.0	0.0	0.0	0.0	0.0	0.0	0.0	0.0	0.22184216978627058	0.0	0.0	0.0	0.0	0.0	0.0	0.0	0.0	0.03422708777904285	0.0	0.0	0.0	0.0	0.0	0.0	0.0	0.0	0.2758646226498067	0.0	0.0	0.0	0.0	0.0	0.0	0.0	0.0	0.0	0.0	0.0	0.0	0.0	0.08865663779793914	0.0	0.0	0.0	0.0	0.0	0.0	0.0	0.0	0.0	0.0	0.0	0.0	0.0
Syn.Breast-AdenoCA::S.78	0.04639659591503494	0.17972276709055734	0.0	0.0	0.1892009155141175	0.0	0.0	0.0	0.0	0.0	0.0	0.0	0.0	0.052491342175301686	0.07200195349254691	0.0	0.0	0.04873808328497778	0.0	0.0	0.0	0.0	0.0	0.0	0.0	0.0	0.043077445444785686	0.0	0.0	0.010816341440505197	0.0	0.0	0.3431720769802585	0.0	0.0	0.0	0.0	0.0	0.0	0.0	0.0	0.0	0.0	0.0	0.0	0.0	0.014382478661914546	0.0	0.0	0.0	0.0	0.0	0.0	0.0	0.0	0.0	0.0	0.0	0.0	0.0
Syn.Breast-AdenoCA::S.79	0.0707022459582142	0.1708514889489801	0.0	0.0	0.07534824038215802	0.0	0.0	0.0	0.0	0.0	0.0	0.0	0.0	0.058296766720353145	0.0	0.0	0.0	0.0	0.0	0.0	0.09020424127007698	0.0	0.0	0.0	0.0	0.0	0.14844632425606344	0.0	0.0	0.0	0.0	0.0	0.2639816424168847	0.012649021223895567	0.0	0.0	0.0	0.0	0.0	0.0	0.012583077469460175	0.0	0.0	0.0	0.0	0.011203889223808225	0.08573306213010547	0.0	0.0	0.0	0.0	0.0	0.0	0.0	0.0	0.0	0.0	0.0	0.0	0.0
Syn.Breast-AdenoCA::S.80	0.0995070941924144	0.0	0.1736520628685749	0.0	0.13401370450191993	0.0	0.0	0.0	0.0	0.01149611750042038	0.0	0.0	0.0	0.14843572229244736	0.0	0.0	0.0	0.0	0.0	0.0	0.0	0.0	0.0	0.0	0.0	0.0	0.0	0.0	0.0	0.01539135039086371	0.0	0.0	0.3958301041198529	0.0	0.0	0.0	0.0	0.0	0.0	0.0	0.011507811157386895	0.0	0.0	0.0	0.0	0.010166032976119479	0.0	0.0	0.0	0.0	0.0	0.0	0.0	0.0	0.0	0.0	0.0	0.0	0.0	0.0
Syn.Breast-AdenoCA::S.81	0.1110818215763904	0.0	0.12583846349874436	0.0	0.11754986273494951	0.0	0.0	0.0	0.0	0.0	0.0	0.0	0.0	0.026309388012805544	0.0	0.0	0.0	0.0	0.0	0.0	0.0	0.0	0.0	0.0	0.0	0.0	0.14495679285628468	0.0	0.0	0.3408194091446925	0.0	0.0	0.09081035994550005	0.0	0.0	0.0	0.0	0.0	0.0	0.0	0.0	0.0	0.0	0.0	0.0	0.0	0.042633902230632924	0.0	0.0	0.0	0.0	0.0	0.0	0.0	0.0	0.0	0.0	0.0	0.0	0.0
Syn.Breast-AdenoCA::S.82	0.058343377171848405	0.0038383734311880414	0.0	0.0	0.12004159178842697	0.0	0.0	0.0	0.0	0.17819902630555073	0.0	0.0	0.0	0.14457639500941574	0.21234545171893288	0.0	0.0	0.0	0.0	0.0	0.0	0.0	0.0	0.0	0.0	0.0	0.009704742833698604	0.0	0.0	0.01755372372422131	0.0	0.0	0.23645509008122687	0.0	0.0	0.0	0.0	0.0	0.0	0.0	0.009800821304548185	0.0	0.0	0.0	0.0	0.0	0.009141406630942327	0.0	0.0	0.0	0.0	0.0	0.0	0.0	0.0	0.0	0.0	0.0	0.0	0.0
Syn.Breast-AdenoCA::S.83	0.14396368664926104	0.09572729676614376	0.0	0.0	0.11023464163159744	0.0	0.0	0.0	0.0	0.09777849029026417	0.0	0.0	0.0	0.0	0.1283416381786279	0.0	0.0	0.0	0.0	0.0	0.07153400740143498	0.0	0.0	0.0	0.0	0.011518380082518771	0.0	0.0	0.0	0.0	0.0	0.0	0.31807001579495287	0.0	0.0	0.0	0.0	0.0	0.0	0.0	0.0	0.0	0.0	0.0	0.0	0.0	0.02283184320519894	0.0	0.0	0.0	0.0	0.0	0.0	0.0	0.0	0.0	0.0	0.0	0.0	0.0
Syn.Breast-AdenoCA::S.84	0.11326188844246346	0.0028544462166035602	0.0	0.0	0.10791612736078826	0.0	0.0	0.0	0.0	0.1915391021483579	0.0	0.0	0.0	0.1622748203474754	0.10097264794280063	0.0	0.0	0.0	0.0	0.0	0.0	0.0	0.0	0.0	0.0	0.0	0.05473767102696491	0.0	0.0	0.01459080196047471	0.0	0.0	0.22318973266939648	0.0	0.0	0.0	0.0	0.0	0.0	0.0	0.0	0.0	0.0	0.0	0.0	0.010945507323884156	0.009392265928500915	0.008324988632289507	0.0	0.0	0.0	0.0	0.0	0.0	0.0	0.0	0.0	0.0	0.0	0.0
Syn.Breast-AdenoCA::S.85	0.06710012246772361	0.1024035762047554	0.0	0.0	0.10370220337896921	0.0	0.0	0.0	0.0	0.06166302802515918	0.0	0.0	0.0	0.14977711453271084	0.005420923115861505	0.0	0.0	0.0	0.0	0.0	0.0	0.0	0.0	0.0	0.0	0.0	0.0	0.0	0.0	0.0	0.0	0.0	0.13779370384857326	0.015227194098097193	0.0	0.0	0.0	0.0	0.0	0.0	0.19860764123286867	0.0	0.0	0.0	0.0	0.07292878150418818	0.08537571159109306	0.0	0.0	0.0	0.0	0.0	0.0	0.0	0.0	0.0	0.0	0.0	0.0	0.0
Syn.Breast-AdenoCA::S.86	0.017691654835082293	0.0	0.0	0.0	0.1491156814789736	0.0	0.0	0.0	0.0	0.014966146394053498	0.0	0.0	0.0	0.05684313179002807	0.0	0.0	0.0	0.0	0.0	0.0	0.0	0.0	0.0	0.0	0.0	0.02328743882053722	0.0	0.0	0.0	0.01949764689866817	0.0	0.0	0.5594861572765741	0.0	0.0	0.0	0.0	0.0	0.0	0.0	0.0	0.0	0.0	0.0	0.0	0.14760180720132846	0.011510335304754465	0.0	0.0	0.0	0.0	0.0	0.0	0.0	0.0	0.0	0.0	0.0	0.0	0.0
Syn.Breast-AdenoCA::S.87	0.14062735618352282	0.029349445657001753	0.0	0.0	0.1758164477501071	0.0	0.0	0.0	0.0	0.0	0.0	0.0	0.0	0.10427443390779995	0.0	0.0	0.0	0.0	0.0	0.0	0.04551104249197134	0.0	0.0	0.0	0.0	0.0	0.09030397571571498	0.0	0.0	0.17157677330974672	0.0	0.0	0.2425405249841352	0.0	0.0	0.0	0.0	0.0	0.0	0.0	0.0	0.0	0.0	0.0	0.0	0.0	0.0	0.0	0.0	0.0	0.0	0.0	0.0	0.0	0.0	0.0	0.0	0.0	0.0	0.0
Syn.Breast-AdenoCA::S.88	0.11130231034507818	0.0	0.0	0.0	0.07266727062934666	0.0	0.0	0.0	0.0	0.0	0.0	0.0	0.0	0.10769645657659771	0.0	0.0	0.0	0.0	0.0	0.0	0.0952666395160887	0.0	0.0	0.04461407647493324	0.0	0.0	0.04743792794925667	0.0	0.0	0.0	0.0	0.0	0.24322574795191157	0.0	0.0	0.0	0.0	0.0	0.0	0.0	0.012994812863919911	0.0	0.0	0.0	0.0	0.09630359773925092	0.1684911599536165	0.0	0.0	0.0	0.0	0.0	0.0	0.0	0.0	0.0	0.0	0.0	0.0	0.0
Syn.Breast-AdenoCA::S.89	0.06403157670286998	0.0	0.08193036328205566	0.0	0.08511612449109557	0.0	0.0	0.0	0.0	0.2199124160018205	0.0	0.0	0.0	0.028569933774439532	0.0	0.0	0.0	0.04453015060611331	0.0	0.0	0.0	0.0	0.0	0.06099638376081473	0.0	0.0662536386740894	0.04746804138907296	0.0	0.0	0.07517541741072885	0.0	0.0	0.022555890352256188	0.0	0.0	0.0	0.0	0.0	0.0	0.0	0.0	0.0	0.0	0.0	0.0	0.20346006355464338	0.0	0.0	0.0	0.0	0.0	0.0	0.0	0.0	0.0	0.0	0.0	0.0	0.0	0.0
Syn.Breast-AdenoCA::S.90	0.039156299283351806	0.0	0.0	0.0	0.12985599570549392	0.0	0.0	0.0	0.0	0.0	0.0	0.0	0.0	0.0	0.6192912134322744	0.0	0.0	0.0	0.0	0.0	0.05316974465373416	0.0	0.0	0.0	0.0	0.0	0.0	0.0	0.0	0.0	0.0	0.0	0.09847642970165527	0.0	0.0	0.0	0.0	0.0	0.0	0.0	0.0	0.0	0.0	0.0	0.0	0.0	0.06005031722349038	0.0	0.0	0.0	0.0	0.0	0.0	0.0	0.0	0.0	0.0	0.0	0.0	0.0
Syn.Breast-AdenoCA::S.91	0.10450038250540905	0.11285645390631241	0.0	0.0	0.22133177688621974	0.0	0.0	0.0	0.0	0.0	0.0	0.0	0.0	0.033283567623618386	0.11609269754775767	0.0	0.0	0.035257382249602065	0.0	0.0	0.01622099039911545	0.0	0.0	0.0	0.0	0.0	0.047549062535047426	0.0	0.0	0.009317463410809046	0.0	0.0	0.2731065747944681	0.03048364814164078	0.0	0.0	0.0	0.0	0.0	0.0	0.0	0.0	0.0	0.0	0.0	0.0	0.0	0.0	0.0	0.0	0.0	0.0	0.0	0.0	0.0	0.0	0.0	0.0	0.0	0.0
Syn.Breast-AdenoCA::S.92	0.11233646832617229	0.08450460437079854	0.017714042422707344	0.0	0.09962038750972396	0.0	0.0	0.0	0.0	0.0	0.0	0.0	0.0	0.12581268851046634	0.07095663076771799	0.0	0.0	0.02471081494456623	0.0	0.0	0.0	0.0	0.0	0.0	0.0	0.0	0.0	0.0	0.0	0.12756654256236688	0.0	0.0	0.2575411508394947	0.0	0.0	0.0	0.0	0.0	0.0	0.0	0.0	0.0	0.0	0.0	0.0	0.0792366697459857	0.0	0.0	0.0	0.0	0.0	0.0	0.0	0.0	0.0	0.0	0.0	0.0	0.0	0.0
Syn.Breast-AdenoCA::S.93	0.07754661547808604	0.12186907324995597	0.0	0.0	0.0949698652128141	0.0	0.0	0.0	0.0	0.25469191719338263	0.0	0.0	0.0	0.17539786450173014	0.0	0.0	0.0	0.0	0.0	0.0	0.0	0.0	0.0	0.0	0.0	0.0	0.0	0.0	0.0	0.01004424089980098	0.0	0.0	0.2243282973377051	0.02150662130873702	0.0	0.0	0.0	0.0	0.0	0.0	0.01964550481778807	0.0	0.0	0.0	0.0	0.0	0.0	0.0	0.0	0.0	0.0	0.0	0.0	0.0	0.0	0.0	0.0	0.0	0.0	0.0
Syn.Breast-AdenoCA::S.94	0.10353008007819679	0.031048620860338244	0.0	0.0	0.12807409256926733	0.0	0.0	0.0	0.0	0.0	0.0	0.0	0.0	0.0	0.10053349415988092	0.0	0.0	0.0808858495091346	0.0	0.0	0.0	0.0	0.0	0.0	0.0	0.011499131595327535	0.14675524246273353	0.0	0.0	0.07222656353553086	0.0	0.0	0.0	0.0	0.0	0.0	0.0	0.0	0.0	0.0	0.0	0.0	0.0	0.0	0.0	0.29048296769595044	0.018828870061462867	0.01613508747217668	0.0	0.0	0.0	0.0	0.0	0.0	0.0	0.0	0.0	0.0	0.0	0.0
Syn.Breast-AdenoCA::S.95	0.06250992336563564	0.08922948806365132	0.0	0.0	0.10712713153282895	0.0	0.0	0.0	0.0	0.47628919752619875	0.0	0.0	0.0	0.08501701623074877	0.0059552636331736	0.0	0.0	0.0	0.0	0.0	0.0	0.0	0.0	0.0	0.0	0.0	0.0	0.0	0.0	0.0	0.0	0.0	0.0	0.021319138952806318	0.0	0.0	0.0	0.0	0.0	0.0	0.13583781148259857	0.0	0.0	0.0	0.0	0.0	0.016715029212358012	0.0	0.0	0.0	0.0	0.0	0.0	0.0	0.0	0.0	0.0	0.0	0.0	0.0
Syn.Breast-AdenoCA::S.96	0.07555873816161096	0.09421471020238287	0.0	0.0	0.09345052120219613	0.0	0.0	0.0	0.0	0.18545894983600356	0.0	0.0	0.0	0.1285763253061562	0.0	0.0	0.0	0.0	0.0	0.0	0.011183667595209905	0.0	0.0	0.07301495948350391	0.0	0.013768303459888578	0.0	0.0	0.0	0.06002734407089749	0.0	0.0	0.06206828530330925	0.10465488190512662	0.0	0.0	0.0	0.0	0.0	0.0	0.014687614200231515	0.0	0.0	0.0	0.0	0.083335699273483	0.0	0.0	0.0	0.0	0.0	0.0	0.0	0.0	0.0	0.0	0.0	0.0	0.0	0.0
Syn.Breast-AdenoCA::S.97	0.3228852305342844	0.018543734065422476	0.0	0.0	0.16607669107038997	0.0	0.0	0.0	0.0	0.05671073073013577	0.0	0.0	0.0	0.0	0.0	0.0	0.0	0.0	0.0	0.0	0.0	0.0	0.0	0.0	0.0	0.09756701935964202	0.0	0.0	0.0	0.009329860708303935	0.0	0.0	0.18070444220329723	0.0	0.0	0.0	0.0	0.0	0.0	0.0	0.0	0.0	0.0	0.0	0.0	0.0	0.1481822913285241	0.0	0.0	0.0	0.0	0.0	0.0	0.0	0.0	0.0	0.0	0.0	0.0	0.0
Syn.Breast-AdenoCA::S.98	0.10675228541478836	0.0	0.0	0.0	0.07692757725681224	0.0	0.0	0.0	0.0	0.20969560900481482	0.0	0.0	0.0	0.0	0.0	0.0	0.0	0.0	0.0	0.0	0.0	0.0	0.0	0.0	0.0	0.0	0.0	0.0	0.0	0.07890052719248604	0.0	0.0	0.27140259445693976	0.0	0.0	0.0	0.0	0.0	0.0	0.0	0.07583362048003357	0.0	0.0	0.0	0.0	0.18048778619412523	0.0	0.0	0.0	0.0	0.0	0.0	0.0	0.0	0.0	0.0	0.0	0.0	0.0	0.0
Syn.Breast-AdenoCA::S.99	0.08288500482410828	0.0	0.21593327569181983	0.0	0.09219477794541456	0.0	0.0	0.0	0.0	0.041454898619122896	0.0	0.0	0.0	0.17833978240239237	0.0	0.0	0.0	0.0	0.0	0.0	0.07950227191220066	0.0	0.0	0.0	0.0	0.007461732876606291	0.012443563540405123	0.0	0.0	0.02036406486148711	0.0	0.0	0.269420627326443	0.0	0.0	0.0	0.0	0.0	0.0	0.0	0.0	0.0	0.0	0.0	0.0	0.0	0.0	0.0	0.0	0.0	0.0	0.0	0.0	0.0	0.0	0.0	0.0	0.0	0.0	0.0
Syn.Breast-AdenoCA::S.100	0.07567025876870287	0.12199991160081586	0.0	0.0	0.11989737412314073	0.0	0.0	0.0	0.0	0.352940492356503	0.0	0.0	0.0	0.04230733838638337	0.004909534612746942	0.0	0.0	0.0	0.0	0.0	0.0	0.0	0.0	0.0	0.0	0.025321504667553396	0.14194457500181243	0.0	0.0	0.008746948923492124	0.0	0.0	0.0	0.0	0.0	0.0	0.0	0.0	0.0	0.0	0.0	0.0	0.0	0.0	0.0	0.01200999426686261	0.09425206729198678	0.0	0.0	0.0	0.0	0.0	0.0	0.0	0.0	0.0	0.0	0.0	0.0	0.0
Syn.Breast-AdenoCA::S.101	0.09370129935996462	0.0	0.0	0.0	0.1532885037302303	0.0	0.0	0.0	0.0	0.08022773644121231	0.0	0.0	0.0	0.020945954004081238	0.2693899525565402	0.0	0.0	0.0	0.0	0.0	0.0	0.0	0.0	0.0	0.0	0.0	0.0	0.0	0.0	0.0	0.0	0.0	0.2984859618637817	0.0	0.0	0.0	0.0	0.0	0.0	0.0	0.0	0.0	0.0	0.0	0.0	0.0	0.08396059204418972	0.0	0.0	0.0	0.0	0.0	0.0	0.0	0.0	0.0	0.0	0.0	0.0	0.0
Syn.Breast-AdenoCA::S.102	0.058981344077480374	0.14806457562888753	0.0	0.0	0.05595593763639278	0.0	0.0	0.0	0.0	0.19122283185897476	0.0	0.0	0.0	0.127077009407693	0.10280180150876304	0.0	0.0	0.03279398319728762	0.0	0.0	0.0	0.0	0.0	0.0	0.0	0.0	0.026083788841806867	0.0	0.0	0.07212407191695358	0.0	0.0	0.11776807207361148	0.0	0.0	0.0	0.0	0.0	0.0	0.0	0.0	0.0	0.0	0.0	0.0	0.0	0.06712658385214898	0.0	0.0	0.0	0.0	0.0	0.0	0.0	0.0	0.0	0.0	0.0	0.0	0.0
Syn.Breast-AdenoCA::S.103	0.05061644401345792	0.0	0.0	0.0	0.032209638581268164	0.0	0.0	0.0	0.0	0.10553211972026727	0.0	0.0	0.0	0.15814821811362345	0.0	0.0	0.0	0.0	0.0	0.0	0.06850111078004176	0.0	0.0	0.0	0.0	0.02218180103106136	0.0	0.0	0.0	0.0	0.0	0.0	0.399237704213926	0.0	0.0	0.0	0.0	0.0	0.0	0.0	0.08243895575532394	0.0	0.0	0.0	0.0	0.06870055294721679	0.012433454843813372	0.0	0.0	0.0	0.0	0.0	0.0	0.0	0.0	0.0	0.0	0.0	0.0	0.0
Syn.Breast-AdenoCA::S.104	0.0485488750635855	0.0	0.0	0.0	0.08698062815313654	0.0	0.0	0.0	0.0	0.0	0.0	0.0	0.0	0.0	0.0	0.0	0.0	0.0	0.0	0.0	0.0	0.0	0.0	0.0	0.0	0.0	0.0	0.0	0.0	0.0	0.0	0.0	0.8491455081103807	0.0	0.0	0.0	0.0	0.0	0.0	0.0	0.0	0.0	0.0	0.0	0.0	0.0	0.015324988672897322	0.0	0.0	0.0	0.0	0.0	0.0	0.0	0.0	0.0	0.0	0.0	0.0	0.0
Syn.Breast-AdenoCA::S.105	0.10024123344292514	0.0	0.0756158144748491	0.0	0.127464416493771	0.0	0.0	0.0	0.0	0.1323839048554587	0.0	0.0	0.0	0.07094288088501344	0.0	0.0	0.0	0.0	0.0	0.0	0.0	0.0	0.0	0.0	0.0	0.0	0.032817486121170344	0.0	0.0	0.019150670542002115	0.0	0.0	0.4413835931848102	0.0	0.0	0.0	0.0	0.0	0.0	0.0	0.0	0.0	0.0	0.0	0.0	0.0	0.0	0.0	0.0	0.0	0.0	0.0	0.0	0.0	0.0	0.0	0.0	0.0	0.0	0.0
Syn.Breast-AdenoCA::S.106	0.10723540577647997	0.004869314519810213	0.01710624687411428	0.0	0.09702267548206417	0.0	0.0	0.0	0.0	0.0	0.0	0.0	0.0	0.07021967254421078	0.06833332715151604	0.0	0.0	0.0	0.0	0.0	0.0	0.0	0.0	0.0693101124788889	0.0	0.0	0.0	0.0	0.0	0.0	0.0	0.0	0.46422661265159293	0.08687587139763772	0.0	0.0	0.0	0.0	0.0	0.0	0.014800761123684919	0.0	0.0	0.0	0.0	0.0	0.0	0.0	0.0	0.0	0.0	0.0	0.0	0.0	0.0	0.0	0.0	0.0	0.0	0.0
Syn.Breast-AdenoCA::S.107	0.04546709367741927	0.01298045141925416	0.0	0.0	0.10602338880117648	0.0	0.0	0.0	0.0	0.334781134218592	0.0	0.0	0.0	0.2567235536215964	0.1288748119978501	0.0	0.0	0.0	0.0	0.0	0.05348804047890095	0.0	0.0	0.0	0.0	0.0	0.0088546333423931	0.0	0.0	0.0	0.0	0.0	0.03639442347356276	0.009568625944412863	0.0	0.0	0.0	0.0	0.0	0.0	0.006843843024842071	0.0	0.0	0.0	0.0	0.0	0.0	0.0	0.0	0.0	0.0	0.0	0.0	0.0	0.0	0.0	0.0	0.0	0.0	0.0
Syn.Breast-AdenoCA::S.108	0.16687773117168506	0.0	0.0	0.0	0.07473085939248832	0.0	0.0	0.0	0.0	0.0	0.0	0.0	0.0	0.024296890785121285	0.0	0.0	0.0	0.0	0.0	0.0	0.0	0.0	0.0	0.2559791199889039	0.0	0.0	0.0	0.0	0.0	0.13078479425299364	0.0	0.0	0.08893718723251871	0.0	0.0	0.0	0.0	0.0	0.0	0.0	0.0	0.0	0.0	0.0	0.0	0.09617382458175379	0.16221959259453525	0.0	0.0	0.0	0.0	0.0	0.0	0.0	0.0	0.0	0.0	0.0	0.0	0.0
Syn.Breast-AdenoCA::S.109	0.04638165183380724	0.21850180399038835	0.009411866920550203	0.0	0.11811778662345057	0.0	0.0	0.0	0.0	0.22258936081117822	0.0	0.0	0.0	0.09201454216077323	0.0	0.0	0.0	0.0	0.0	0.007446151117358241	0.0	0.0	0.0	0.008387932056281015	0.0	0.0	0.042190304746272896	0.0	0.0	0.009088165031866926	0.0	0.0	0.0	0.0	0.0	0.0	0.0	0.0	0.0	0.0	0.0	0.0	0.0	0.0	0.0	0.1303145192358471	0.09555591547222589	0.0	0.0	0.0	0.0	0.0	0.0	0.0	0.0	0.0	0.0	0.0	0.0	0.0
Syn.Breast-AdenoCA::S.110	0.009780918086289218	0.2398412339132011	0.0	0.0	0.053393322019385035	0.0	0.0	0.0	0.0	0.6969845259811247	0.0	0.0	0.0	0.0	0.0	0.0	0.0	0.0	0.0	0.0	0.0	0.0	0.0	0.0	0.0	0.0	0.0	0.0	0.0	0.0	0.0	0.0	0.0	0.0	0.0	0.0	0.0	0.0	0.0	0.0	0.0	0.0	0.0	0.0	0.0	0.0	0.0	0.0	0.0	0.0	0.0	0.0	0.0	0.0	0.0	0.0	0.0	0.0	0.0	0.0
Syn.Breast-AdenoCA::S.111	0.09244542130148621	0.0	0.0	0.0	0.12097423291772423	0.0	0.0	0.0	0.0	0.0	0.0	0.0	0.0	0.17359839830830942	0.0	0.0	0.0	0.01729971531240069	0.0	0.2583572692669244	0.0	0.0	0.0	0.0	0.0	0.0	0.11423340254721737	0.0	0.0	0.0	0.0	0.0	0.02115886896956902	0.02207390354123415	0.0	0.0	0.0	0.0	0.0	0.0	0.0	0.0	0.0	0.0	0.0	0.1798587878351345	0.0	0.0	0.0	0.0	0.0	0.0	0.0	0.0	0.0	0.0	0.0	0.0	0.0	0.0
Syn.Breast-AdenoCA::S.112	0.1356677303942057	0.0	0.40118548059145703	0.0	0.1845696281253764	0.0	0.0	0.0	0.0	0.01665702403195883	0.0	0.0	0.0	0.01912842772660955	0.0	0.0	0.0	0.0	0.0	0.0	0.0	0.0	0.0	0.10311421059418181	0.0	0.0	0.0	0.0	0.0	0.02524323457271332	0.0	0.0	0.09043950131766583	0.0	0.0	0.0	0.0	0.0	0.0	0.0	0.0	0.0	0.0	0.0	0.0	0.023994762645831703	0.0	0.0	0.0	0.0	0.0	0.0	0.0	0.0	0.0	0.0	0.0	0.0	0.0	0.0
Syn.Breast-AdenoCA::S.113	0.05096234612577635	0.3914278950337875	0.0	0.0	0.2478245943821939	0.0	0.0	0.0	0.0	0.0	0.0	0.0	0.0	0.13020289410447108	0.0	0.0	0.0	0.0	0.0	0.0	0.0	0.0	0.0	0.0	0.0	0.0	0.11634163225129955	0.0	0.0	0.0	0.0	0.0	0.0	0.034633527364579995	0.0	0.0	0.0	0.0	0.0	0.0	0.02860711073789167	0.0	0.0	0.0	0.0	0.0	0.0	0.0	0.0	0.0	0.0	0.0	0.0	0.0	0.0	0.0	0.0	0.0	0.0	0.0
Syn.Breast-AdenoCA::S.114	0.133489613514896	0.06549405820040721	0.0	0.0	0.14985027856304417	0.0	0.0	0.0	0.0	0.14857104433229015	0.0	0.0	0.0	0.18971166434010872	0.0	0.0	0.0	0.03677878590729842	0.0	0.0	0.0	0.0	0.0	0.0	0.0	0.010691277537430384	0.0	0.0	0.0	0.022976127851542426	0.0	0.0	0.055801046573376645	0.0	0.0	0.0	0.0	0.0	0.0	0.0	0.0	0.0	0.0	0.0	0.0	0.09852034434306754	0.08811575883653858	0.0	0.0	0.0	0.0	0.0	0.0	0.0	0.0	0.0	0.0	0.0	0.0	0.0
Syn.Breast-AdenoCA::S.115	0.029520349944187344	0.1875460679813364	0.0	0.0	0.09848537785801127	0.0	0.0	0.0	0.0	0.0	0.0	0.0	0.0	0.0	0.2294114905614189	0.0	0.0	0.0	0.0	0.0	0.0	0.0	0.0	0.0	0.0	0.0	0.0	0.0	0.0	0.0	0.0	0.0	0.16277992121061133	0.0	0.0	0.0	0.0	0.0	0.0	0.0	0.0	0.0	0.0	0.0	0.0	0.29225679244443475	0.0	0.0	0.0	0.0	0.0	0.0	0.0	0.0	0.0	0.0	0.0	0.0	0.0	0.0
Syn.Breast-AdenoCA::S.116	0.14029234592057874	0.005668892176045401	0.009892425216408979	0.0	0.09389617102610333	0.0	0.0	0.0	0.0	0.19699153029536665	0.0	0.0	0.0	0.008184057708731898	0.0	0.0	0.0	0.0	0.0	0.0	0.0	0.0	0.0	0.0	0.0	0.0	0.12425137543474955	0.0	0.0	0.25090960682868035	0.0	0.0	0.16127327333178812	0.0	0.0	0.0	0.0	0.0	0.0	0.0	0.008640322061547072	0.0	0.0	0.0	0.0	0.0	0.0	0.0	0.0	0.0	0.0	0.0	0.0	0.0	0.0	0.0	0.0	0.0	0.0	0.0
Syn.Breast-AdenoCA::S.117	0.174430039815706	0.025110811609089054	0.0	0.0	0.16186958497970672	0.0	0.0	0.0	0.0	0.06773928218420402	0.0	0.0	0.0	0.07388434319564666	0.011698266153497274	0.0	0.0	0.0	0.0	0.0	0.0	0.0	0.0	0.0	0.0	0.07491736043549085	0.0	0.0	0.0	0.0	0.0	0.0	0.14093301817965365	0.0	0.0	0.0	0.0	0.0	0.0	0.0	0.10870224287606445	0.0	0.0	0.0	0.0	0.0	0.1607150505709414	0.0	0.0	0.0	0.0	0.0	0.0	0.0	0.0	0.0	0.0	0.0	0.0	0.0
Syn.Breast-AdenoCA::S.118	0.18673527153877323	0.0	0.12302029632356075	0.0	0.16321028017315845	0.0	0.0	0.0	0.0	0.0	0.0	0.0	0.0	0.12303012544523084	0.15354808433242942	0.0	0.0	0.0	0.0	0.0	0.0	0.0	0.0	0.0	0.0	0.0	0.0	0.0	0.0	0.009329150437638788	0.0	0.0	0.0	0.0	0.0	0.0	0.0	0.0	0.0	0.0	0.0	0.0	0.0	0.0	0.0	0.01696316830076358	0.21026274529407368	0.013900878154371122	0.0	0.0	0.0	0.0	0.0	0.0	0.0	0.0	0.0	0.0	0.0	0.0
Syn.Breast-AdenoCA::S.119	0.03382241741320976	0.019445543621311043	0.0	0.0	0.15755774299520284	0.0	0.0	0.0	0.0	0.13648471413348406	0.0	0.0	0.0	0.009596822149504254	0.0	0.0	0.0	0.0	0.0	0.0	0.08295179433416171	0.0	0.0	0.00806204589457015	0.0	0.0	0.0	0.0	0.0	0.018834974402987873	0.0	0.0	0.5212700354769828	0.0	0.0	0.0	0.0	0.0	0.0	0.0	0.0	0.0	0.0	0.0	0.0	0.0	0.011973909578585615	0.0	0.0	0.0	0.0	0.0	0.0	0.0	0.0	0.0	0.0	0.0	0.0	0.0
Syn.Breast-AdenoCA::S.120	0.07845570433394594	0.0	0.0	0.0	0.12571874553125428	0.0	0.0	0.0	0.0	0.0	0.0	0.0	0.0	0.033037652656353354	0.0	0.0	0.0	0.0	0.0	0.0	0.0	0.0	0.0	0.0	0.0	0.0	0.03690972565852921	0.0	0.0	0.21073631210696986	0.0	0.0	0.4710213247821874	0.0	0.0	0.0	0.0	0.0	0.0	0.0	0.0	0.0	0.0	0.0	0.0	0.026166801390709385	0.017953733540050528	0.0	0.0	0.0	0.0	0.0	0.0	0.0	0.0	0.0	0.0	0.0	0.0	0.0
Syn.Breast-AdenoCA::S.121	0.11927577988404157	0.08393545053481019	0.0	0.0	0.08068245094728616	0.0	0.0	0.0	0.0	0.0	0.0	0.0	0.0	0.0	0.0	0.0	0.0	0.0	0.0	0.0	0.0	0.0	0.0	0.051606140973395546	0.0	0.0	0.0	0.0	0.0	0.37633397042497846	0.0	0.0	0.2728659325789424	0.0	0.0	0.0	0.0	0.0	0.0	0.0	0.0	0.0	0.0	0.0	0.0	0.0	0.015300274656545718	0.0	0.0	0.0	0.0	0.0	0.0	0.0	0.0	0.0	0.0	0.0	0.0	0.0
Syn.Breast-AdenoCA::S.122	0.09700829540824006	0.0	0.0	0.0	0.04917612763754767	0.0	0.0	0.0	0.0	0.2699920289879954	0.0	0.0	0.0	0.11864604529038311	0.0	0.0	0.0	0.0	0.0	0.0	0.0	0.0	0.0	0.0	0.0	0.0	0.021978869404353948	0.0	0.0	0.11004767472769186	0.0	0.0	0.09903159933322218	0.0	0.0	0.0	0.0	0.0	0.0	0.0	0.04071710309579256	0.0	0.0	0.0	0.0	0.10292363642104502	0.09047861969372806	0.0	0.0	0.0	0.0	0.0	0.0	0.0	0.0	0.0	0.0	0.0	0.0	0.0
Syn.Breast-AdenoCA::S.123	0.03391038698209314	0.05830671494876779	0.015208281864976326	0.0	0.06451718938870951	0.0	0.0	0.0	0.0	0.11143245753905874	0.0	0.0	0.0	0.23058696290669567	0.0	0.0	0.0	0.0	0.0	0.0	0.0	0.0	0.0	0.03057818694733669	0.0	0.0	0.0	0.0	0.0	0.0	0.0	0.0	0.42438057346799096	0.013901347809824877	0.0	0.0	0.0	0.0	0.0	0.0	0.017177898144546327	0.0	0.0	0.0	0.0	0.0	0.0	0.0	0.0	0.0	0.0	0.0	0.0	0.0	0.0	0.0	0.0	0.0	0.0	0.0
Syn.Breast-AdenoCA::S.124	0.0499398040660647	0.436931279520807	0.0	0.0	0.13149862378280233	0.0	0.0	0.0	0.0	0.0	0.0	0.0	0.0	0.086621137243064	0.08226304158965378	0.0	0.0	0.0	0.0	0.0	0.0	0.0	0.0	0.0	0.0	0.0	0.0	0.0	0.0	0.0	0.0	0.0	0.0	0.0	0.0	0.0	0.0	0.0	0.0	0.0	0.0	0.0	0.0	0.0	0.0	0.0	0.1793100207124985	0.03343609308510957	0.0	0.0	0.0	0.0	0.0	0.0	0.0	0.0	0.0	0.0	0.0	0.0
Syn.Breast-AdenoCA::S.125	0.1632265731989104	0.0	0.0	0.0	0.1280441218298053	0.0	0.0	0.0	0.0	0.0	0.0	0.0	0.0	0.23394619253968502	0.011208542927255106	0.0	0.0	0.0	0.0	0.0	0.0	0.0	0.0	0.044992096735374056	0.0	0.0	0.10413135849632632	0.0	0.0	0.0	0.0	0.0	0.23342086047984767	0.02659640495571422	0.0	0.0	0.0	0.0	0.0	0.0	0.0	0.0	0.0	0.0	0.0	0.0	0.05443384883708193	0.0	0.0	0.0	0.0	0.0	0.0	0.0	0.0	0.0	0.0	0.0	0.0	0.0
Syn.Breast-AdenoCA::S.126	0.06271088947649961	0.022428956197609855	0.0	0.0	0.17576149734499386	0.0	0.0	0.0	0.0	0.212770189167207	0.0	0.0	0.0	0.021910686469566388	0.0	0.0	0.0	0.0	0.0	0.0	0.013764079989235869	0.0	0.0	0.0	0.0	0.0	0.07388071908620794	0.0	0.0	0.14139148967229312	0.0	0.0	0.27538149259638656	0.0	0.0	0.0	0.0	0.0	0.0	0.0	0.0	0.0	0.0	0.0	0.0	0.0	0.0	0.0	0.0	0.0	0.0	0.0	0.0	0.0	0.0	0.0	0.0	0.0	0.0	0.0
Syn.Breast-AdenoCA::S.127	0.015259547025531926	0.0	0.0	0.0	0.12599691409482539	0.0	0.0	0.0	0.0	0.0	0.0	0.0	0.0	0.0	0.0	0.0	0.0	0.0	0.0	0.0	0.0	0.0	0.0	0.0	0.0	0.0	0.0	0.0	0.0	0.0	0.0	0.0	0.8201056662619615	0.0	0.0	0.0	0.0	0.0	0.0	0.0	0.038637872617681215	0.0	0.0	0.0	0.0	0.0	0.0	0.0	0.0	0.0	0.0	0.0	0.0	0.0	0.0	0.0	0.0	0.0	0.0	0.0
Syn.Breast-AdenoCA::S.128	0.09505787578344106	0.08576389243269289	0.0	0.0	0.1307703486237465	0.0	0.0	0.0	0.0	0.08458247330484385	0.0	0.0	0.0	0.23636318818376703	0.0	0.0	0.0	0.0	0.0	0.0	0.0	0.0	0.0	0.0	0.0	0.0	0.11998785603522488	0.0	0.0	0.018001789811138674	0.0	0.0	0.14194331426205206	0.0	0.0	0.0	0.0	0.0	0.0	0.0	0.0	0.0	0.0	0.0	0.0	0.07585264449398228	0.011676617069110684	0.0	0.0	0.0	0.0	0.0	0.0	0.0	0.0	0.0	0.0	0.0	0.0	0.0
Syn.Breast-AdenoCA::S.129	0.08544499995944428	0.023951983650319912	0.0	0.0	0.1722609305907341	0.0	0.0	0.0	0.0	0.0	0.0	0.0	0.0	0.014521099474582437	0.0	0.0	0.0	0.07156551426093456	0.0	0.0	0.060003906761549944	0.0	0.0	0.0	0.0	0.012873983217826481	0.05643227177304446	0.0	0.0	0.0	0.0	0.0	0.3178365403905712	0.16316896618111001	0.0	0.0	0.0	0.0	0.0	0.0	0.0	0.0	0.0	0.0	0.0	0.010927344856638129	0.011012458883244614	0.0	0.0	0.0	0.0	0.0	0.0	0.0	0.0	0.0	0.0	0.0	0.0	0.0
Syn.Breast-AdenoCA::S.130	0.0678135524964413	0.0	0.0	0.0	0.12764970689172134	0.0	0.0	0.0	0.0	0.10676382759034163	0.0	0.0	0.0	0.0	0.0	0.0	0.0	0.04940555898476387	0.0	0.0	0.04534247271443378	0.0	0.0	0.0	0.0	0.0	0.0	0.0	0.0	0.0	0.0	0.0	0.0	0.0	0.0	0.0	0.0	0.0	0.0	0.0	0.0	0.0	0.0	0.0	0.0	0.587261998841758	0.015762882480540093	0.0	0.0	0.0	0.0	0.0	0.0	0.0	0.0	0.0	0.0	0.0	0.0	0.0
Syn.Breast-AdenoCA::S.131	0.03382156595529574	0.20562627703444813	0.0	0.0	0.1206226496007868	0.0	0.0	0.0	0.0	0.0	0.0	0.0	0.0	0.05499760134423595	0.0	0.0	0.0	0.05615734350185663	0.0	0.0	0.0	0.0	0.0	0.034306800101896615	0.0	0.0	0.0	0.0	0.0	0.0	0.0	0.0	0.06618818689914334	0.0	0.0	0.0	0.0	0.0	0.0	0.0	0.2212550215575903	0.0	0.0	0.0	0.0	0.2070245540047464	0.0	0.0	0.0	0.0	0.0	0.0	0.0	0.0	0.0	0.0	0.0	0.0	0.0	0.0
Syn.Breast-AdenoCA::S.132	0.13409796653798228	0.0	0.0	0.0	0.08775520978281554	0.0	0.0	0.0	0.0	0.0	0.0	0.0	0.0	0.2572300667898823	0.023017925966234337	0.0	0.0	0.0	0.0	0.0	0.0	0.0	0.0	0.0	0.0	0.06555774317983003	0.0	0.0	0.0	0.06222534936864544	0.0	0.0	0.09137133374815497	0.0	0.0	0.0	0.0	0.0	0.0	0.0	0.0	0.0	0.0	0.0	0.0	0.2787444046264552	0.0	0.0	0.0	0.0	0.0	0.0	0.0	0.0	0.0	0.0	0.0	0.0	0.0	0.0
Syn.Breast-AdenoCA::S.133	0.17233818675755996	0.021787203817559674	0.0	0.0	0.15546055206521325	0.0	0.0	0.0	0.0	0.0118812026315918	0.0	0.0	0.0	0.0739382431127265	0.0	0.0	0.0	0.0	0.0	0.09621058226319958	0.09287814910338713	0.0	0.0	0.0	0.0	0.0	0.0	0.0	0.0	0.02277906965111866	0.0	0.0	0.3527268105976434	0.0	0.0	0.0	0.0	0.0	0.0	0.0	0.0	0.0	0.0	0.0	0.0	0.0	0.0	0.0	0.0	0.0	0.0	0.0	0.0	0.0	0.0	0.0	0.0	0.0	0.0	0.0
Syn.Breast-AdenoCA::S.134	0.14317489402970146	0.0712173892004943	0.017911827630694554	0.0	0.08364958728621578	0.0	0.0	0.0	0.0	0.0	0.0	0.0	0.0	0.20596065502293828	0.006613817912103429	0.0	0.0	0.009602613170554813	0.0	0.0	0.09796416261762263	0.0	0.0	0.09050296915877648	0.0	0.009252719190220457	0.07514340375307896	0.0	0.0	0.09437734874319394	0.0	0.0	0.0	0.0	0.0	0.0	0.0	0.0	0.0	0.0	0.0	0.0	0.0	0.0	0.0	0.0	0.09462861228440485	0.0	0.0	0.0	0.0	0.0	0.0	0.0	0.0	0.0	0.0	0.0	0.0	0.0
Syn.Breast-AdenoCA::S.135	0.11804076481100295	0.03940127115577381	0.0	0.0	0.11631196334853183	0.0	0.0	0.0	0.0	0.0746923684775964	0.0	0.0	0.0	0.11914839388319615	0.08412572250372398	0.0	0.0	0.0	0.0	0.0	0.0	0.0	0.0	0.08508092899751529	0.0	0.0	0.0	0.0	0.0	0.0	0.0	0.0	0.10120798764902948	0.0	0.0	0.0	0.0	0.0	0.0	0.0	0.0	0.0	0.0	0.0	0.0	0.26199059917363016	0.0	0.0	0.0	0.0	0.0	0.0	0.0	0.0	0.0	0.0	0.0	0.0	0.0	0.0
Syn.Breast-AdenoCA::S.136	0.04675117672044971	0.007902224639849326	0.0	0.0	0.12445397226993062	0.0	0.0	0.0	0.0	0.0	0.0	0.0	0.0	0.0	0.717819201321552	0.0	0.0	0.0	0.0	0.0	0.0	0.0	0.0	0.0	0.0	0.0	0.0	0.0	0.0	0.0	0.0	0.0	0.0	0.0	0.0	0.0	0.0	0.0	0.0	0.0	0.0	0.0	0.0	0.0	0.0	0.10307342504821844	0.0	0.0	0.0	0.0	0.0	0.0	0.0	0.0	0.0	0.0	0.0	0.0	0.0	0.0
Syn.Breast-AdenoCA::S.137	0.25318886478783453	0.0	0.0	0.0	0.03380335763436656	0.0	0.0	0.0	0.0	0.0	0.0	0.0	0.0	0.034457447048717726	0.09312841249218427	0.0	0.0	0.0814169660573025	0.0	0.0	0.054933944033374545	0.0	0.0	0.09934505942313943	0.0	0.0	0.0	0.0	0.0	0.01347631615020094	0.0	0.0	0.10911299630599541	0.0	0.0	0.0	0.0	0.0	0.0	0.0	0.09458913238283466	0.0	0.0	0.0	0.0	0.07417232527150791	0.05837517841254158	0.0	0.0	0.0	0.0	0.0	0.0	0.0	0.0	0.0	0.0	0.0	0.0	0.0
Syn.Breast-AdenoCA::S.138	0.0534447410735526	0.0	0.0	0.0	0.08058314244557174	0.0	0.0	0.0	0.0	0.11614048027546459	0.0	0.0	0.0	0.0	0.0	0.0	0.0	0.1354745532882284	0.0	0.0	0.0	0.0	0.0	0.0	0.0	0.0	0.11338614534036659	0.0	0.0	0.10618154229360033	0.0	0.0	0.0	0.0	0.0	0.0	0.0	0.0	0.0	0.0	0.2209073000817185	0.0	0.0	0.0	0.0	0.0806848728257071	0.09319722237579012	0.0	0.0	0.0	0.0	0.0	0.0	0.0	0.0	0.0	0.0	0.0	0.0	0.0
Syn.Breast-AdenoCA::S.139	0.05186089495200677	0.023306955779258474	0.01067771434002686	0.0	0.10987242334315092	0.0	0.0	0.0	0.0	0.23434305406278827	0.0	0.0	0.0	0.07192494383823703	0.0	0.0	0.0	0.0	0.0	0.01997160309556397	0.029180896493865516	0.0	0.0	0.0	0.0	0.0	0.12412231542452377	0.0	0.0	0.0850148661450773	0.0	0.0	0.0	0.013343998692592035	0.0	0.0	0.0	0.0	0.0	0.0	0.13511160314205767	0.0	0.0	0.0	0.0	0.0	0.09126873069085137	0.0	0.0	0.0	0.0	0.0	0.0	0.0	0.0	0.0	0.0	0.0	0.0	0.0
Syn.Breast-AdenoCA::S.140	0.069232827570888	0.10862112514709445	0.0	0.0	0.10251996562459732	0.0	0.0	0.0	0.0	0.0	0.0	0.0	0.0	0.0	0.18702490855398854	0.0	0.0	0.0	0.0	0.0	0.0	0.0	0.0	0.0	0.0	0.0	0.0	0.0	0.0	0.0	0.0	0.0	0.3665801947758681	0.01578172242384611	0.0	0.0	0.0	0.0	0.0	0.0	0.133081560889264	0.0	0.0	0.0	0.0	0.0	0.01715769501445345	0.0	0.0	0.0	0.0	0.0	0.0	0.0	0.0	0.0	0.0	0.0	0.0	0.0
Syn.Breast-AdenoCA::S.141	0.14643604798824175	0.004136262670998607	0.0	0.0	0.11041134159915482	0.0	0.0	0.0	0.0	0.22157571893314515	0.0	0.0	0.0	0.0	0.12554117861273764	0.0	0.0	0.041707592113432	0.0	0.0	0.012126337914964312	0.0	0.0	0.0	0.0	0.0	0.12161366060616928	0.0	0.0	0.013117058461034909	0.0	0.0	0.0	0.013425120489210698	0.0	0.0	0.0	0.0	0.0	0.0	0.12276091690873246	0.0	0.0	0.0	0.0	0.0	0.06714876370217845	0.0	0.0	0.0	0.0	0.0	0.0	0.0	0.0	0.0	0.0	0.0	0.0	0.0
Syn.Breast-AdenoCA::S.142	0.0966022960820615	0.020454197040634826	0.0	0.0	0.12546459904109739	0.0	0.0	0.0	0.0	0.0	0.0	0.0	0.0	0.12208406647768524	0.1369393507981853	0.0	0.0	0.0	0.0	0.0	0.038477070725084925	0.0	0.0	0.0	0.0	0.0	0.0	0.0	0.0	0.0952118877996356	0.0	0.0	0.20447792967888062	0.0	0.0	0.0	0.0	0.0	0.0	0.0	0.0953655660023849	0.0	0.0	0.0	0.0	0.0	0.06492303635434965	0.0	0.0	0.0	0.0	0.0	0.0	0.0	0.0	0.0	0.0	0.0	0.0	0.0
Syn.Breast-AdenoCA::S.143	0.02128163541441513	0.004811612854543769	0.0	0.0	0.12090853428278885	0.0	0.0	0.0	0.0	0.10587254587227037	0.0	0.0	0.0	0.01319047522723045	0.09521703483922632	0.0	0.0	0.0	0.0	0.0	0.0	0.0	0.0	0.00854224475403634	0.0	0.0	0.042822505703424274	0.0	0.0	0.00810180857462675	0.0	0.0	0.49781079617074325	0.0	0.0	0.0	0.0	0.0	0.0	0.0	0.0	0.0	0.0	0.0	0.0	0.010399844092321097	0.0710409622143734	0.0	0.0	0.0	0.0	0.0	0.0	0.0	0.0	0.0	0.0	0.0	0.0	0.0
Syn.Breast-AdenoCA::S.144	0.1531929156089782	0.029385559744238683	0.01420282434057506	0.0	0.19767931364669483	0.0	0.0	0.0	0.0	0.0	0.0	0.0	0.0	0.016488321179841753	0.0	0.0	0.0	0.0	0.0	0.0	0.010782958939838612	0.0	0.0	0.0	0.0	0.0	0.0	0.0	0.0	0.0	0.0	0.0	0.0	0.015192192409271667	0.0	0.0	0.0	0.0	0.0	0.0	0.0	0.0	0.0	0.0	0.0	0.5630759141305611	0.0	0.0	0.0	0.0	0.0	0.0	0.0	0.0	0.0	0.0	0.0	0.0	0.0	0.0
Syn.Breast-AdenoCA::S.145	0.04831503263122337	0.0	0.018887550370413737	0.0	0.0994089115931796	0.0	0.0	0.0	0.0	0.24479287166252992	0.0	0.0	0.0	0.1082173876394941	0.0	0.0	0.0	0.0	0.0	0.0	0.0	0.0	0.0	0.0	0.0	0.0	0.07589116169220873	0.0	0.0	0.02137753395656954	0.0	0.0	0.18667265387114224	0.0	0.0	0.0	0.0	0.0	0.0	0.0	0.0	0.0	0.0	0.0	0.0	0.19643689658323885	0.0	0.0	0.0	0.0	0.0	0.0	0.0	0.0	0.0	0.0	0.0	0.0	0.0	0.0
Syn.Breast-AdenoCA::S.146	0.08362963918915005	0.01968325589644426	0.0	0.0	0.15582769637806698	0.0	0.0	0.0	0.0	0.01100228480607059	0.0	0.0	0.0	0.16153682711395378	0.46459231831778375	0.0	0.0	0.024494166404412817	0.0	0.0	0.0	0.0	0.0	0.0	0.0	0.05171791030404749	0.0	0.0	0.0	0.0	0.0	0.0	0.012460826134030368	0.0	0.0	0.0	0.0	0.0	0.0	0.0	0.0	0.0	0.0	0.0	0.0	0.0	0.015055075456039707	0.0	0.0	0.0	0.0	0.0	0.0	0.0	0.0	0.0	0.0	0.0	0.0	0.0
Syn.Breast-AdenoCA::S.147	0.07936748435789026	0.15257039356025717	0.0	0.0	0.0982824657835746	0.0	0.0	0.0	0.0	0.0	0.0	0.0	0.0	0.242416476929663	0.0	0.0	0.0	0.0	0.0	0.0	0.0	0.0	0.0	0.0	0.0	0.0	0.0	0.0	0.0	0.10835420522433074	0.0	0.0	0.0	0.0	0.0	0.0	0.0	0.0	0.0	0.0	0.0	0.0	0.0	0.0	0.0	0.23455115747758642	0.08445781666669772	0.0	0.0	0.0	0.0	0.0	0.0	0.0	0.0	0.0	0.0	0.0	0.0	0.0
Syn.Breast-AdenoCA::S.148	0.07102075230917171	0.0	0.010925807252076697	0.0	0.15041879977199063	0.0	0.0	0.0	0.0	0.012575355109965314	0.0	0.0	0.0	0.07761678919574055	0.0	0.0	0.0	0.0	0.0	0.0	0.05805867333570465	0.0	0.0	0.0	0.0	0.08234871692277854	0.0	0.0	0.0	0.008712473078690884	0.0	0.0	0.2515335738148574	0.0	0.0	0.0	0.0	0.0	0.0	0.0	0.0	0.0	0.0	0.0	0.0	0.024915777042367256	0.25187328216665616	0.0	0.0	0.0	0.0	0.0	0.0	0.0	0.0	0.0	0.0	0.0	0.0	0.0
Syn.Breast-AdenoCA::S.149	0.020084567417926066	0.0	0.0	0.0	0.08728052537906712	0.0	0.0	0.0	0.0	0.45801402599500074	0.0	0.0	0.0	0.0	0.32096483320656344	0.0	0.0	0.0	0.0	0.0	0.0	0.0	0.0	0.0	0.0	0.0	0.0	0.0	0.0	0.0	0.0	0.0	0.11365604800144266	0.0	0.0	0.0	0.0	0.0	0.0	0.0	0.0	0.0	0.0	0.0	0.0	0.0	0.0	0.0	0.0	0.0	0.0	0.0	0.0	0.0	0.0	0.0	0.0	0.0	0.0	0.0
Syn.Breast-AdenoCA::S.150	0.03730553783322955	0.0549981090577439	0.0	0.0	0.043780837904335415	0.0	0.0	0.0	0.0	0.0	0.0	0.0	0.0	0.17089822210765038	0.0	0.0	0.0	0.0	0.0	0.0	0.11732928205262037	0.0	0.0	0.14079990187304037	0.0	0.0	0.07866811863604004	0.0	0.0	0.01772387640666044	0.0	0.0	0.1761259100670387	0.0	0.0	0.0	0.0	0.0	0.0	0.0	0.0	0.0	0.0	0.0	0.0	0.10118079897351197	0.06118940508812898	0.0	0.0	0.0	0.0	0.0	0.0	0.0	0.0	0.0	0.0	0.0	0.0	0.0
Syn.Breast-AdenoCA::S.151	0.16289326573629528	0.0	0.0	0.0	0.1057604233511873	0.0	0.0	0.0	0.0	0.0	0.0	0.0	0.0	0.025527552611001814	0.0	0.0	0.0	0.0	0.0	0.0	0.0	0.0	0.0	0.0	0.0	0.0	0.0	0.0	0.0	0.0	0.0	0.0	0.6813957155190518	0.0	0.0	0.0	0.0	0.0	0.0	0.0	0.0	0.0	0.0	0.0	0.0	0.02442304278246399	0.0	0.0	0.0	0.0	0.0	0.0	0.0	0.0	0.0	0.0	0.0	0.0	0.0	0.0
Syn.Breast-AdenoCA::S.152	0.09429274055152458	0.0	0.0	0.0	0.17280875031431925	0.0	0.0	0.0	0.0	0.0	0.0	0.0	0.0	0.01973016399134046	0.6001436549896438	0.0	0.0	0.0	0.0	0.0	0.0	0.0	0.0	0.0	0.0	0.0	0.0	0.0	0.0	0.0	0.0	0.0	0.09299474500592005	0.0	0.0	0.0	0.0	0.0	0.0	0.0	0.020029945147251878	0.0	0.0	0.0	0.0	0.0	0.0	0.0	0.0	0.0	0.0	0.0	0.0	0.0	0.0	0.0	0.0	0.0	0.0	0.0
Syn.Breast-AdenoCA::S.153	0.15037474488716354	0.013898322315999608	0.0	0.0	0.14877188862091617	0.0	0.0	0.0	0.0	0.0	0.0	0.0	0.0	0.18574421695316717	0.08000773225076825	0.0	0.0	0.03293709662736443	0.0	0.0	0.009150317285613796	0.0	0.0	0.0	0.0	0.0	0.05639153736391978	0.0	0.0	0.0	0.0	0.0	0.30008204567428076	0.008892946717237568	0.0	0.0	0.0	0.0	0.0	0.0	0.006952741547480237	0.0	0.0	0.0	0.0	0.0	0.006796409756088443	0.0	0.0	0.0	0.0	0.0	0.0	0.0	0.0	0.0	0.0	0.0	0.0	0.0
Syn.Breast-AdenoCA::S.154	0.06831324225236952	0.0	0.0	0.0	0.07920496219515608	0.0	0.0	0.0	0.0	0.05143897657103816	0.0	0.0	0.0	0.2090980026851304	0.0	0.0	0.0	0.0	0.0	0.0	0.0	0.0	0.0	0.0	0.0	0.0	0.10218394441093784	0.0	0.0	0.010117961999991053	0.0	0.0	0.1635849085838648	0.01540023485993272	0.0	0.0	0.0	0.0	0.0	0.0	0.08788824744395406	0.0	0.0	0.0	0.0	0.13400849068222648	0.07876102831539877	0.0	0.0	0.0	0.0	0.0	0.0	0.0	0.0	0.0	0.0	0.0	0.0	0.0
Syn.Breast-AdenoCA::S.155	0.16893823205285247	0.0	0.020990148819931793	0.0	0.10456121317172112	0.0	0.0	0.0	0.0	0.0	0.0	0.0	0.0	0.10824367832338577	0.040277062143390434	0.0	0.0	0.0	0.0	0.09348845498666201	0.0	0.0	0.0	0.0	0.0	0.0	0.0	0.0	0.0	0.0	0.0	0.0	0.3199367872487164	0.0	0.0	0.0	0.0	0.0	0.0	0.0	0.015368667771848659	0.0	0.0	0.0	0.0	0.12819575548149115	0.0	0.0	0.0	0.0	0.0	0.0	0.0	0.0	0.0	0.0	0.0	0.0	0.0	0.0
Syn.Breast-AdenoCA::S.156	0.014369465069189067	0.0	0.0	0.0	0.10699347448802994	0.0	0.0	0.0	0.0	0.0	0.0	0.0	0.0	0.0	0.0	0.0	0.0	0.0	0.0	0.0	0.0	0.0	0.0	0.0	0.0	0.008296952988805112	0.0	0.0	0.0	0.0	0.0	0.0	0.8499196554306443	0.0	0.0	0.0	0.0	0.0	0.0	0.0	0.0	0.0	0.0	0.0	0.0	0.0	0.020420452023331634	0.0	0.0	0.0	0.0	0.0	0.0	0.0	0.0	0.0	0.0	0.0	0.0	0.0
Syn.Breast-AdenoCA::S.157	0.1357034583303292	0.10510124637771436	0.0	0.0	0.06446721665522974	0.0	0.0	0.0	0.0	0.0	0.0	0.0	0.0	0.0	0.101762196360918	0.0	0.0	0.0	0.0	0.0	0.09892163539843865	0.0	0.0	0.12071568324701136	0.0	0.0	0.0	0.0	0.0	0.0	0.0	0.0	0.2887914204973283	0.0	0.0	0.0	0.0	0.0	0.0	0.0	0.0	0.0	0.0	0.0	0.0	0.0	0.0845371431330305	0.0	0.0	0.0	0.0	0.0	0.0	0.0	0.0	0.0	0.0	0.0	0.0	0.0
Syn.Breast-AdenoCA::S.158	0.03727052726289216	0.30167584130843905	0.0	0.0	0.07921108932014605	0.0	0.0	0.0	0.0	0.03272497016779945	0.0	0.0	0.0	0.0	0.0	0.0	0.0	0.0	0.0	0.0	0.0	0.0	0.0	0.0	0.0	0.0	0.0	0.0	0.0	0.19999277161178147	0.0	0.0	0.34912480032894183	0.0	0.0	0.0	0.0	0.0	0.0	0.0	0.0	0.0	0.0	0.0	0.0	0.0	0.0	0.0	0.0	0.0	0.0	0.0	0.0	0.0	0.0	0.0	0.0	0.0	0.0	0.0
Syn.Breast-AdenoCA::S.159	0.1606414768623252	0.0	0.26450347451070355	0.0	0.14371025419189495	0.0	0.0	0.0	0.0	0.06929795200013464	0.0	0.0	0.0	0.016149116581850427	0.0	0.0	0.0	0.0	0.0	0.0	0.0	0.0	0.0	0.0	0.0	0.0	0.0	0.0	0.0	0.0	0.0	0.0	0.1819093607814258	0.0	0.0	0.0	0.0	0.0	0.0	0.0	0.0	0.0	0.0	0.0	0.0	0.14475949950215214	0.019028865569513328	0.0	0.0	0.0	0.0	0.0	0.0	0.0	0.0	0.0	0.0	0.0	0.0	0.0
Syn.Breast-AdenoCA::S.160	0.18027282861944813	0.07748222927989465	0.0	0.0	0.06313487134469085	0.0	0.0	0.0	0.0	0.14152005446025312	0.0	0.0	0.0	0.12032229834064945	0.0	0.0	0.0	0.0	0.0	0.0	0.0	0.0	0.0	0.0	0.0	0.07752783927941859	0.04684902659157256	0.0	0.0	0.011944003034481256	0.0	0.0	0.0	0.0	0.0	0.0	0.0	0.0	0.0	0.0	0.07971231808630655	0.0	0.0	0.0	0.0	0.11329994814914582	0.08793458281413918	0.0	0.0	0.0	0.0	0.0	0.0	0.0	0.0	0.0	0.0	0.0	0.0	0.0
Syn.Breast-AdenoCA::S.161	0.025768129195821672	0.0	0.0	0.0	0.1626934099492757	0.0	0.0	0.0	0.0	0.609186892062416	0.0	0.0	0.0	0.0	0.0	0.0	0.0	0.012061747002686876	0.0	0.0	0.0	0.0	0.0	0.05016774882230709	0.0	0.0	0.0	0.0	0.0	0.0	0.0	0.0	0.0	0.0	0.0	0.0	0.0	0.0	0.0	0.0	0.0	0.0	0.0	0.0	0.0	0.1179073363140699	0.022214736653422672	0.0	0.0	0.0	0.0	0.0	0.0	0.0	0.0	0.0	0.0	0.0	0.0	0.0
Syn.Breast-AdenoCA::S.162	0.037081202413478107	0.0450761782330218	0.0	0.0	0.10470794243102108	0.0	0.0	0.0	0.0	0.012112754861454555	0.0	0.0	0.0	0.08820510015120833	0.05846562086632633	0.0	0.0	0.0	0.0	0.0	0.0	0.0	0.0	0.0	0.0	0.0	0.0	0.0	0.0	0.0	0.0	0.0	0.44572968382345146	0.0	0.0	0.0	0.0	0.0	0.0	0.0	0.01873289826462023	0.0	0.0	0.0	0.0	0.12989118074143857	0.05999743821397957	0.0	0.0	0.0	0.0	0.0	0.0	0.0	0.0	0.0	0.0	0.0	0.0	0.0
Syn.Breast-AdenoCA::S.163	0.05388587743164712	0.0	0.0	0.0	0.1475941354330938	0.0	0.0	0.0	0.0	0.5144420479549834	0.0	0.0	0.0	0.0	0.0	0.0	0.0	0.0	0.0	0.0	0.0	0.0	0.0	0.0	0.0	0.0	0.09281344635533903	0.0	0.0	0.13270180911624044	0.0	0.0	0.0	0.0	0.0	0.0	0.0	0.0	0.0	0.0	0.0	0.0	0.0	0.0	0.0	0.010900435512469683	0.02136250579343432	0.026299742402792113	0.0	0.0	0.0	0.0	0.0	0.0	0.0	0.0	0.0	0.0	0.0	0.0
Syn.Breast-AdenoCA::S.164	0.13402624683111075	0.0	0.076819143903259	0.0	0.07580059557278021	0.0	0.0	0.0	0.0	0.2843754600416158	0.0	0.0	0.0	0.15926412547990415	0.0	0.0	0.0	0.0	0.0	0.0	0.0	0.0	0.0	0.0	0.0	0.0	0.0	0.0	0.0	0.055614982878667715	0.0	0.0	0.0	0.0	0.0	0.0	0.0	0.0	0.0	0.0	0.0	0.0	0.0	0.0	0.0	0.16204819944338822	0.05205124584927411	0.0	0.0	0.0	0.0	0.0	0.0	0.0	0.0	0.0	0.0	0.0	0.0	0.0
Syn.Breast-AdenoCA::S.165	0.051297213180336254	0.0	0.5282272865137874	0.0	0.15170753859724906	0.0	0.0	0.0	0.0	0.013003827540724211	0.0	0.0	0.0	0.022956688035505247	0.08261411821647106	0.0	0.0	0.0	0.0	0.0	0.0	0.0	0.0	0.0	0.0	0.0	0.01171457264646119	0.0	0.0	0.009380796885422727	0.0	0.0	0.0	0.0	0.0	0.0	0.0	0.0	0.0	0.0	0.12909795838404287	0.0	0.0	0.0	0.0	0.0	0.0	0.0	0.0	0.0	0.0	0.0	0.0	0.0	0.0	0.0	0.0	0.0	0.0	0.0
Syn.Breast-AdenoCA::S.166	0.10118260226545747	0.13121605696433372	0.05833683776715209	0.0	0.05232080968890791	0.0	0.0	0.0	0.0	0.12840869260779977	0.0	0.0	0.0	0.0	0.01730434594392561	0.0	0.0	0.0	0.0	0.0	0.0	0.0	0.0	0.0	0.0	0.0	0.04622902519107213	0.0	0.0	0.11202526252279237	0.0	0.0	0.34093954636608126	0.0	0.0	0.0	0.0	0.0	0.0	0.0	0.012036820682477693	0.0	0.0	0.0	0.0	0.0	0.0	0.0	0.0	0.0	0.0	0.0	0.0	0.0	0.0	0.0	0.0	0.0	0.0	0.0
Syn.Breast-AdenoCA::S.167	0.16367932796403428	0.0	0.0	0.0	0.10070867498889548	0.0	0.0	0.0	0.0	0.15351114846457412	0.0	0.0	0.0	0.0	0.2842096683633815	0.0	0.0	0.0	0.0	0.0	0.0	0.0	0.0	0.0	0.0	0.0	0.056295743471684104	0.0	0.0	0.14369919813766635	0.0	0.0	0.0	0.09789623860976412	0.0	0.0	0.0	0.0	0.0	0.0	0.0	0.0	0.0	0.0	0.0	0.0	0.0	0.0	0.0	0.0	0.0	0.0	0.0	0.0	0.0	0.0	0.0	0.0	0.0	0.0
Syn.Breast-AdenoCA::S.168	0.060804244021362586	0.0	0.0	0.0	0.13954963332799974	0.0	0.0	0.0	0.0	0.2908585320337434	0.0	0.0	0.0	0.0	0.0	0.0	0.0	0.08260391229511957	0.0	0.0	0.0	0.0	0.0	0.0	0.0	0.0	0.0	0.0	0.0	0.0	0.0	0.0	0.3837336356061107	0.0	0.0	0.0	0.0	0.0	0.0	0.0	0.0	0.0	0.0	0.0	0.0	0.02384563080467438	0.018604411910989726	0.0	0.0	0.0	0.0	0.0	0.0	0.0	0.0	0.0	0.0	0.0	0.0	0.0
Syn.Breast-AdenoCA::S.169	0.027768416543949917	0.17364234166948186	0.3145239537730342	0.0	0.0758763038714255	0.0	0.0	0.0	0.0	0.2001128030771363	0.0	0.0	0.0	0.0	0.0868118496833689	0.0	0.0	0.0	0.0	0.0	0.0	0.0	0.0	0.0	0.0	0.0	0.0	0.0	0.0	0.12126433138160324	0.0	0.0	0.0	0.0	0.0	0.0	0.0	0.0	0.0	0.0	0.0	0.0	0.0	0.0	0.0	0.0	0.0	0.0	0.0	0.0	0.0	0.0	0.0	0.0	0.0	0.0	0.0	0.0	0.0	0.0
Syn.Breast-AdenoCA::S.170	0.0786012159502396	0.0	0.0	0.0	0.13336891475632143	0.0	0.0	0.0	0.0	0.05935604344523595	0.0	0.0	0.0	0.0	0.0668660637293406	0.0	0.0	0.021178104276907778	0.0	0.0	0.07588974469338987	0.0	0.0	0.0	0.0	0.11799901529124807	0.05627204718888467	0.0	0.0	0.0	0.0	0.0	0.39046885066843207	0.0	0.0	0.0	0.0	0.0	0.0	0.0	0.0	0.0	0.0	0.0	0.0	0.0	0.0	0.0	0.0	0.0	0.0	0.0	0.0	0.0	0.0	0.0	0.0	0.0	0.0	0.0
Syn.Breast-AdenoCA::S.171	0.028262434493557538	0.0	0.0	0.0	0.11604320950656012	0.0	0.0	0.0	0.0	0.10028382034775894	0.0	0.0	0.0	0.0	0.0630467326022739	0.0	0.0	0.0	0.0	0.0	0.0	0.0	0.0	0.0	0.0	0.010030781127495544	0.05057943368397918	0.0	0.0	0.0	0.0	0.0	0.4602202990070536	0.0	0.0	0.0	0.0	0.0	0.0	0.0	0.0	0.0	0.0	0.0	0.0	0.15045214467791587	0.021081144553405453	0.0	0.0	0.0	0.0	0.0	0.0	0.0	0.0	0.0	0.0	0.0	0.0	0.0
Syn.Breast-AdenoCA::S.172	0.0503404709745795	0.0	0.19309969754443185	0.0	0.08843398723318731	0.0	0.0	0.0	0.0	0.05806122390302393	0.0	0.0	0.0	0.06219849387767428	0.0478092875667755	0.0	0.0	0.06040852164056738	0.0	0.0	0.0	0.0	0.0	0.0	0.0	0.0	0.06290614773327582	0.0	0.0	0.12512072675210018	0.0	0.0	0.037319442869818975	0.010118158504501432	0.0	0.0	0.0	0.0	0.0	0.0	0.0	0.0	0.0	0.0	0.0	0.20418384140006401	0.0	0.0	0.0	0.0	0.0	0.0	0.0	0.0	0.0	0.0	0.0	0.0	0.0	0.0
Syn.Breast-AdenoCA::S.173	0.18480669875142336	0.06909085677240796	0.0	0.0	0.14549613447176338	0.0	0.0	0.0	0.0	0.17653972542944346	0.0	0.0	0.0	0.0	0.0	0.0	0.0	0.011573376136769042	0.0	0.0	0.09172853145225399	0.0	0.0	0.0	0.0	0.0	0.04296933783692734	0.0	0.0	0.0	0.0	0.0	0.25023738969221	0.0	0.0	0.0	0.0	0.0	0.0	0.0	0.0	0.0	0.0	0.0	0.0	0.0	0.014365345937476199	0.013192603519325193	0.0	0.0	0.0	0.0	0.0	0.0	0.0	0.0	0.0	0.0	0.0	0.0
Syn.Breast-AdenoCA::S.174	0.07016122749171971	0.017892169479702267	0.0	0.0	0.13394954975460796	0.0	0.0	0.0	0.0	0.06021054626897328	0.0	0.0	0.0	0.02408237659895816	0.0	0.0	0.0	0.00849938782423943	0.0	0.0744776286737641	0.0	0.0	0.0	0.0	0.0	0.0	0.06394333931979684	0.0	0.0	0.048482017735004254	0.0	0.0	0.27671241449070394	0.0	0.0	0.0	0.0	0.0	0.0	0.0	0.0	0.0	0.0	0.0	0.0	0.22158934236253	0.0	0.0	0.0	0.0	0.0	0.0	0.0	0.0	0.0	0.0	0.0	0.0	0.0	0.0
Syn.Breast-AdenoCA::S.175	0.05665549411244582	0.006682449717607965	0.0	0.0	0.12086318759219046	0.0	0.0	0.0	0.0	0.03355234141402891	0.0	0.0	0.0	0.0	0.47866278335385803	0.0	0.0	0.0	0.0	0.0	0.0	0.0	0.0	0.0	0.0	0.0	0.10912562558676289	0.0	0.0	0.0	0.0	0.0	0.0	0.1092999135348931	0.0	0.0	0.0	0.0	0.0	0.0	0.03431966895594213	0.0	0.0	0.0	0.0	0.0	0.050838535732270804	0.0	0.0	0.0	0.0	0.0	0.0	0.0	0.0	0.0	0.0	0.0	0.0	0.0
Syn.Breast-AdenoCA::S.176	0.06793386756601034	0.08502504268251142	0.0	0.0	0.10555618639763396	0.0	0.0	0.0	0.0	0.013070879775131791	0.0	0.0	0.0	0.014468410603442441	0.0	0.0	0.0	0.0	0.0	0.0	0.0	0.0	0.0	0.0	0.0	0.0	0.0	0.0	0.0	0.0	0.0	0.0	0.5889758454442063	0.0	0.0	0.0	0.0	0.0	0.0	0.0	0.0	0.0	0.0	0.0	0.0	0.0	0.12496976753106369	0.0	0.0	0.0	0.0	0.0	0.0	0.0	0.0	0.0	0.0	0.0	0.0	0.0
Syn.Breast-AdenoCA::S.177	0.13638226067727452	0.0	0.0	0.0	0.11293080335260963	0.0	0.0	0.0	0.0	0.10912866881144626	0.0	0.0	0.0	0.0	0.0	0.0	0.0	0.0	0.0	0.0	0.025573144879175745	0.0	0.0	0.0	0.0	0.0	0.025993843194477024	0.0	0.0	0.0	0.0	0.0	0.0	0.0	0.0	0.0	0.0	0.0	0.0	0.0	0.0	0.0	0.0	0.0	0.0	0.4939547913877364	0.0960364876972803	0.0	0.0	0.0	0.0	0.0	0.0	0.0	0.0	0.0	0.0	0.0	0.0	0.0
Syn.Breast-AdenoCA::S.178	0.0681841629392135	0.0	0.0	0.0	0.10677350155728199	0.0	0.0	0.0	0.0	0.21412915294664003	0.0	0.0	0.0	0.008788426836677158	0.0	0.0	0.0	0.05854038684219908	0.0	0.0069367230481633966	0.0	0.0	0.0	0.0	0.0	0.0	0.008874919714367836	0.0	0.0	0.1578222972931927	0.0	0.0	0.10814911743239967	0.0	0.0	0.0	0.0	0.0	0.0	0.0	0.0	0.0	0.0	0.0	0.0	0.17604934235056988	0.07812926231133265	0.0076227067279620725	0.0	0.0	0.0	0.0	0.0	0.0	0.0	0.0	0.0	0.0	0.0	0.0
Syn.Breast-AdenoCA::S.179	0.041923725216166455	0.07770081962822427	0.0	0.0	0.061426063690916084	0.0	0.0	0.0	0.0	0.06062752134521882	0.0	0.0	0.0	0.0	0.0	0.0	0.0	0.0	0.0	0.0	0.0	0.0	0.0	0.0	0.0	0.0	0.0	0.0	0.0	0.0	0.0	0.0	0.6181422728291409	0.0	0.0	0.0	0.0	0.0	0.0	0.0	0.11686644593374224	0.0	0.0	0.0	0.0	0.009026199418882845	0.01428695193770838	0.0	0.0	0.0	0.0	0.0	0.0	0.0	0.0	0.0	0.0	0.0	0.0	0.0
Syn.Breast-AdenoCA::S.180	0.05159899389218162	0.16700122635690567	0.0802904416606011	0.0	0.05686950310992241	0.0	0.0	0.0	0.0	0.062406294248236474	0.0	0.0	0.0	0.2179749939922348	0.0	0.0	0.0	0.0	0.0	0.0	0.0	0.0	0.0	0.0	0.0	0.0	0.13993464516614335	0.0	0.0	0.08867107379613054	0.0	0.0	0.1352528277776439	0.0	0.0	0.0	0.0	0.0	0.0	0.0	0.0	0.0	0.0	0.0	0.0	0.0	0.0	0.0	0.0	0.0	0.0	0.0	0.0	0.0	0.0	0.0	0.0	0.0	0.0	0.0
Syn.Breast-AdenoCA::S.181	0.07142897121553392	0.10706394361114406	0.0	0.0	0.10305359415067478	0.0	0.0	0.0	0.0	0.5750515498230814	0.0	0.0	0.0	0.0	0.004823499875806743	0.0	0.0	0.0	0.0	0.0	0.0	0.0	0.0	0.0	0.0	0.0	0.11649737581499758	0.0	0.0	0.0	0.0	0.0	0.0	0.0	0.0	0.0	0.0	0.0	0.0	0.0	0.0	0.0	0.0	0.0	0.0	0.0	0.02208106550876155	0.0	0.0	0.0	0.0	0.0	0.0	0.0	0.0	0.0	0.0	0.0	0.0	0.0
Syn.Breast-AdenoCA::S.182	0.0494622509082988	0.004086762820984421	0.3367726332310827	0.0	0.14972474591557092	0.0	0.0	0.0	0.0	0.0	0.0	0.0	0.0	0.021469996599529362	0.15668620262366567	0.0	0.0	0.0	0.0	0.0	0.0	0.0	0.0	0.0	0.0	0.0	0.0	0.0	0.0	0.010100671074908894	0.0	0.0	0.2576460134553562	0.0	0.0	0.0	0.0	0.0	0.0	0.014050723370602923	0.0	0.0	0.0	0.0	0.0	0.0	0.0	0.0	0.0	0.0	0.0	0.0	0.0	0.0	0.0	0.0	0.0	0.0	0.0	0.0
Syn.Breast-AdenoCA::S.183	0.2550011526847805	0.0	0.0	0.0	0.20728066520391022	0.0	0.0	0.0	0.0	0.03542782721268962	0.0	0.0	0.0	0.05605262228712075	0.20836451837430062	0.0	0.0	0.0	0.0	0.0	0.01154080795651546	0.0	0.0	0.0	0.0	0.0	0.1184419400367494	0.0	0.0	0.0	0.0	0.0	0.10789046624393331	0.0	0.0	0.0	0.0	0.0	0.0	0.0	0.0	0.0	0.0	0.0	0.0	0.0	0.0	0.0	0.0	0.0	0.0	0.0	0.0	0.0	0.0	0.0	0.0	0.0	0.0	0.0
Syn.Breast-AdenoCA::S.184	0.132598314361576	0.01178722518721483	0.0	0.0	0.04797275244060838	0.0	0.0	0.0	0.0	0.0	0.0	0.0	0.0	0.10237767983924093	0.0	0.0	0.0	0.0	0.0	0.0	0.05429457296487476	0.0	0.0	0.0	0.0	0.00648713452995557	0.09354151408964043	0.0	0.0	0.051915624413596734	0.0	0.0	0.4495888783863533	0.0	0.0	0.0	0.0	0.0	0.0	0.0	0.0	0.0	0.0	0.0	0.0	0.0	0.04943630378693905	0.0	0.0	0.0	0.0	0.0	0.0	0.0	0.0	0.0	0.0	0.0	0.0	0.0
Syn.Breast-AdenoCA::S.185	0.07784511384257875	0.0	0.10275620620931153	0.0	0.046189853777301386	0.0	0.0	0.0	0.0	0.10300711755082861	0.0	0.0	0.0	0.03553988371045787	0.0	0.0	0.0	0.0	0.0	0.0	0.0	0.0	0.0	0.0	0.0	0.0	0.13871772197556603	0.0	0.0	0.09830933149196167	0.0	0.0	0.0	0.0	0.0	0.0	0.0	0.0	0.0	0.0	0.0	0.0	0.0	0.0	0.0	0.23542165215294658	0.1622131192890477	0.0	0.0	0.0	0.0	0.0	0.0	0.0	0.0	0.0	0.0	0.0	0.0	0.0
Syn.Breast-AdenoCA::S.186	0.07242184250799089	0.0714127226584104	0.0	0.0	0.16154421404132016	0.0	0.0	0.0	0.0	0.08055501398436102	0.0	0.0	0.0	0.011969350543257356	0.0	0.0	0.0	0.0	0.0	0.0	0.0	0.0	0.0	0.0	0.0	0.01125739356633538	0.037387205735957794	0.0	0.0	0.010374092660468886	0.0	0.0	0.18522040739429751	0.0	0.0	0.0	0.0	0.0	0.0	0.0	0.0	0.0	0.0	0.0	0.0	0.34587858034912256	0.01197917655847806	0.0	0.0	0.0	0.0	0.0	0.0	0.0	0.0	0.0	0.0	0.0	0.0	0.0
Syn.Breast-AdenoCA::S.187	0.061086917126692154	0.005133624269050966	0.010721446706194801	0.0	0.1492207887936734	0.0	0.0	0.0	0.0	0.525174100831848	0.0	0.0	0.0	0.0	0.0	0.0	0.0	0.007225349415778578	0.0	0.0	0.0	0.0	0.0	0.0	0.0	0.0	0.0	0.0	0.0	0.007620979859276385	0.0	0.0	0.21847219862928063	0.0	0.0	0.0	0.0	0.0	0.0	0.0	0.006756663790385117	0.0	0.0	0.0	0.0	0.0	0.00858793057782	0.0	0.0	0.0	0.0	0.0	0.0	0.0	0.0	0.0	0.0	0.0	0.0	0.0
Syn.Breast-AdenoCA::S.188	0.13549284432633085	0.023020781012922514	0.0	0.0	0.08137152370470233	0.0	0.0	0.0	0.0	0.0	0.0	0.0	0.0	0.07303754613438979	0.009283346824188179	0.0	0.0	0.04921256781618016	0.0	0.0	0.0	0.0	0.0	0.15363785674703404	0.0	0.0	0.0	0.0	0.0	0.054324042816904304	0.0	0.0	0.12690447602528693	0.0	0.0	0.0	0.0	0.0	0.0	0.0	0.0	0.0	0.0	0.0	0.0	0.1351603695286293	0.07698424950881677	0.08157039555461487	0.0	0.0	0.0	0.0	0.0	0.0	0.0	0.0	0.0	0.0	0.0	0.0
Syn.Breast-AdenoCA::S.189	0.1082458645651662	0.07629170791588943	0.0	0.0	0.0792100242246169	0.0	0.0	0.0	0.0	0.18748561068304873	0.0	0.0	0.0	0.07152125396917297	0.0164232744247312	0.0	0.0	0.03250254789013052	0.0	0.0	0.06051999606806147	0.0	0.0	0.0	0.0	0.054542622525232363	0.0	0.0	0.0	0.0	0.0	0.0	0.23876990080845195	0.0	0.0	0.0	0.0	0.0	0.0	0.0	0.012460579541170216	0.0	0.0	0.0	0.0	0.0	0.06202661738432824	0.0	0.0	0.0	0.0	0.0	0.0	0.0	0.0	0.0	0.0	0.0	0.0	0.0
Syn.Breast-AdenoCA::S.190	0.14935510597263738	0.07407854508765595	0.1032636055808169	0.0	0.11074369100609144	0.0	0.0	0.0	0.0	0.0	0.0	0.0	0.0	0.013707539641393582	0.0	0.0	0.0	0.0	0.0	0.11547101949209941	0.0	0.0	0.0	0.0	0.0	0.20848533600374367	0.08707712104556231	0.0	0.0	0.10063953526833032	0.0	0.0	0.0	0.0	0.0	0.0	0.0	0.0	0.0	0.0	0.0	0.0	0.0	0.0	0.0	0.037178500901669104	0.0	0.0	0.0	0.0	0.0	0.0	0.0	0.0	0.0	0.0	0.0	0.0	0.0	0.0
Syn.Breast-AdenoCA::S.191	0.15418198111197715	0.00337746716932799	0.0	0.0	0.1059253265229821	0.0	0.0	0.0	0.0	0.0	0.0	0.0	0.0	0.15242310953389687	0.18396998058993846	0.0	0.0	0.0	0.0	0.0	0.0	0.0	0.0	0.0	0.0	0.0	0.0	0.0	0.0	0.0	0.0	0.0	0.24089201613380454	0.0	0.0	0.0	0.0	0.0	0.0	0.0	0.0	0.0	0.0	0.0	0.0	0.0	0.1592301189380729	0.0	0.0	0.0	0.0	0.0	0.0	0.0	0.0	0.0	0.0	0.0	0.0	0.0
Syn.Breast-AdenoCA::S.192	0.09500223921141865	0.25338759336619204	0.0	0.0	0.15570230907946128	0.0	0.0	0.0	0.0	0.0	0.0	0.0	0.0	0.0	0.28294234729864937	0.0	0.0	0.0	0.0	0.0	0.0	0.0	0.0	0.0	0.0	0.0	0.0	0.0	0.0	0.1776168989834628	0.0	0.0	0.03534861206081583	0.0	0.0	0.0	0.0	0.0	0.0	0.0	0.0	0.0	0.0	0.0	0.0	0.0	0.0	0.0	0.0	0.0	0.0	0.0	0.0	0.0	0.0	0.0	0.0	0.0	0.0	0.0
Syn.Breast-AdenoCA::S.193	0.011101483683965773	0.0	0.0	0.0	0.06695293800948648	0.0	0.0	0.0	0.0	0.0	0.0	0.0	0.0	0.0	0.9219455783065478	0.0	0.0	0.0	0.0	0.0	0.0	0.0	0.0	0.0	0.0	0.0	0.0	0.0	0.0	0.0	0.0	0.0	0.0	0.0	0.0	0.0	0.0	0.0	0.0	0.0	0.0	0.0	0.0	0.0	0.0	0.0	0.0	0.0	0.0	0.0	0.0	0.0	0.0	0.0	0.0	0.0	0.0	0.0	0.0	0.0
Syn.Breast-AdenoCA::S.194	0.02185256466939222	0.07350800602519324	0.0	0.0	0.0906635739795238	0.0	0.0	0.0	0.0	0.4230878056640524	0.0	0.0	0.0	0.0	0.0	0.0	0.0	0.0	0.0	0.0	0.0	0.0	0.0	0.0	0.0	0.0	0.05224380185058144	0.0	0.0	0.06775203321958204	0.0	0.0	0.062232936792256055	0.0	0.0	0.0	0.0	0.0	0.0	0.0	0.0	0.0	0.0	0.0	0.0	0.20865927779941887	0.0	0.0	0.0	0.0	0.0	0.0	0.0	0.0	0.0	0.0	0.0	0.0	0.0	0.0
Syn.Breast-AdenoCA::S.195	0.08505062432000282	0.0	0.0	0.0	0.10637784628775794	0.0	0.0	0.0	0.0	0.0	0.0	0.0	0.0	0.12946320499268818	0.02714880471702403	0.0	0.0	0.029274399146324886	0.0	0.0	0.06754835339065321	0.0	0.0	0.0	0.0	0.06365111399704444	0.07348058642127385	0.0	0.0	0.0	0.0	0.0	0.06895314448845981	0.14056214046553941	0.0	0.0	0.0	0.0	0.0	0.0	0.0	0.0	0.0	0.0	0.0	0.20848978177323121	0.0	0.0	0.0	0.0	0.0	0.0	0.0	0.0	0.0	0.0	0.0	0.0	0.0	0.0
Syn.Breast-AdenoCA::S.196	0.14524955705329334	0.12164007309145317	0.0	0.0	0.09449225346420696	0.0	0.0	0.0	0.0	0.27354297141956846	0.0	0.0	0.0	0.0	0.0	0.0	0.0	0.06690929676781462	0.0	0.0	0.06329362718271435	0.0	0.0	0.0	0.0	0.0	0.0	0.0	0.0	0.0	0.0	0.0	0.2149759022182844	0.0	0.0	0.0	0.0	0.0	0.0	0.0	0.0	0.0	0.0	0.0	0.0	0.0	0.019896318802664573	0.0	0.0	0.0	0.0	0.0	0.0	0.0	0.0	0.0	0.0	0.0	0.0	0.0
Syn.Breast-AdenoCA::S.197	0.18411246602267908	0.1087384169394055	0.0	0.0	0.1282609045974422	0.0	0.0	0.0	0.0	0.1057297372527194	0.0	0.0	0.0	0.042474721515347945	0.0	0.0	0.0	0.0722661190707901	0.0	0.0	0.0	0.0	0.0	0.0	0.0	0.0	0.10189982685919925	0.0	0.0	0.009154546477979947	0.0	0.0	0.21966072833340827	0.0	0.0	0.0	0.0	0.0	0.0	0.0	0.027702532931028277	0.0	0.0	0.0	0.0	0.0	0.0	0.0	0.0	0.0	0.0	0.0	0.0	0.0	0.0	0.0	0.0	0.0	0.0	0.0
Syn.Breast-AdenoCA::S.198	0.13366903754659268	0.0	0.0	0.0	0.11750774822646701	0.0	0.0	0.0	0.0	0.144062324951467	0.0	0.0	0.0	0.0	0.0	0.0	0.0	0.0	0.0	0.0	0.0	0.0	0.0	0.0	0.0	0.0	0.21077814462412808	0.0	0.0	0.0	0.0	0.0	0.0	0.0	0.0	0.0	0.0	0.0	0.0	0.0	0.0	0.0	0.0	0.0	0.0	0.39398274465134525	0.0	0.0	0.0	0.0	0.0	0.0	0.0	0.0	0.0	0.0	0.0	0.0	0.0	0.0
