Samples	SBS1	SBS2	SBS3	SBS5	SBS8	SBS12	SBS13	SBS16	SBS17b	SBS18	SBS22	SBS28	SBS30	SBS36	SBS39	SBS40	SBS64	SBS69	SBS70	SBS71	SBS4	SBS6	SBS7a	SBS7b	SBS7c	SBS9	SBS10a	SBS11	SBS14	SBS15	SBS17a	SBS19	SBS21	SBS26	SBS33	SBS35	SBS37	SBS38	SBS60	SBS55	SBS44	SBS61	SBS62	SBS63	SBS65	SBS66	SBS67	SBS68	SBS72	SBS73	SBS74	SBS75	SBS76	SBS77	SBS78	SBS79	SBS80	SBS81	SBS82	SBS83
Syn.Breast-AdenoCA::S.1	0.009068735807465582	0.0	0.0	0.13674744944052963	0.0	0.0	0.0	0.0	0.0	0.0	0.0	0.0	0.0	0.0	0.8541838147520048	0.0	0.0	0.0	0.0	0.0	0.0	0.0	0.0	0.0	0.0	0.0	0.0	0.0	0.0	0.0	0.0	0.0	0.0	0.0	0.0	0.0	0.0	0.0	0.0	0.0	0.0	0.0	0.0	0.0	0.0	0.0	0.0	0.0	0.0	0.0	0.0	0.0	0.0	0.0	0.0	0.0	0.0	0.0	0.0	0.0
Syn.Breast-AdenoCA::S.2	0.032065539437761165	0.0	0.0	0.12214105499942796	0.08478234663372007	0.0	0.0	0.0	0.0	0.0	0.0	0.0	0.0	0.0	0.7610110589290908	0.0	0.0	0.0	0.0	0.0	0.0	0.0	0.0	0.0	0.0	0.0	0.0	0.0	0.0	0.0	0.0	0.0	0.0	0.0	0.0	0.0	0.0	0.0	0.0	0.0	0.0	0.0	0.0	0.0	0.0	0.0	0.0	0.0	0.0	0.0	0.0	0.0	0.0	0.0	0.0	0.0	0.0	0.0	0.0	0.0
Syn.Breast-AdenoCA::S.3	0.11490379873564824	0.0	0.0	0.1531061023889916	0.14574001084315474	0.3109061666711711	0.0	0.0	0.0	0.0	0.0	0.0	0.0	0.0	0.12285794171241039	0.0	0.0	0.15248597964862384	0.0	0.0	0.0	0.0	0.0	0.0	0.0	0.0	0.0	0.0	0.0	0.0	0.0	0.0	0.0	0.0	0.0	0.0	0.0	0.0	0.0	0.0	0.0	0.0	0.0	0.0	0.0	0.0	0.0	0.0	0.0	0.0	0.0	0.0	0.0	0.0	0.0	0.0	0.0	0.0	0.0	0.0
Syn.Breast-AdenoCA::S.4	0.0794568649338334	0.0	0.0	0.1397469116544822	0.0	0.0	0.0	0.0	0.0	0.06494227752913613	0.0	0.0	0.0834198312750426	0.0	0.2319511719783371	0.0	0.0	0.4004829426291686	0.0	0.0	0.0	0.0	0.0	0.0	0.0	0.0	0.0	0.0	0.0	0.0	0.0	0.0	0.0	0.0	0.0	0.0	0.0	0.0	0.0	0.0	0.0	0.0	0.0	0.0	0.0	0.0	0.0	0.0	0.0	0.0	0.0	0.0	0.0	0.0	0.0	0.0	0.0	0.0	0.0	0.0
Syn.Breast-AdenoCA::S.5	0.17042738746075178	0.0	0.0	0.1730626229191044	0.4018973122487132	0.11612661387102122	0.0	0.0	0.0	0.0	0.0	0.0	0.0	0.0	0.0	0.0	0.0	0.13848606350040943	0.0	0.0	0.0	0.0	0.0	0.0	0.0	0.0	0.0	0.0	0.0	0.0	0.0	0.0	0.0	0.0	0.0	0.0	0.0	0.0	0.0	0.0	0.0	0.0	0.0	0.0	0.0	0.0	0.0	0.0	0.0	0.0	0.0	0.0	0.0	0.0	0.0	0.0	0.0	0.0	0.0	0.0
Syn.Breast-AdenoCA::S.6	0.08169258904737567	0.09990850858430955	0.0	0.08961701286106584	0.0	0.03983706675186424	0.0	0.0	0.0	0.0	0.0	0.0	0.0	0.0	0.6889448227553847	0.0	0.0	0.0	0.0	0.0	0.0	0.0	0.0	0.0	0.0	0.0	0.0	0.0	0.0	0.0	0.0	0.0	0.0	0.0	0.0	0.0	0.0	0.0	0.0	0.0	0.0	0.0	0.0	0.0	0.0	0.0	0.0	0.0	0.0	0.0	0.0	0.0	0.0	0.0	0.0	0.0	0.0	0.0	0.0	0.0
Syn.Breast-AdenoCA::S.7	0.13726788251775385	0.0	0.0	0.11915808896037312	0.09767588394344637	0.2797942478059705	0.3661038967724561	0.0	0.0	0.0	0.0	0.0	0.0	0.0	0.0	0.0	0.0	0.0	0.0	0.0	0.0	0.0	0.0	0.0	0.0	0.0	0.0	0.0	0.0	0.0	0.0	0.0	0.0	0.0	0.0	0.0	0.0	0.0	0.0	0.0	0.0	0.0	0.0	0.0	0.0	0.0	0.0	0.0	0.0	0.0	0.0	0.0	0.0	0.0	0.0	0.0	0.0	0.0	0.0	0.0
Syn.Breast-AdenoCA::S.8	0.06796628299474275	0.0	0.0	0.11851458487742018	0.0	0.09567388835995977	0.4682026222939782	0.0	0.0	0.0	0.0	0.07941426683567426	0.05975062690252215	0.0	0.11047772773570279	0.0	0.0	0.0	0.0	0.0	0.0	0.0	0.0	0.0	0.0	0.0	0.0	0.0	0.0	0.0	0.0	0.0	0.0	0.0	0.0	0.0	0.0	0.0	0.0	0.0	0.0	0.0	0.0	0.0	0.0	0.0	0.0	0.0	0.0	0.0	0.0	0.0	0.0	0.0	0.0	0.0	0.0	0.0	0.0	0.0
Syn.Breast-AdenoCA::S.9	0.08371779464801928	0.0	0.0	0.12606901689388986	0.07087022715832525	0.0	0.054881193187571446	0.0	0.0	0.05774319798419857	0.0	0.0	0.0	0.0	0.3062392059539302	0.0	0.0	0.18338431501736116	0.11709504915670407	0.0	0.0	0.0	0.0	0.0	0.0	0.0	0.0	0.0	0.0	0.0	0.0	0.0	0.0	0.0	0.0	0.0	0.0	0.0	0.0	0.0	0.0	0.0	0.0	0.0	0.0	0.0	0.0	0.0	0.0	0.0	0.0	0.0	0.0	0.0	0.0	0.0	0.0	0.0	0.0	0.0
Syn.Breast-AdenoCA::S.10	0.08423122823788742	0.0	0.0	0.06920151384230834	0.45502184645959465	0.0	0.09820583198968738	0.0	0.0	0.0	0.0	0.0	0.0	0.0	0.29333957947052225	0.0	0.0	0.0	0.0	0.0	0.0	0.0	0.0	0.0	0.0	0.0	0.0	0.0	0.0	0.0	0.0	0.0	0.0	0.0	0.0	0.0	0.0	0.0	0.0	0.0	0.0	0.0	0.0	0.0	0.0	0.0	0.0	0.0	0.0	0.0	0.0	0.0	0.0	0.0	0.0	0.0	0.0	0.0	0.0	0.0
Syn.Breast-AdenoCA::S.11	0.07430850290122387	0.0	0.1397411748249652	0.15801306956513417	0.0	0.10278566936242114	0.16325853567730778	0.0	0.0	0.0	0.0	0.0	0.05686145399742395	0.0	0.22180539570961705	0.0	0.0	0.0	0.08322619796190699	0.0	0.0	0.0	0.0	0.0	0.0	0.0	0.0	0.0	0.0	0.0	0.0	0.0	0.0	0.0	0.0	0.0	0.0	0.0	0.0	0.0	0.0	0.0	0.0	0.0	0.0	0.0	0.0	0.0	0.0	0.0	0.0	0.0	0.0	0.0	0.0	0.0	0.0	0.0	0.0	0.0
Syn.Breast-AdenoCA::S.12	0.2745859425806496	0.0	0.0	0.1046267843603722	0.0	0.0	0.0	0.0	0.0	0.0631958915633094	0.0	0.0	0.05840141538191999	0.11054350802166844	0.2466001753945684	0.0	0.1420462826975119	0.0	0.0	0.0	0.0	0.0	0.0	0.0	0.0	0.0	0.0	0.0	0.0	0.0	0.0	0.0	0.0	0.0	0.0	0.0	0.0	0.0	0.0	0.0	0.0	0.0	0.0	0.0	0.0	0.0	0.0	0.0	0.0	0.0	0.0	0.0	0.0	0.0	0.0	0.0	0.0	0.0	0.0	0.0
Syn.Breast-AdenoCA::S.13	0.15990447601517793	0.0	0.0	0.12535613550933097	0.0	0.17265181442899577	0.0876629332980679	0.0	0.0	0.0	0.0	0.05567507564623588	0.06345015160496412	0.0	0.0	0.13842291256949976	0.116708270854162	0.0	0.08016823007356563	0.0	0.0	0.0	0.0	0.0	0.0	0.0	0.0	0.0	0.0	0.0	0.0	0.0	0.0	0.0	0.0	0.0	0.0	0.0	0.0	0.0	0.0	0.0	0.0	0.0	0.0	0.0	0.0	0.0	0.0	0.0	0.0	0.0	0.0	0.0	0.0	0.0	0.0	0.0	0.0	0.0
Syn.Breast-AdenoCA::S.14	0.08943483174104774	0.13700152576243396	0.0	0.09599174491204358	0.12029632372400928	0.13604866194873727	0.0	0.0	0.0	0.0	0.0	0.0	0.11164927454727394	0.0	0.177302119068401	0.0	0.0	0.0	0.13227551829605308	0.0	0.0	0.0	0.0	0.0	0.0	0.0	0.0	0.0	0.0	0.0	0.0	0.0	0.0	0.0	0.0	0.0	0.0	0.0	0.0	0.0	0.0	0.0	0.0	0.0	0.0	0.0	0.0	0.0	0.0	0.0	0.0	0.0	0.0	0.0	0.0	0.0	0.0	0.0	0.0	0.0
Syn.Breast-AdenoCA::S.15	0.06478758729927335	0.0	0.0	0.06930316782943148	0.26337726041893067	0.11249635793129875	0.0	0.0	0.0	0.0	0.19184053907588167	0.0	0.058294415029998645	0.14588975455777217	0.0	0.0	0.0	0.09401091785741311	0.0	0.0	0.0	0.0	0.0	0.0	0.0	0.0	0.0	0.0	0.0	0.0	0.0	0.0	0.0	0.0	0.0	0.0	0.0	0.0	0.0	0.0	0.0	0.0	0.0	0.0	0.0	0.0	0.0	0.0	0.0	0.0	0.0	0.0	0.0	0.0	0.0	0.0	0.0	0.0	0.0	0.0
Syn.Breast-AdenoCA::S.16	0.1451466896617775	0.14955601359693674	0.1324342242706345	0.1920901265832849	0.05832666662473944	0.04011509882568067	0.0	0.06900413134250917	0.0	0.0	0.1539680423091207	0.0	0.0	0.0	0.0	0.0	0.0	0.0	0.059359006785316366	0.0	0.0	0.0	0.0	0.0	0.0	0.0	0.0	0.0	0.0	0.0	0.0	0.0	0.0	0.0	0.0	0.0	0.0	0.0	0.0	0.0	0.0	0.0	0.0	0.0	0.0	0.0	0.0	0.0	0.0	0.0	0.0	0.0	0.0	0.0	0.0	0.0	0.0	0.0	0.0	0.0
Syn.Breast-AdenoCA::S.17	0.03307225514873626	0.0	0.0	0.05429084351114059	0.0	0.13314490402234763	0.032467182964597746	0.0	0.08518693466343243	0.09746795707216539	0.0	0.0	0.0	0.10122450531390713	0.29373159730615384	0.0	0.0	0.16941381999751906	0.0	0.0	0.0	0.0	0.0	0.0	0.0	0.0	0.0	0.0	0.0	0.0	0.0	0.0	0.0	0.0	0.0	0.0	0.0	0.0	0.0	0.0	0.0	0.0	0.0	0.0	0.0	0.0	0.0	0.0	0.0	0.0	0.0	0.0	0.0	0.0	0.0	0.0	0.0	0.0	0.0	0.0
Syn.Breast-AdenoCA::S.18	0.016177994522753827	0.0	0.0	0.13119768230283138	0.0	0.0	0.8526243231744148	0.0	0.0	0.0	0.0	0.0	0.0	0.0	0.0	0.0	0.0	0.0	0.0	0.0	0.0	0.0	0.0	0.0	0.0	0.0	0.0	0.0	0.0	0.0	0.0	0.0	0.0	0.0	0.0	0.0	0.0	0.0	0.0	0.0	0.0	0.0	0.0	0.0	0.0	0.0	0.0	0.0	0.0	0.0	0.0	0.0	0.0	0.0	0.0	0.0	0.0	0.0	0.0	0.0
Syn.Breast-AdenoCA::S.19	0.03400304209184158	0.14168724108046765	0.0	0.06805270483054932	0.0	0.07586640619565212	0.0	0.0	0.0	0.0	0.0	0.0	0.0	0.4197932502644562	0.2605973555370331	0.0	0.0	0.0	0.0	0.0	0.0	0.0	0.0	0.0	0.0	0.0	0.0	0.0	0.0	0.0	0.0	0.0	0.0	0.0	0.0	0.0	0.0	0.0	0.0	0.0	0.0	0.0	0.0	0.0	0.0	0.0	0.0	0.0	0.0	0.0	0.0	0.0	0.0	0.0	0.0	0.0	0.0	0.0	0.0	0.0
Syn.Breast-AdenoCA::S.20	0.123486719254234	0.0	0.0	0.22743022961584738	0.0	0.0	0.0	0.0	0.0	0.0	0.0	0.08586288091690782	0.09046232214196145	0.0	0.4727578480710494	0.0	0.0	0.0	0.0	0.0	0.0	0.0	0.0	0.0	0.0	0.0	0.0	0.0	0.0	0.0	0.0	0.0	0.0	0.0	0.0	0.0	0.0	0.0	0.0	0.0	0.0	0.0	0.0	0.0	0.0	0.0	0.0	0.0	0.0	0.0	0.0	0.0	0.0	0.0	0.0	0.0	0.0	0.0	0.0	0.0
Syn.Breast-AdenoCA::S.21	0.03553573823823948	0.0	0.0	0.13550743521570638	0.18145982121874757	0.0	0.10906728192320697	0.0	0.0	0.0	0.0	0.0	0.04609479960507801	0.0	0.40466225662533767	0.0	0.0	0.0	0.0876726671736839	0.0	0.0	0.0	0.0	0.0	0.0	0.0	0.0	0.0	0.0	0.0	0.0	0.0	0.0	0.0	0.0	0.0	0.0	0.0	0.0	0.0	0.0	0.0	0.0	0.0	0.0	0.0	0.0	0.0	0.0	0.0	0.0	0.0	0.0	0.0	0.0	0.0	0.0	0.0	0.0	0.0
Syn.Breast-AdenoCA::S.22	0.11982797002573782	0.0	0.0	0.15170347869142461	0.12358930138664025	0.0	0.07605656851781431	0.0	0.0	0.0	0.09570386055208903	0.0	0.1183044818626699	0.12739470687801926	0.1874196320856048	0.0	0.0	0.0	0.0	0.0	0.0	0.0	0.0	0.0	0.0	0.0	0.0	0.0	0.0	0.0	0.0	0.0	0.0	0.0	0.0	0.0	0.0	0.0	0.0	0.0	0.0	0.0	0.0	0.0	0.0	0.0	0.0	0.0	0.0	0.0	0.0	0.0	0.0	0.0	0.0	0.0	0.0	0.0	0.0	0.0
Syn.Breast-AdenoCA::S.23	0.03316205072185692	0.0	0.0	0.10043161069984576	0.0	0.052149336035750705	0.15708694252027638	0.0	0.0	0.0	0.06353930603580166	0.0	0.0	0.0	0.5936307539864686	0.0	0.0	0.0	0.0	0.0	0.0	0.0	0.0	0.0	0.0	0.0	0.0	0.0	0.0	0.0	0.0	0.0	0.0	0.0	0.0	0.0	0.0	0.0	0.0	0.0	0.0	0.0	0.0	0.0	0.0	0.0	0.0	0.0	0.0	0.0	0.0	0.0	0.0	0.0	0.0	0.0	0.0	0.0	0.0	0.0
Syn.Breast-AdenoCA::S.24	0.08902485167827064	0.0	0.0	0.06664833909938106	0.1546930578918934	0.0	0.27831196705240385	0.06061862152491125	0.0	0.0	0.0	0.1241657518367631	0.06421389002153954	0.0	0.0	0.0	0.0	0.0	0.16232352089483718	0.0	0.0	0.0	0.0	0.0	0.0	0.0	0.0	0.0	0.0	0.0	0.0	0.0	0.0	0.0	0.0	0.0	0.0	0.0	0.0	0.0	0.0	0.0	0.0	0.0	0.0	0.0	0.0	0.0	0.0	0.0	0.0	0.0	0.0	0.0	0.0	0.0	0.0	0.0	0.0	0.0
Syn.Breast-AdenoCA::S.25	0.20048906720073462	0.0	0.11884287186395173	0.09481404538825111	0.0	0.0	0.0	0.0	0.0	0.0	0.0	0.0	0.1402970630916274	0.0	0.0	0.0	0.19698662484787935	0.09740855187535744	0.15116177573219838	0.0	0.0	0.0	0.0	0.0	0.0	0.0	0.0	0.0	0.0	0.0	0.0	0.0	0.0	0.0	0.0	0.0	0.0	0.0	0.0	0.0	0.0	0.0	0.0	0.0	0.0	0.0	0.0	0.0	0.0	0.0	0.0	0.0	0.0	0.0	0.0	0.0	0.0	0.0	0.0	0.0
Syn.Breast-AdenoCA::S.26	0.10046163567496487	0.0	0.0	0.11944504451165128	0.1982796007307046	0.04831662458552099	0.0	0.12499495639929949	0.0	0.0	0.0	0.0	0.10814100024109785	0.0	0.05290622509828006	0.0	0.0	0.15341957121932553	0.09403534153915533	0.0	0.0	0.0	0.0	0.0	0.0	0.0	0.0	0.0	0.0	0.0	0.0	0.0	0.0	0.0	0.0	0.0	0.0	0.0	0.0	0.0	0.0	0.0	0.0	0.0	0.0	0.0	0.0	0.0	0.0	0.0	0.0	0.0	0.0	0.0	0.0	0.0	0.0	0.0	0.0	0.0
Syn.Breast-AdenoCA::S.27	0.03033590389486679	0.0	0.23682217243102105	0.046962588018773135	0.134658333059541	0.10115018180257307	0.07283579742518201	0.0	0.0	0.0	0.0	0.0	0.0	0.20811501363078122	0.1691200097372617	0.0	0.0	0.0	0.0	0.0	0.0	0.0	0.0	0.0	0.0	0.0	0.0	0.0	0.0	0.0	0.0	0.0	0.0	0.0	0.0	0.0	0.0	0.0	0.0	0.0	0.0	0.0	0.0	0.0	0.0	0.0	0.0	0.0	0.0	0.0	0.0	0.0	0.0	0.0	0.0	0.0	0.0	0.0	0.0	0.0
Syn.Breast-AdenoCA::S.28	0.08486960427631182	0.06756571250801116	0.076750466633172	0.17156591810548857	0.0	0.0	0.0	0.13270790176918912	0.05620840112363478	0.0	0.0740494917140916	0.07357252905845567	0.08916556963717868	0.0	0.0717979770937353	0.0	0.0	0.0	0.10174642808073128	0.0	0.0	0.0	0.0	0.0	0.0	0.0	0.0	0.0	0.0	0.0	0.0	0.0	0.0	0.0	0.0	0.0	0.0	0.0	0.0	0.0	0.0	0.0	0.0	0.0	0.0	0.0	0.0	0.0	0.0	0.0	0.0	0.0	0.0	0.0	0.0	0.0	0.0	0.0	0.0	0.0
Syn.Breast-AdenoCA::S.29	0.05139387742231516	0.0	0.0	0.15714339572153388	0.17255960483714877	0.0	0.0	0.0	0.0	0.0	0.0	0.0	0.0	0.0	0.5216921293827834	0.0	0.0	0.0	0.09721099263621887	0.0	0.0	0.0	0.0	0.0	0.0	0.0	0.0	0.0	0.0	0.0	0.0	0.0	0.0	0.0	0.0	0.0	0.0	0.0	0.0	0.0	0.0	0.0	0.0	0.0	0.0	0.0	0.0	0.0	0.0	0.0	0.0	0.0	0.0	0.0	0.0	0.0	0.0	0.0	0.0	0.0
Syn.Breast-AdenoCA::S.30	0.18749307198994766	0.0	0.0	0.20233793712207276	0.17426844042543163	0.0	0.0	0.0	0.0	0.03708127519984365	0.0	0.0	0.11278445199215292	0.0	0.1318603524822387	0.0	0.0	0.0	0.15417447078831267	0.0	0.0	0.0	0.0	0.0	0.0	0.0	0.0	0.0	0.0	0.0	0.0	0.0	0.0	0.0	0.0	0.0	0.0	0.0	0.0	0.0	0.0	0.0	0.0	0.0	0.0	0.0	0.0	0.0	0.0	0.0	0.0	0.0	0.0	0.0	0.0	0.0	0.0	0.0	0.0	0.0
Syn.Breast-AdenoCA::S.31	0.36575353446729064	0.0	0.0	0.19105800724417868	0.0941051320987818	0.059532713478376485	0.0	0.0	0.0	0.0	0.0	0.0	0.0	0.1782286363476051	0.11132197636376728	0.0	0.0	0.0	0.0	0.0	0.0	0.0	0.0	0.0	0.0	0.0	0.0	0.0	0.0	0.0	0.0	0.0	0.0	0.0	0.0	0.0	0.0	0.0	0.0	0.0	0.0	0.0	0.0	0.0	0.0	0.0	0.0	0.0	0.0	0.0	0.0	0.0	0.0	0.0	0.0	0.0	0.0	0.0	0.0	0.0
Syn.Breast-AdenoCA::S.32	0.07281931635566402	0.0	0.0	0.14223414192975348	0.0	0.0	0.18179048926246744	0.0	0.07781735731486908	0.0	0.0	0.0	0.07449932116167621	0.26546014816742014	0.1853792258081495	0.0	0.0	0.0	0.0	0.0	0.0	0.0	0.0	0.0	0.0	0.0	0.0	0.0	0.0	0.0	0.0	0.0	0.0	0.0	0.0	0.0	0.0	0.0	0.0	0.0	0.0	0.0	0.0	0.0	0.0	0.0	0.0	0.0	0.0	0.0	0.0	0.0	0.0	0.0	0.0	0.0	0.0	0.0	0.0	0.0
Syn.Breast-AdenoCA::S.33	0.1662872723070718	0.0	0.0	0.09711737619509454	0.0	0.26946991536085013	0.07292207075172606	0.03963435504352436	0.0	0.0	0.0	0.0	0.0	0.07230154506734178	0.13522252749599106	0.0	0.0	0.0	0.14704493777840028	0.0	0.0	0.0	0.0	0.0	0.0	0.0	0.0	0.0	0.0	0.0	0.0	0.0	0.0	0.0	0.0	0.0	0.0	0.0	0.0	0.0	0.0	0.0	0.0	0.0	0.0	0.0	0.0	0.0	0.0	0.0	0.0	0.0	0.0	0.0	0.0	0.0	0.0	0.0	0.0	0.0
Syn.Breast-AdenoCA::S.34	0.02406093193776107	0.0	0.0	0.21866537161228636	0.0	0.0	0.0	0.0	0.0	0.0	0.0	0.0	0.0	0.0	0.7572736964499526	0.0	0.0	0.0	0.0	0.0	0.0	0.0	0.0	0.0	0.0	0.0	0.0	0.0	0.0	0.0	0.0	0.0	0.0	0.0	0.0	0.0	0.0	0.0	0.0	0.0	0.0	0.0	0.0	0.0	0.0	0.0	0.0	0.0	0.0	0.0	0.0	0.0	0.0	0.0	0.0	0.0	0.0	0.0	0.0	0.0
Syn.Breast-AdenoCA::S.35	0.027372915206691915	0.0	0.0	0.10116825589679307	0.0	0.0	0.6087219574906009	0.0	0.0	0.0	0.0	0.0	0.0	0.0	0.26273687140591423	0.0	0.0	0.0	0.0	0.0	0.0	0.0	0.0	0.0	0.0	0.0	0.0	0.0	0.0	0.0	0.0	0.0	0.0	0.0	0.0	0.0	0.0	0.0	0.0	0.0	0.0	0.0	0.0	0.0	0.0	0.0	0.0	0.0	0.0	0.0	0.0	0.0	0.0	0.0	0.0	0.0	0.0	0.0	0.0	0.0
Syn.Breast-AdenoCA::S.36	0.12772500426438005	0.0	0.0	0.09706078765346832	0.0	0.19244754824946328	0.0	0.04419813734138178	0.0	0.0	0.0	0.0	0.10953880242964392	0.15209778100803542	0.1834588304295774	0.0	0.0	0.09347310862404992	0.0	0.0	0.0	0.0	0.0	0.0	0.0	0.0	0.0	0.0	0.0	0.0	0.0	0.0	0.0	0.0	0.0	0.0	0.0	0.0	0.0	0.0	0.0	0.0	0.0	0.0	0.0	0.0	0.0	0.0	0.0	0.0	0.0	0.0	0.0	0.0	0.0	0.0	0.0	0.0	0.0	0.0
Syn.Breast-AdenoCA::S.37	0.0638503759579788	0.0	0.0	0.15058705660787855	0.37616681636829163	0.0	0.3063391172106196	0.0	0.0	0.0	0.0	0.0	0.0	0.0	0.0	0.0	0.0	0.10305663385523134	0.0	0.0	0.0	0.0	0.0	0.0	0.0	0.0	0.0	0.0	0.0	0.0	0.0	0.0	0.0	0.0	0.0	0.0	0.0	0.0	0.0	0.0	0.0	0.0	0.0	0.0	0.0	0.0	0.0	0.0	0.0	0.0	0.0	0.0	0.0	0.0	0.0	0.0	0.0	0.0	0.0	0.0
Syn.Breast-AdenoCA::S.38	0.10683101390018097	0.0	0.0	0.08935815209073775	0.0	0.09262610444820425	0.0	0.0	0.0	0.0	0.0	0.0	0.05432580507076758	0.05287756999623012	0.3412546558167343	0.0	0.0	0.09343095948901678	0.16929573918812824	0.0	0.0	0.0	0.0	0.0	0.0	0.0	0.0	0.0	0.0	0.0	0.0	0.0	0.0	0.0	0.0	0.0	0.0	0.0	0.0	0.0	0.0	0.0	0.0	0.0	0.0	0.0	0.0	0.0	0.0	0.0	0.0	0.0	0.0	0.0	0.0	0.0	0.0	0.0	0.0	0.0
Syn.Breast-AdenoCA::S.39	0.0733744305938549	0.22206429949570716	0.0	0.14033578717813366	0.0	0.22007789168694863	0.0	0.0	0.0	0.0	0.0	0.0730743047319881	0.06245398046556279	0.0	0.0	0.0	0.0	0.12783533515999967	0.0807839706878052	0.0	0.0	0.0	0.0	0.0	0.0	0.0	0.0	0.0	0.0	0.0	0.0	0.0	0.0	0.0	0.0	0.0	0.0	0.0	0.0	0.0	0.0	0.0	0.0	0.0	0.0	0.0	0.0	0.0	0.0	0.0	0.0	0.0	0.0	0.0	0.0	0.0	0.0	0.0	0.0	0.0
Syn.Breast-AdenoCA::S.40	0.05030925498904122	0.0	0.0	0.09244413857383037	0.0	0.056092172940205576	0.0	0.0	0.0	0.054151727896035146	0.10411172564009818	0.0	0.09862704515602777	0.0	0.5442639348047617	0.0	0.0	0.0	0.0	0.0	0.0	0.0	0.0	0.0	0.0	0.0	0.0	0.0	0.0	0.0	0.0	0.0	0.0	0.0	0.0	0.0	0.0	0.0	0.0	0.0	0.0	0.0	0.0	0.0	0.0	0.0	0.0	0.0	0.0	0.0	0.0	0.0	0.0	0.0	0.0	0.0	0.0	0.0	0.0	0.0
Syn.Breast-AdenoCA::S.41	0.11415222241108129	0.21473431310658767	0.0	0.16393593659362946	0.18125353822229387	0.0	0.1169164717155737	0.0	0.0	0.0	0.0	0.0	0.05194647033809801	0.0	0.1570610476127359	0.0	0.0	0.0	0.0	0.0	0.0	0.0	0.0	0.0	0.0	0.0	0.0	0.0	0.0	0.0	0.0	0.0	0.0	0.0	0.0	0.0	0.0	0.0	0.0	0.0	0.0	0.0	0.0	0.0	0.0	0.0	0.0	0.0	0.0	0.0	0.0	0.0	0.0	0.0	0.0	0.0	0.0	0.0	0.0	0.0
Syn.Breast-AdenoCA::S.42	0.0930951115986912	0.13934083647394505	0.17682245722219433	0.11136522540837775	0.0	0.0	0.11181460948689369	0.0	0.0	0.0	0.13492886964566303	0.0	0.03913810212315707	0.0	0.06251914394740553	0.0	0.0	0.13097564409367235	0.0	0.0	0.0	0.0	0.0	0.0	0.0	0.0	0.0	0.0	0.0	0.0	0.0	0.0	0.0	0.0	0.0	0.0	0.0	0.0	0.0	0.0	0.0	0.0	0.0	0.0	0.0	0.0	0.0	0.0	0.0	0.0	0.0	0.0	0.0	0.0	0.0	0.0	0.0	0.0	0.0	0.0
Syn.Breast-AdenoCA::S.43	0.0381694346061882	0.0	0.0	0.07724887545112533	0.0	0.0	0.24830587944340665	0.0	0.0	0.0	0.10176901671373641	0.0	0.0	0.17518270522062548	0.359324088564918	0.0	0.0	0.0	0.0	0.0	0.0	0.0	0.0	0.0	0.0	0.0	0.0	0.0	0.0	0.0	0.0	0.0	0.0	0.0	0.0	0.0	0.0	0.0	0.0	0.0	0.0	0.0	0.0	0.0	0.0	0.0	0.0	0.0	0.0	0.0	0.0	0.0	0.0	0.0	0.0	0.0	0.0	0.0	0.0	0.0
Syn.Breast-AdenoCA::S.44	0.03932024698450357	0.0	0.0	0.03757247040593339	0.36124399365595383	0.07467831444988177	0.0	0.0	0.0	0.0	0.0	0.0	0.07245700886613038	0.15216873387379376	0.26255923176380325	0.0	0.0	0.0	0.0	0.0	0.0	0.0	0.0	0.0	0.0	0.0	0.0	0.0	0.0	0.0	0.0	0.0	0.0	0.0	0.0	0.0	0.0	0.0	0.0	0.0	0.0	0.0	0.0	0.0	0.0	0.0	0.0	0.0	0.0	0.0	0.0	0.0	0.0	0.0	0.0	0.0	0.0	0.0	0.0	0.0
Syn.Breast-AdenoCA::S.45	0.19536200790718872	0.07913076328373396	0.0	0.09171704447685	0.06921095591582918	0.07929038166515123	0.0	0.0	0.0	0.088933224690708	0.0	0.05609980169510294	0.034515544015030805	0.0	0.20101116947951522	0.0	0.10472910687089003	0.0	0.0	0.0	0.0	0.0	0.0	0.0	0.0	0.0	0.0	0.0	0.0	0.0	0.0	0.0	0.0	0.0	0.0	0.0	0.0	0.0	0.0	0.0	0.0	0.0	0.0	0.0	0.0	0.0	0.0	0.0	0.0	0.0	0.0	0.0	0.0	0.0	0.0	0.0	0.0	0.0	0.0	0.0
Syn.Breast-AdenoCA::S.46	0.08928310801188818	0.0	0.0	0.08546462215190326	0.13768350183399933	0.12799214606302234	0.0	0.0	0.0	0.0	0.0	0.0	0.0	0.13288064106899378	0.07248478514582773	0.08176496190784065	0.0	0.2724462338165246	0.0	0.0	0.0	0.0	0.0	0.0	0.0	0.0	0.0	0.0	0.0	0.0	0.0	0.0	0.0	0.0	0.0	0.0	0.0	0.0	0.0	0.0	0.0	0.0	0.0	0.0	0.0	0.0	0.0	0.0	0.0	0.0	0.0	0.0	0.0	0.0	0.0	0.0	0.0	0.0	0.0	0.0
Syn.Breast-AdenoCA::S.47	0.029541292760405895	0.0	0.1534651216677426	0.1163144741724309	0.0	0.0	0.09381897152972293	0.0	0.0	0.07822870287830491	0.0	0.0	0.07005237517624005	0.0	0.13821525528267511	0.0	0.0	0.3203638065324775	0.0	0.0	0.0	0.0	0.0	0.0	0.0	0.0	0.0	0.0	0.0	0.0	0.0	0.0	0.0	0.0	0.0	0.0	0.0	0.0	0.0	0.0	0.0	0.0	0.0	0.0	0.0	0.0	0.0	0.0	0.0	0.0	0.0	0.0	0.0	0.0	0.0	0.0	0.0	0.0	0.0	0.0
Syn.Breast-AdenoCA::S.48	0.08713420400950678	0.06625031271194158	0.14813211691682662	0.07037239390904299	0.0	0.11790337280719305	0.07368431445155035	0.042524599090820785	0.0	0.07571932328467798	0.0	0.0	0.06319537616097076	0.0	0.2550839866574692	0.0	0.0	0.0	0.0	0.0	0.0	0.0	0.0	0.0	0.0	0.0	0.0	0.0	0.0	0.0	0.0	0.0	0.0	0.0	0.0	0.0	0.0	0.0	0.0	0.0	0.0	0.0	0.0	0.0	0.0	0.0	0.0	0.0	0.0	0.0	0.0	0.0	0.0	0.0	0.0	0.0	0.0	0.0	0.0	0.0
Syn.Breast-AdenoCA::S.49	0.08015457933941726	0.13877452960434555	0.0	0.1396216053424473	0.0	0.0958681996657038	0.3947380135324251	0.0	0.0	0.0	0.0	0.0	0.0	0.0	0.15084307251566098	0.0	0.0	0.0	0.0	0.0	0.0	0.0	0.0	0.0	0.0	0.0	0.0	0.0	0.0	0.0	0.0	0.0	0.0	0.0	0.0	0.0	0.0	0.0	0.0	0.0	0.0	0.0	0.0	0.0	0.0	0.0	0.0	0.0	0.0	0.0	0.0	0.0	0.0	0.0	0.0	0.0	0.0	0.0	0.0	0.0
Syn.Breast-AdenoCA::S.50	0.06559377595937471	0.1808068539377909	0.0	0.21052860835447892	0.0	0.0	0.0	0.0	0.0	0.0	0.0	0.0	0.0	0.5430707617483554	0.0	0.0	0.0	0.0	0.0	0.0	0.0	0.0	0.0	0.0	0.0	0.0	0.0	0.0	0.0	0.0	0.0	0.0	0.0	0.0	0.0	0.0	0.0	0.0	0.0	0.0	0.0	0.0	0.0	0.0	0.0	0.0	0.0	0.0	0.0	0.0	0.0	0.0	0.0	0.0	0.0	0.0	0.0	0.0	0.0	0.0
Syn.Breast-AdenoCA::S.51	0.08965521398884978	0.10800499528494861	0.0	0.13371515478973794	0.12829137017280376	0.0	0.0	0.0	0.0	0.0	0.0	0.0	0.07449324757620639	0.14214514114832094	0.3236948770391326	0.0	0.0	0.0	0.0	0.0	0.0	0.0	0.0	0.0	0.0	0.0	0.0	0.0	0.0	0.0	0.0	0.0	0.0	0.0	0.0	0.0	0.0	0.0	0.0	0.0	0.0	0.0	0.0	0.0	0.0	0.0	0.0	0.0	0.0	0.0	0.0	0.0	0.0	0.0	0.0	0.0	0.0	0.0	0.0	0.0
Syn.Breast-AdenoCA::S.52	0.3088342232009953	0.0	0.0	0.16684676756503233	0.0	0.0	0.0	0.0	0.0	0.0	0.06401294780486139	0.0	0.0	0.0	0.17320450371987614	0.0	0.0	0.2871015577092349	0.0	0.0	0.0	0.0	0.0	0.0	0.0	0.0	0.0	0.0	0.0	0.0	0.0	0.0	0.0	0.0	0.0	0.0	0.0	0.0	0.0	0.0	0.0	0.0	0.0	0.0	0.0	0.0	0.0	0.0	0.0	0.0	0.0	0.0	0.0	0.0	0.0	0.0	0.0	0.0	0.0	0.0
Syn.Breast-AdenoCA::S.53	0.02018880273134432	0.0	0.0	0.050092636148713086	0.07833783707989157	0.0	0.8513807240400509	0.0	0.0	0.0	0.0	0.0	0.0	0.0	0.0	0.0	0.0	0.0	0.0	0.0	0.0	0.0	0.0	0.0	0.0	0.0	0.0	0.0	0.0	0.0	0.0	0.0	0.0	0.0	0.0	0.0	0.0	0.0	0.0	0.0	0.0	0.0	0.0	0.0	0.0	0.0	0.0	0.0	0.0	0.0	0.0	0.0	0.0	0.0	0.0	0.0	0.0	0.0	0.0	0.0
Syn.Breast-AdenoCA::S.54	0.09201165299265876	0.0	0.0	7.441436844616006e-16	0.05638495125162574	0.1515814573194377	0.0	0.0	0.0	0.06294409149206066	0.0	0.0	0.05913744421655745	0.14639714937337098	0.13358041821982372	0.0	0.0	0.21955634591425097	0.07840648922021327	0.0	0.0	0.0	0.0	0.0	0.0	0.0	0.0	0.0	0.0	0.0	0.0	0.0	0.0	0.0	0.0	0.0	0.0	0.0	0.0	0.0	0.0	0.0	0.0	0.0	0.0	0.0	0.0	0.0	0.0	0.0	0.0	0.0	0.0	0.0	0.0	0.0	0.0	0.0	0.0	0.0
Syn.Breast-AdenoCA::S.55	0.11025331576780117	0.1207181175835303	0.0	0.126242880625488	0.18613379706798594	0.07301111089471914	0.0	0.0	0.0	0.0	0.05537151883364634	0.0	0.0	0.0	0.3282692592268291	0.0	0.0	0.0	0.0	0.0	0.0	0.0	0.0	0.0	0.0	0.0	0.0	0.0	0.0	0.0	0.0	0.0	0.0	0.0	0.0	0.0	0.0	0.0	0.0	0.0	0.0	0.0	0.0	0.0	0.0	0.0	0.0	0.0	0.0	0.0	0.0	0.0	0.0	0.0	0.0	0.0	0.0	0.0	0.0	0.0
Syn.Breast-AdenoCA::S.56	0.128246046710024	0.0	0.0	0.19105708767028387	0.0	0.16987008476379037	0.0	0.0	0.0	0.0	0.0	0.0	0.0770123109075644	0.042002326099765314	0.11695809373651439	0.0	0.0	0.0	0.05076352100108974	0.22409052911096805	0.0	0.0	0.0	0.0	0.0	0.0	0.0	0.0	0.0	0.0	0.0	0.0	0.0	0.0	0.0	0.0	0.0	0.0	0.0	0.0	0.0	0.0	0.0	0.0	0.0	0.0	0.0	0.0	0.0	0.0	0.0	0.0	0.0	0.0	0.0	0.0	0.0	0.0	0.0	0.0
Syn.Breast-AdenoCA::S.57	0.03333249765591498	0.0	0.20334424976242685	0.09233346534618583	0.07367285089075529	0.0	0.16549182493749662	0.0	0.0	0.0	0.0	0.0	0.0	0.0	0.43182511140722046	0.0	0.0	0.0	0.0	0.0	0.0	0.0	0.0	0.0	0.0	0.0	0.0	0.0	0.0	0.0	0.0	0.0	0.0	0.0	0.0	0.0	0.0	0.0	0.0	0.0	0.0	0.0	0.0	0.0	0.0	0.0	0.0	0.0	0.0	0.0	0.0	0.0	0.0	0.0	0.0	0.0	0.0	0.0	0.0	0.0
Syn.Breast-AdenoCA::S.58	0.11504130494858143	0.07360596467071974	0.0	0.03961178199695681	0.09817338299255603	0.17229543052823784	0.0	0.0	0.0	0.22641920821004252	0.0	0.0	0.0	0.0	0.0	0.0	0.0	0.12540647175407643	0.14944645489882916	0.0	0.0	0.0	0.0	0.0	0.0	0.0	0.0	0.0	0.0	0.0	0.0	0.0	0.0	0.0	0.0	0.0	0.0	0.0	0.0	0.0	0.0	0.0	0.0	0.0	0.0	0.0	0.0	0.0	0.0	0.0	0.0	0.0	0.0	0.0	0.0	0.0	0.0	0.0	0.0	0.0
Syn.Breast-AdenoCA::S.59	0.19138032668222862	0.0	0.0	0.09267445957288803	0.0	0.0	0.05356579382265543	0.0	0.0	0.06944692946206464	0.07657103354682537	0.0	0.0	0.051259140847256385	0.19194232551066778	0.0	0.0	0.16187206192094533	0.11128792863446857	0.0	0.0	0.0	0.0	0.0	0.0	0.0	0.0	0.0	0.0	0.0	0.0	0.0	0.0	0.0	0.0	0.0	0.0	0.0	0.0	0.0	0.0	0.0	0.0	0.0	0.0	0.0	0.0	0.0	0.0	0.0	0.0	0.0	0.0	0.0	0.0	0.0	0.0	0.0	0.0	0.0
Syn.Breast-AdenoCA::S.60	0.12492958319951408	0.0	0.0	0.2293323669775402	0.1446298714636759	0.10886181180167215	0.0	0.0	0.0	0.03356110024571913	0.0	0.0	0.0	0.19592754672495896	0.0	0.0	0.0	0.0	0.16275771958691954	0.0	0.0	0.0	0.0	0.0	0.0	0.0	0.0	0.0	0.0	0.0	0.0	0.0	0.0	0.0	0.0	0.0	0.0	0.0	0.0	0.0	0.0	0.0	0.0	0.0	0.0	0.0	0.0	0.0	0.0	0.0	0.0	0.0	0.0	0.0	0.0	0.0	0.0	0.0	0.0	0.0
Syn.Breast-AdenoCA::S.61	0.04239165374407827	0.054165763453914946	0.0	0.09630648271263278	0.35202950893588936	0.0	0.0	0.0	0.0	0.07337549307451949	0.0	0.0	0.0	0.0	0.22477106486204462	0.0	0.0	0.15696003321692054	0.0	0.0	0.0	0.0	0.0	0.0	0.0	0.0	0.0	0.0	0.0	0.0	0.0	0.0	0.0	0.0	0.0	0.0	0.0	0.0	0.0	0.0	0.0	0.0	0.0	0.0	0.0	0.0	0.0	0.0	0.0	0.0	0.0	0.0	0.0	0.0	0.0	0.0	0.0	0.0	0.0	0.0
Syn.Breast-AdenoCA::S.62	0.05567073941896685	0.0	0.0	0.041336997040969894	0.4303399121228998	0.0	0.06284088360198732	0.0	0.0	0.09985304822988703	0.0	0.14928585632023797	0.07133499691269102	0.0	0.0	0.0	0.0	0.0	0.08933756635236022	0.0	0.0	0.0	0.0	0.0	0.0	0.0	0.0	0.0	0.0	0.0	0.0	0.0	0.0	0.0	0.0	0.0	0.0	0.0	0.0	0.0	0.0	0.0	0.0	0.0	0.0	0.0	0.0	0.0	0.0	0.0	0.0	0.0	0.0	0.0	0.0	0.0	0.0	0.0	0.0	0.0
Syn.Breast-AdenoCA::S.63	0.08911854650318458	0.0	0.0	0.021943689528757495	0.0	0.08652406378543501	0.0	0.0	0.0	0.06796677085929773	0.0	0.0	0.04512347794302391	0.05160023531565253	0.21087273061890702	0.0	0.10817209956486651	0.19720908258471714	0.12146930329615802	0.0	0.0	0.0	0.0	0.0	0.0	0.0	0.0	0.0	0.0	0.0	0.0	0.0	0.0	0.0	0.0	0.0	0.0	0.0	0.0	0.0	0.0	0.0	0.0	0.0	0.0	0.0	0.0	0.0	0.0	0.0	0.0	0.0	0.0	0.0	0.0	0.0	0.0	0.0	0.0	0.0
Syn.Breast-AdenoCA::S.64	0.08014775259814388	0.0	0.0	0.09543283530591781	0.0	0.0966070782344171	0.13000450533186228	0.0	0.0	0.08625842519928184	0.0	0.0	0.0737228632393791	0.28232750431160525	0.0	0.0	0.1554990357793927	0.0	0.0	0.0	0.0	0.0	0.0	0.0	0.0	0.0	0.0	0.0	0.0	0.0	0.0	0.0	0.0	0.0	0.0	0.0	0.0	0.0	0.0	0.0	0.0	0.0	0.0	0.0	0.0	0.0	0.0	0.0	0.0	0.0	0.0	0.0	0.0	0.0	0.0	0.0	0.0	0.0	0.0	0.0
Syn.Breast-AdenoCA::S.65	0.029908998963185218	0.31234849446402846	0.0	0.13495212549872976	0.0	0.0	0.0	0.0	0.0	0.0	0.0	0.0	0.0	0.0	0.41633703442544656	0.0	0.0	0.10645334664860999	0.0	0.0	0.0	0.0	0.0	0.0	0.0	0.0	0.0	0.0	0.0	0.0	0.0	0.0	0.0	0.0	0.0	0.0	0.0	0.0	0.0	0.0	0.0	0.0	0.0	0.0	0.0	0.0	0.0	0.0	0.0	0.0	0.0	0.0	0.0	0.0	0.0	0.0	0.0	0.0	0.0	0.0
Syn.Breast-AdenoCA::S.66	0.06240545880640737	0.0	0.0	0.20708612861267542	0.20581979150611385	0.171247477440312	0.09712803343900155	0.0	0.0	0.0	0.047939556273297754	0.0	0.0	0.0	0.208373553922192	0.0	0.0	0.0	0.0	0.0	0.0	0.0	0.0	0.0	0.0	0.0	0.0	0.0	0.0	0.0	0.0	0.0	0.0	0.0	0.0	0.0	0.0	0.0	0.0	0.0	0.0	0.0	0.0	0.0	0.0	0.0	0.0	0.0	0.0	0.0	0.0	0.0	0.0	0.0	0.0	0.0	0.0	0.0	0.0	0.0
Syn.Breast-AdenoCA::S.67	0.05042174374910185	0.08773425964271252	0.0	0.10378753386041452	0.09478517804600925	0.045296477633766916	0.0	0.0	0.0	0.0	0.0	0.0	0.0	0.0	0.6179748070679951	0.0	0.0	0.0	0.0	0.0	0.0	0.0	0.0	0.0	0.0	0.0	0.0	0.0	0.0	0.0	0.0	0.0	0.0	0.0	0.0	0.0	0.0	0.0	0.0	0.0	0.0	0.0	0.0	0.0	0.0	0.0	0.0	0.0	0.0	0.0	0.0	0.0	0.0	0.0	0.0	0.0	0.0	0.0	0.0	0.0
Syn.Breast-AdenoCA::S.68	0.08258487468023652	0.0	0.16421666082883385	0.13659565452141176	0.0	0.0	0.23222958265660132	0.0	0.0	0.0	0.0	0.07206258032951056	0.0	0.0	0.07431146100667936	0.0	0.0	0.1598671063674083	0.07813207960931819	0.0	0.0	0.0	0.0	0.0	0.0	0.0	0.0	0.0	0.0	0.0	0.0	0.0	0.0	0.0	0.0	0.0	0.0	0.0	0.0	0.0	0.0	0.0	0.0	0.0	0.0	0.0	0.0	0.0	0.0	0.0	0.0	0.0	0.0	0.0	0.0	0.0	0.0	0.0	0.0	0.0
Syn.Breast-AdenoCA::S.69	0.057676900064944255	0.0	0.32611936581922835	0.10397882951835107	0.31844031435288556	0.0	0.12353289391848493	0.0	0.0	0.07025169632610573	0.0	0.0	0.0	0.0	0.0	0.0	0.0	0.0	0.0	0.0	0.0	0.0	0.0	0.0	0.0	0.0	0.0	0.0	0.0	0.0	0.0	0.0	0.0	0.0	0.0	0.0	0.0	0.0	0.0	0.0	0.0	0.0	0.0	0.0	0.0	0.0	0.0	0.0	0.0	0.0	0.0	0.0	0.0	0.0	0.0	0.0	0.0	0.0	0.0	0.0
Syn.Breast-AdenoCA::S.70	0.15849040415430607	0.0	0.0	0.04229619809245308	0.12730476159712115	0.12346452358435052	0.0	0.0	0.0	0.0751145568165819	0.0	0.0	0.0	0.07665541940779168	0.18412307296247074	0.0	0.13878313266945655	0.07376793071546843	0.0	0.0	0.0	0.0	0.0	0.0	0.0	0.0	0.0	0.0	0.0	0.0	0.0	0.0	0.0	0.0	0.0	0.0	0.0	0.0	0.0	0.0	0.0	0.0	0.0	0.0	0.0	0.0	0.0	0.0	0.0	0.0	0.0	0.0	0.0	0.0	0.0	0.0	0.0	0.0	0.0	0.0
Syn.Breast-AdenoCA::S.71	0.07793132488257874	0.05079005001303809	0.0	0.08837194368375223	0.0	0.05577377921530426	0.0	0.0	0.0	0.0	0.0	0.0	0.0	0.11457296260156083	0.4796409633827575	0.0	0.0	0.13291897622100832	0.0	0.0	0.0	0.0	0.0	0.0	0.0	0.0	0.0	0.0	0.0	0.0	0.0	0.0	0.0	0.0	0.0	0.0	0.0	0.0	0.0	0.0	0.0	0.0	0.0	0.0	0.0	0.0	0.0	0.0	0.0	0.0	0.0	0.0	0.0	0.0	0.0	0.0	0.0	0.0	0.0	0.0
Syn.Breast-AdenoCA::S.72	0.07809181169586249	0.09139902601984567	0.0	0.09151876947096504	0.0	0.2373883480908963	0.02505367719626455	0.0	0.0	0.0	0.0	0.0	0.0	0.08179895870631711	0.24759382651399264	0.0	0.0	0.14715558230585624	0.0	0.0	0.0	0.0	0.0	0.0	0.0	0.0	0.0	0.0	0.0	0.0	0.0	0.0	0.0	0.0	0.0	0.0	0.0	0.0	0.0	0.0	0.0	0.0	0.0	0.0	0.0	0.0	0.0	0.0	0.0	0.0	0.0	0.0	0.0	0.0	0.0	0.0	0.0	0.0	0.0	0.0
Syn.Breast-AdenoCA::S.73	0.08140434627210799	0.0	0.13363563569309042	0.03599395899957092	0.1970913484919142	0.15621084530156143	0.0	0.04668532654849462	0.0	0.0	0.0	0.0	0.05644003900710852	0.12432059478123623	0.0981925807171273	0.0	0.0	0.07002532418778844	0.0	0.0	0.0	0.0	0.0	0.0	0.0	0.0	0.0	0.0	0.0	0.0	0.0	0.0	0.0	0.0	0.0	0.0	0.0	0.0	0.0	0.0	0.0	0.0	0.0	0.0	0.0	0.0	0.0	0.0	0.0	0.0	0.0	0.0	0.0	0.0	0.0	0.0	0.0	0.0	0.0	0.0
Syn.Breast-AdenoCA::S.74	0.063095156405112	0.07785480200929958	0.0	0.09112121271987352	0.11123906184896003	0.0626084549839764	0.0	0.0	0.0	0.0	0.0	0.0	0.0	0.10070061665543008	0.49338069537734847	0.0	0.0	0.0	0.0	0.0	0.0	0.0	0.0	0.0	0.0	0.0	0.0	0.0	0.0	0.0	0.0	0.0	0.0	0.0	0.0	0.0	0.0	0.0	0.0	0.0	0.0	0.0	0.0	0.0	0.0	0.0	0.0	0.0	0.0	0.0	0.0	0.0	0.0	0.0	0.0	0.0	0.0	0.0	0.0	0.0
Syn.Breast-AdenoCA::S.75	0.12174248867714525	0.0	0.0	0.06196168365814242	0.0	0.06632077246932265	0.1892283996534612	0.0	0.0	0.0	0.0	0.0	0.09382132677680123	0.0	0.0	0.0	0.1342900657455031	0.152491613129399	0.1801436498902251	0.0	0.0	0.0	0.0	0.0	0.0	0.0	0.0	0.0	0.0	0.0	0.0	0.0	0.0	0.0	0.0	0.0	0.0	0.0	0.0	0.0	0.0	0.0	0.0	0.0	0.0	0.0	0.0	0.0	0.0	0.0	0.0	0.0	0.0	0.0	0.0	0.0	0.0	0.0	0.0	0.0
Syn.Breast-AdenoCA::S.76	0.056097890840853946	0.10843840478890293	0.0	0.07182848447476571	0.0	0.08306033379336508	0.0	0.0	0.11502465038878522	0.10638060822044682	0.0	0.0	0.0	0.0	0.1819245554313435	0.0	0.0	0.1871854971172834	0.09005957494425329	0.0	0.0	0.0	0.0	0.0	0.0	0.0	0.0	0.0	0.0	0.0	0.0	0.0	0.0	0.0	0.0	0.0	0.0	0.0	0.0	0.0	0.0	0.0	0.0	0.0	0.0	0.0	0.0	0.0	0.0	0.0	0.0	0.0	0.0	0.0	0.0	0.0	0.0	0.0	0.0	0.0
Syn.Breast-AdenoCA::S.77	0.20733061402381	0.09206579269873714	0.0	0.05765624916765809	0.0	0.0	0.20905774352870307	0.0	0.0	0.0	0.05536521793371162	0.0	0.0	0.0	0.27788867908370657	0.0	0.0	0.0	0.10063570356367343	0.0	0.0	0.0	0.0	0.0	0.0	0.0	0.0	0.0	0.0	0.0	0.0	0.0	0.0	0.0	0.0	0.0	0.0	0.0	0.0	0.0	0.0	0.0	0.0	0.0	0.0	0.0	0.0	0.0	0.0	0.0	0.0	0.0	0.0	0.0	0.0	0.0	0.0	0.0	0.0	0.0
Syn.Breast-AdenoCA::S.78	0.04530929050543466	0.17459080955384654	0.0	0.2085297202213287	0.0	0.07020918518830434	0.07138787005041666	0.03972667942133628	0.0	0.0	0.0	0.0	0.04702126858691666	0.0	0.34322517647241607	0.0	0.0	0.0	0.0	0.0	0.0	0.0	0.0	0.0	0.0	0.0	0.0	0.0	0.0	0.0	0.0	0.0	0.0	0.0	0.0	0.0	0.0	0.0	0.0	0.0	0.0	0.0	0.0	0.0	0.0	0.0	0.0	0.0	0.0	0.0	0.0	0.0	0.0	0.0	0.0	0.0	0.0	0.0	0.0	0.0
Syn.Breast-AdenoCA::S.79	0.07028598792039838	0.17830970667986568	0.0	0.0455622222825256	0.0	0.07869106020621323	0.0	0.0	0.0	0.10345663091769706	0.0	0.0	0.14620249381347175	0.0	0.2651126428436441	0.0	0.0	0.0	0.11237925533618433	0.0	0.0	0.0	0.0	0.0	0.0	0.0	0.0	0.0	0.0	0.0	0.0	0.0	0.0	0.0	0.0	0.0	0.0	0.0	0.0	0.0	0.0	0.0	0.0	0.0	0.0	0.0	0.0	0.0	0.0	0.0	0.0	0.0	0.0	0.0	0.0	0.0	0.0	0.0	0.0	0.0
Syn.Breast-AdenoCA::S.80	0.1029280126636379	0.0	0.19054294949268244	0.1880560670246566	0.0	0.13646842013002072	0.0	0.0	0.0	0.0	0.0	0.0	0.0	0.0	0.3820045506890024	0.0	0.0	0.0	0.0	0.0	0.0	0.0	0.0	0.0	0.0	0.0	0.0	0.0	0.0	0.0	0.0	0.0	0.0	0.0	0.0	0.0	0.0	0.0	0.0	0.0	0.0	0.0	0.0	0.0	0.0	0.0	0.0	0.0	0.0	0.0	0.0	0.0	0.0	0.0	0.0	0.0	0.0	0.0	0.0	0.0
Syn.Breast-AdenoCA::S.81	0.10755281929243767	0.0	0.14800158691369916	0.13397984531521223	0.0	0.0	0.0	0.0	0.0	0.0	0.0	0.0	0.12782333520831954	0.3148189643722083	0.07582604091424232	0.0	0.0	0.0	0.0919974079838808	0.0	0.0	0.0	0.0	0.0	0.0	0.0	0.0	0.0	0.0	0.0	0.0	0.0	0.0	0.0	0.0	0.0	0.0	0.0	0.0	0.0	0.0	0.0	0.0	0.0	0.0	0.0	0.0	0.0	0.0	0.0	0.0	0.0	0.0	0.0	0.0	0.0	0.0	0.0	0.0	0.0
Syn.Breast-AdenoCA::S.82	0.061713387851613365	0.0	0.0	0.15245828487117924	0.18272816973905887	0.14086290633327106	0.21876159062447367	0.0	0.0	0.0	0.0	0.0	0.0	0.0	0.24347566058040396	0.0	0.0	0.0	0.0	0.0	0.0	0.0	0.0	0.0	0.0	0.0	0.0	0.0	0.0	0.0	0.0	0.0	0.0	0.0	0.0	0.0	0.0	0.0	0.0	0.0	0.0	0.0	0.0	0.0	0.0	0.0	0.0	0.0	0.0	0.0	0.0	0.0	0.0	0.0	0.0	0.0	0.0	0.0	0.0	0.0
Syn.Breast-AdenoCA::S.83	0.1413769496582105	0.09779193210963548	0.0	0.10360394272772193	0.12139469530165022	0.0	0.12113770090680012	0.0	0.0	0.07447913993213817	0.0	0.0	0.0	0.0	0.34021563936384364	0.0	0.0	0.0	0.0	0.0	0.0	0.0	0.0	0.0	0.0	0.0	0.0	0.0	0.0	0.0	0.0	0.0	0.0	0.0	0.0	0.0	0.0	0.0	0.0	0.0	0.0	0.0	0.0	0.0	0.0	0.0	0.0	0.0	0.0	0.0	0.0	0.0	0.0	0.0	0.0	0.0	0.0	0.0	0.0	0.0
Syn.Breast-AdenoCA::S.84	0.11517914924440514	0.0	0.0	0.14144391743612392	0.20171571051569917	0.1499339825159924	0.11055249838797356	0.0	0.0	0.0	0.0	0.0	0.051689862517269404	0.0	0.22948487938253648	0.0	0.0	0.0	0.0	0.0	0.0	0.0	0.0	0.0	0.0	0.0	0.0	0.0	0.0	0.0	0.0	0.0	0.0	0.0	0.0	0.0	0.0	0.0	0.0	0.0	0.0	0.0	0.0	0.0	0.0	0.0	0.0	0.0	0.0	0.0	0.0	0.0	0.0	0.0	0.0	0.0	0.0	0.0	0.0	0.0
Syn.Breast-AdenoCA::S.85	0.06474786830178358	0.09669301135859791	0.0	0.08314578057857015	0.0850123164202009	0.15703458720084562	0.0	0.0	0.0	0.0	0.0	0.0	0.0	0.0	0.11365936182420062	0.0	0.20025524323774382	0.091945206987078	0.10750662409097934	0.0	0.0	0.0	0.0	0.0	0.0	0.0	0.0	0.0	0.0	0.0	0.0	0.0	0.0	0.0	0.0	0.0	0.0	0.0	0.0	0.0	0.0	0.0	0.0	0.0	0.0	0.0	0.0	0.0	0.0	0.0	0.0	0.0	0.0	0.0	0.0	0.0	0.0	0.0	0.0	0.0
Syn.Breast-AdenoCA::S.86	0.019789963755759695	0.0	0.0	0.17861299307882475	0.0	0.049614624992901965	0.0	0.0	0.0	0.0	0.0	0.0	0.0	0.0	0.6055078752084437	0.0	0.0	0.14647454296406984	0.0	0.0	0.0	0.0	0.0	0.0	0.0	0.0	0.0	0.0	0.0	0.0	0.0	0.0	0.0	0.0	0.0	0.0	0.0	0.0	0.0	0.0	0.0	0.0	0.0	0.0	0.0	0.0	0.0	0.0	0.0	0.0	0.0	0.0	0.0	0.0	0.0	0.0	0.0	0.0	0.0	0.0
Syn.Breast-AdenoCA::S.87	0.1376800748005728	0.0	0.0	0.20365285706069108	0.0	0.10457727467601285	0.0	0.0	0.0	0.047978695620582344	0.0	0.0	0.13176064258532197	0.16123856755274116	0.2131118877040778	0.0	0.0	0.0	0.0	0.0	0.0	0.0	0.0	0.0	0.0	0.0	0.0	0.0	0.0	0.0	0.0	0.0	0.0	0.0	0.0	0.0	0.0	0.0	0.0	0.0	0.0	0.0	0.0	0.0	0.0	0.0	0.0	0.0	0.0	0.0	0.0	0.0	0.0	0.0	0.0	0.0	0.0	0.0	0.0	0.0
Syn.Breast-AdenoCA::S.88	0.10997460014661137	0.0	0.0	0.0467315401428653	0.0	0.11176274951618397	0.0	0.0	0.0	0.10689537484383507	0.05536553278919072	0.0	0.06135924619231328	0.0	0.24489855907809438	0.0	0.0	0.09681580293140915	0.16619659435949669	0.0	0.0	0.0	0.0	0.0	0.0	0.0	0.0	0.0	0.0	0.0	0.0	0.0	0.0	0.0	0.0	0.0	0.0	0.0	0.0	0.0	0.0	0.0	0.0	0.0	0.0	0.0	0.0	0.0	0.0	0.0	0.0	0.0	0.0	0.0	0.0	0.0	0.0	0.0	0.0	0.0
Syn.Breast-AdenoCA::S.89	0.06379718798053571	0.0	0.08265732074281022	0.0839686322332923	0.2065871613033542	0.0	0.0	0.05993270091216183	0.0	0.0	0.05911439816033529	0.06724943545727785	0.05880811660451629	0.07627653406455932	0.05254945086452868	0.0	0.0	0.1890590616766283	0.0	0.0	0.0	0.0	0.0	0.0	0.0	0.0	0.0	0.0	0.0	0.0	0.0	0.0	0.0	0.0	0.0	0.0	0.0	0.0	0.0	0.0	0.0	0.0	0.0	0.0	0.0	0.0	0.0	0.0	0.0	0.0	0.0	0.0	0.0	0.0	0.0	0.0	0.0	0.0	0.0	0.0
Syn.Breast-AdenoCA::S.90	0.04413291055413688	0.0	0.0	0.11151441905988639	0.0	0.0	0.5715278481021003	0.0	0.0	0.06875216197920983	0.0	0.0	0.0	0.0	0.20407266030466648	0.0	0.0	0.0	0.0	0.0	0.0	0.0	0.0	0.0	0.0	0.0	0.0	0.0	0.0	0.0	0.0	0.0	0.0	0.0	0.0	0.0	0.0	0.0	0.0	0.0	0.0	0.0	0.0	0.0	0.0	0.0	0.0	0.0	0.0	0.0	0.0	0.0	0.0	0.0	0.0	0.0	0.0	0.0	0.0	0.0
Syn.Breast-AdenoCA::S.91	0.10467451851523529	0.1136047887550439	0.0	0.25107699439114667	0.0	0.0	0.10597265184148441	0.056394245458794984	0.0	0.0	0.0	0.0	0.05170811263077353	0.0	0.3165686884075212	0.0	0.0	0.0	0.0	0.0	0.0	0.0	0.0	0.0	0.0	0.0	0.0	0.0	0.0	0.0	0.0	0.0	0.0	0.0	0.0	0.0	0.0	0.0	0.0	0.0	0.0	0.0	0.0	0.0	0.0	0.0	0.0	0.0	0.0	0.0	0.0	0.0	0.0	0.0	0.0	0.0	0.0	0.0	0.0	0.0
Syn.Breast-AdenoCA::S.92	0.11341035975829816	0.07224035538595011	0.0	0.07437672882869585	0.0	0.10936017162742873	0.04095142545833985	0.049357058220934225	0.0	0.0	0.0	0.0	0.0	0.1358171844470998	0.26719794237371497	0.0	0.0	0.13728877389953822	0.0	0.0	0.0	0.0	0.0	0.0	0.0	0.0	0.0	0.0	0.0	0.0	0.0	0.0	0.0	0.0	0.0	0.0	0.0	0.0	0.0	0.0	0.0	0.0	0.0	0.0	0.0	0.0	0.0	0.0	0.0	0.0	0.0	0.0	0.0	0.0	0.0	0.0	0.0	0.0	0.0	0.0
Syn.Breast-AdenoCA::S.93	0.08118070455543011	0.12052061918924815	0.0	0.15763798927611114	0.266621044568243	0.16052554838628763	0.0	0.0	0.0	0.0	0.0	0.0	0.0	0.0	0.2135140940246801	0.0	0.0	0.0	0.0	0.0	0.0	0.0	0.0	0.0	0.0	0.0	0.0	0.0	0.0	0.0	0.0	0.0	0.0	0.0	0.0	0.0	0.0	0.0	0.0	0.0	0.0	0.0	0.0	0.0	0.0	0.0	0.0	0.0	0.0	0.0	0.0	0.0	0.0	0.0	0.0	0.0	0.0	0.0	0.0	0.0
Syn.Breast-AdenoCA::S.94	0.10980438197222603	0.0069654538555623535	0.0	0.11719486498177313	0.0	0.0	0.05217056410170464	0.10440171500697784	0.0	0.0	0.0	0.0	0.15240746136939307	0.07540704833688869	0.0	0.0	0.0	0.38164851037547415	0.0	0.0	0.0	0.0	0.0	0.0	0.0	0.0	0.0	0.0	0.0	0.0	0.0	0.0	0.0	0.0	0.0	0.0	0.0	0.0	0.0	0.0	0.0	0.0	0.0	0.0	0.0	0.0	0.0	0.0	0.0	0.0	0.0	0.0	0.0	0.0	0.0	0.0	0.0	0.0	0.0	0.0
Syn.Breast-AdenoCA::S.95	0.05734131424283612	0.0909871121559714	0.0	0.14006467483924293	0.48281339691677144	0.0786407481552969	0.0	0.0	0.0	0.0	0.0	0.0	0.0	0.0	0.0	0.0	0.1501527536898812	0.0	0.0	0.0	0.0	0.0	0.0	0.0	0.0	0.0	0.0	0.0	0.0	0.0	0.0	0.0	0.0	0.0	0.0	0.0	0.0	0.0	0.0	0.0	0.0	0.0	0.0	0.0	0.0	0.0	0.0	0.0	0.0	0.0	0.0	0.0	0.0	0.0	0.0	0.0	0.0	0.0	0.0	0.0
Syn.Breast-AdenoCA::S.96	0.08064597143572158	0.097429081149473	0.0	0.08607153098798373	0.18174264903261342	0.12716475704574642	0.0	0.0	0.0	0.0	0.0666595551245434	0.0	0.0	0.06351875649163195	0.07489810921399356	0.15157187050792342	0.0	0.07029771901036952	0.0	0.0	0.0	0.0	0.0	0.0	0.0	0.0	0.0	0.0	0.0	0.0	0.0	0.0	0.0	0.0	0.0	0.0	0.0	0.0	0.0	0.0	0.0	0.0	0.0	0.0	0.0	0.0	0.0	0.0	0.0	0.0	0.0	0.0	0.0	0.0	0.0	0.0	0.0	0.0	0.0	0.0
Syn.Breast-AdenoCA::S.97	0.32327121413951426	0.0	0.0	0.21037132806808903	0.08313240147494515	0.0	0.0	0.0	0.0	0.0	0.0	0.10230870953866121	0.0	0.0	0.14605061399127633	0.0	0.0	0.0	0.13486573278751404	0.0	0.0	0.0	0.0	0.0	0.0	0.0	0.0	0.0	0.0	0.0	0.0	0.0	0.0	0.0	0.0	0.0	0.0	0.0	0.0	0.0	0.0	0.0	0.0	0.0	0.0	0.0	0.0	0.0	0.0	0.0	0.0	0.0	0.0	0.0	0.0	0.0	0.0	0.0	0.0	0.0
Syn.Breast-AdenoCA::S.98	0.09780064430270005	0.0	0.0	0.06912416170186686	0.19488953176715876	0.0	0.0	0.0	0.0	0.0	0.0	0.0	0.0	0.07484063872264018	0.28048162107726204	0.0	0.10925465659441631	0.17360874583395583	0.0	0.0	0.0	0.0	0.0	0.0	0.0	0.0	0.0	0.0	0.0	0.0	0.0	0.0	0.0	0.0	0.0	0.0	0.0	0.0	0.0	0.0	0.0	0.0	0.0	0.0	0.0	0.0	0.0	0.0	0.0	0.0	0.0	0.0	0.0	0.0	0.0	0.0	0.0	0.0	0.0	0.0
Syn.Breast-AdenoCA::S.99	0.08173068718713257	0.0	0.22832687518987	0.11102719291693093	0.04347125967119878	0.179193597732081	0.0	0.0	0.0	0.09757209538597215	0.0	0.0	0.0	0.0	0.2586782919168146	0.0	0.0	0.0	0.0	0.0	0.0	0.0	0.0	0.0	0.0	0.0	0.0	0.0	0.0	0.0	0.0	0.0	0.0	0.0	0.0	0.0	0.0	0.0	0.0	0.0	0.0	0.0	0.0	0.0	0.0	0.0	0.0	0.0	0.0	0.0	0.0	0.0	0.0	0.0	0.0	0.0	0.0	0.0	0.0	0.0
Syn.Breast-AdenoCA::S.100	0.07139658540436022	0.12917529711578554	0.0	0.1164509255179359	0.3509656505070851	0.04543922880416198	0.0	0.0	0.0	0.0	0.0	0.0	0.13118817911481886	0.0	0.0	0.0	0.0	0.0	0.15538413353585234	0.0	0.0	0.0	0.0	0.0	0.0	0.0	0.0	0.0	0.0	0.0	0.0	0.0	0.0	0.0	0.0	0.0	0.0	0.0	0.0	0.0	0.0	0.0	0.0	0.0	0.0	0.0	0.0	0.0	0.0	0.0	0.0	0.0	0.0	0.0	0.0	0.0	0.0	0.0	0.0	0.0
Syn.Breast-AdenoCA::S.101	0.0900228609797074	0.0	0.0	0.14899135054564658	0.10197795395980122	0.0	0.26641520421380693	0.0	0.0	0.0	0.0	0.0	0.0	0.0	0.29021325285065924	0.0	0.0	0.0	0.10237937745037856	0.0	0.0	0.0	0.0	0.0	0.0	0.0	0.0	0.0	0.0	0.0	0.0	0.0	0.0	0.0	0.0	0.0	0.0	0.0	0.0	0.0	0.0	0.0	0.0	0.0	0.0	0.0	0.0	0.0	0.0	0.0	0.0	0.0	0.0	0.0	0.0	0.0	0.0	0.0	0.0	0.0
Syn.Breast-AdenoCA::S.102	0.05538677786306468	0.14666586310428745	0.0	0.02561065804333431	0.18129152390261027	0.09249017364459006	0.09384767981887111	0.0582121951171928	0.0	0.0	0.0	0.0	0.04065185964837103	0.07068028801460165	0.14155178643345945	0.0	0.0	0.0	0.09361119440961717	0.0	0.0	0.0	0.0	0.0	0.0	0.0	0.0	0.0	0.0	0.0	0.0	0.0	0.0	0.0	0.0	0.0	0.0	0.0	0.0	0.0	0.0	0.0	0.0	0.0	0.0	0.0	0.0	0.0	0.0	0.0	0.0	0.0	0.0	0.0	0.0	0.0	0.0	0.0	0.0	0.0
Syn.Breast-AdenoCA::S.103	0.04304509711540059	0.0	0.0	0.02041660860385367	0.09340573371881049	0.16376718689605113	0.0	0.0	0.0	0.07101036468499722	0.0	0.0	0.0	0.0	0.4221306246506602	0.0	0.11909765067681018	0.06712673365341647	0.0	0.0	0.0	0.0	0.0	0.0	0.0	0.0	0.0	0.0	0.0	0.0	0.0	0.0	0.0	0.0	0.0	0.0	0.0	0.0	0.0	0.0	0.0	0.0	0.0	0.0	0.0	0.0	0.0	0.0	0.0	0.0	0.0	0.0	0.0	0.0	0.0	0.0	0.0	0.0	0.0	0.0
Syn.Breast-AdenoCA::S.104	0.049381831320989715	0.0	0.0	0.11536256798917384	0.0	0.0	0.0	0.0	0.0	0.0	0.0	0.0	0.0	0.0	0.8352556006898364	0.0	0.0	0.0	0.0	0.0	0.0	0.0	0.0	0.0	0.0	0.0	0.0	0.0	0.0	0.0	0.0	0.0	0.0	0.0	0.0	0.0	0.0	0.0	0.0	0.0	0.0	0.0	0.0	0.0	0.0	0.0	0.0	0.0	0.0	0.0	0.0	0.0	0.0	0.0	0.0	0.0	0.0	0.0	0.0	0.0
Syn.Breast-AdenoCA::S.105	0.09980131743563674	0.0	0.10458687420273345	0.17288085668617403	0.13081821222845977	0.04953252713984586	0.0	0.0	0.0	0.0	0.0	0.0	0.03614239926012342	0.0	0.4062378130470269	0.0	0.0	0.0	0.0	0.0	0.0	0.0	0.0	0.0	0.0	0.0	0.0	0.0	0.0	0.0	0.0	0.0	0.0	0.0	0.0	0.0	0.0	0.0	0.0	0.0	0.0	0.0	0.0	0.0	0.0	0.0	0.0	0.0	0.0	0.0	0.0	0.0	0.0	0.0	0.0	0.0	0.0	0.0	0.0	0.0
Syn.Breast-AdenoCA::S.106	0.11042009124759113	0.0	0.0	0.0940609466669939	0.0	0.06760194138847589	0.07613071914191775	0.0	0.0	0.0	0.0685135852439875	0.0	0.0	0.0	0.47628035558718385	0.10699236072385004	0.0	0.0	0.0	0.0	0.0	0.0	0.0	0.0	0.0	0.0	0.0	0.0	0.0	0.0	0.0	0.0	0.0	0.0	0.0	0.0	0.0	0.0	0.0	0.0	0.0	0.0	0.0	0.0	0.0	0.0	0.0	0.0	0.0	0.0	0.0	0.0	0.0	0.0	0.0	0.0	0.0	0.0	0.0	0.0
Syn.Breast-AdenoCA::S.107	0.04704628998265585	0.0	0.0	0.09755445390983081	0.3326716089848894	0.2586048378022499	0.14023148406984196	0.0	0.0	0.05834003330723565	0.0	0.0	0.0	0.0	0.06555129194329641	0.0	0.0	0.0	0.0	0.0	0.0	0.0	0.0	0.0	0.0	0.0	0.0	0.0	0.0	0.0	0.0	0.0	0.0	0.0	0.0	0.0	0.0	0.0	0.0	0.0	0.0	0.0	0.0	0.0	0.0	0.0	0.0	0.0	0.0	0.0	0.0	0.0	0.0	0.0	0.0	0.0	0.0	0.0	0.0	0.0
Syn.Breast-AdenoCA::S.108	0.16471572468177917	0.0	0.0	0.04170869632228785	0.0	0.053255977945902554	0.0	0.0	0.0	0.0	0.25494844277913775	0.0	0.0	0.13937163242561923	0.10097859279870619	0.0	0.0	0.09623353657414355	0.14878739647242373	0.0	0.0	0.0	0.0	0.0	0.0	0.0	0.0	0.0	0.0	0.0	0.0	0.0	0.0	0.0	0.0	0.0	0.0	0.0	0.0	0.0	0.0	0.0	0.0	0.0	0.0	0.0	0.0	0.0	0.0	0.0	0.0	0.0	0.0	0.0	0.0	0.0	0.0	0.0	0.0	0.0
Syn.Breast-AdenoCA::S.109	0.04087200639487255	0.206301837058552	0.0	0.12331305507299722	0.23399378031060525	0.08655786565564802	0.0	0.0	0.0	0.0	0.0	0.0	0.04299025777340621	0.0	0.0	0.0	0.0	0.1330273934730606	0.1329438042608581	0.0	0.0	0.0	0.0	0.0	0.0	0.0	0.0	0.0	0.0	0.0	0.0	0.0	0.0	0.0	0.0	0.0	0.0	0.0	0.0	0.0	0.0	0.0	0.0	0.0	0.0	0.0	0.0	0.0	0.0	0.0	0.0	0.0	0.0	0.0	0.0	0.0	0.0	0.0	0.0	0.0
Syn.Breast-AdenoCA::S.110	0.011992260975223622	0.23908413020135597	0.0	0.054025019078767875	0.6948985897446526	0.0	0.0	0.0	0.0	0.0	0.0	0.0	0.0	0.0	0.0	0.0	0.0	0.0	0.0	0.0	0.0	0.0	0.0	0.0	0.0	0.0	0.0	0.0	0.0	0.0	0.0	0.0	0.0	0.0	0.0	0.0	0.0	0.0	0.0	0.0	0.0	0.0	0.0	0.0	0.0	0.0	0.0	0.0	0.0	0.0	0.0	0.0	0.0	0.0	0.0	0.0	0.0	0.0	0.0	0.0
Syn.Breast-AdenoCA::S.111	0.09194408233137227	0.0	0.0	0.1302473778879019	0.0	0.15109205778714768	0.0	0.03092466798381745	0.2620997194931438	0.0	0.0	0.0	0.11187469375758227	0.0	0.05036127622384393	0.0	0.0	0.17145612453519063	0.0	0.0	0.0	0.0	0.0	0.0	0.0	0.0	0.0	0.0	0.0	0.0	0.0	0.0	0.0	0.0	0.0	0.0	0.0	0.0	0.0	0.0	0.0	0.0	0.0	0.0	0.0	0.0	0.0	0.0	0.0	0.0	0.0	0.0	0.0	0.0	0.0	0.0	0.0	0.0	0.0	0.0
Syn.Breast-AdenoCA::S.112	0.1365194460982684	0.0	0.4165944049007379	0.24066990067254912	0.0	0.0	0.0	0.0	0.0	0.0	0.0935530201074412	0.0	0.0	0.0	0.1126632282210034	0.0	0.0	0.0	0.0	0.0	0.0	0.0	0.0	0.0	0.0	0.0	0.0	0.0	0.0	0.0	0.0	0.0	0.0	0.0	0.0	0.0	0.0	0.0	0.0	0.0	0.0	0.0	0.0	0.0	0.0	0.0	0.0	0.0	0.0	0.0	0.0	0.0	0.0	0.0	0.0	0.0	0.0	0.0	0.0	0.0
Syn.Breast-AdenoCA::S.113	0.06188101129428731	0.3810194557774363	0.0	0.28355181475589536	0.0	0.15384553482744823	0.0	0.0	0.0	0.0	0.0	0.0	0.11970218334493296	0.0	0.0	0.0	0.0	0.0	0.0	0.0	0.0	0.0	0.0	0.0	0.0	0.0	0.0	0.0	0.0	0.0	0.0	0.0	0.0	0.0	0.0	0.0	0.0	0.0	0.0	0.0	0.0	0.0	0.0	0.0	0.0	0.0	0.0	0.0	0.0	0.0	0.0	0.0	0.0	0.0	0.0	0.0	0.0	0.0	0.0	0.0
Syn.Breast-AdenoCA::S.114	0.12792154450147983	0.06135521260931407	0.0	0.16845383058998828	0.15711913192742727	0.16285093965256955	0.0	0.04867897205158716	0.0	0.0	0.0	0.0	0.0	0.0	0.05108510964563897	0.0	0.0	0.0971494234175573	0.12538583560443764	0.0	0.0	0.0	0.0	0.0	0.0	0.0	0.0	0.0	0.0	0.0	0.0	0.0	0.0	0.0	0.0	0.0	0.0	0.0	0.0	0.0	0.0	0.0	0.0	0.0	0.0	0.0	0.0	0.0	0.0	0.0	0.0	0.0	0.0	0.0	0.0	0.0	0.0	0.0	0.0	0.0
Syn.Breast-AdenoCA::S.115	0.03297097081165524	0.1634996078634954	0.0	0.08551222196179203	0.0	0.0	0.18012984157147227	0.0	0.0	0.0	0.0	0.0	0.0	0.0	0.19324611137966666	0.0	0.0	0.3446412464119184	0.0	0.0	0.0	0.0	0.0	0.0	0.0	0.0	0.0	0.0	0.0	0.0	0.0	0.0	0.0	0.0	0.0	0.0	0.0	0.0	0.0	0.0	0.0	0.0	0.0	0.0	0.0	0.0	0.0	0.0	0.0	0.0	0.0	0.0	0.0	0.0	0.0	0.0	0.0	0.0	0.0	0.0
Syn.Breast-AdenoCA::S.116	0.14052545821291965	0.0	0.0	0.10942897577924644	0.21807467447553985	0.0	0.0	0.0	0.0	0.0	0.0	0.0	0.1309652772670488	0.24231249820054573	0.15869311606469966	0.0	0.0	0.0	0.0	0.0	0.0	0.0	0.0	0.0	0.0	0.0	0.0	0.0	0.0	0.0	0.0	0.0	0.0	0.0	0.0	0.0	0.0	0.0	0.0	0.0	0.0	0.0	0.0	0.0	0.0	0.0	0.0	0.0	0.0	0.0	0.0	0.0	0.0	0.0	0.0	0.0	0.0	0.0	0.0	0.0
Syn.Breast-AdenoCA::S.117	0.16773651277703897	0.0	0.0	0.1986839685432217	0.0464648698699908	0.05396423520921004	0.0	0.0	0.0	0.0	0.0	0.07466907197037702	0.0	0.0	0.14861803017665992	0.0	0.16308528643546938	0.0	0.1467780250180322	0.0	0.0	0.0	0.0	0.0	0.0	0.0	0.0	0.0	0.0	0.0	0.0	0.0	0.0	0.0	0.0	0.0	0.0	0.0	0.0	0.0	0.0	0.0	0.0	0.0	0.0	0.0	0.0	0.0	0.0	0.0	0.0	0.0	0.0	0.0	0.0	0.0	0.0	0.0	0.0	0.0
Syn.Breast-AdenoCA::S.118	0.18963405971919362	0.0	0.16640297008956417	0.16808660800662828	0.0	0.12510901757748188	0.1633314934577669	0.0	0.0	0.0	0.0	0.0	0.0	0.0	0.0	0.0	0.0	0.0	0.18743585114936517	0.0	0.0	0.0	0.0	0.0	0.0	0.0	0.0	0.0	0.0	0.0	0.0	0.0	0.0	0.0	0.0	0.0	0.0	0.0	0.0	0.0	0.0	0.0	0.0	0.0	0.0	0.0	0.0	0.0	0.0	0.0	0.0	0.0	0.0	0.0	0.0	0.0	0.0	0.0	0.0	0.0
Syn.Breast-AdenoCA::S.119	0.03403667133704006	0.0	0.0	0.2403435100563053	0.1648062792842701	0.0	0.0	0.0	0.0	0.07977718867259377	0.0	0.0	0.0	0.0	0.4810363506497907	0.0	0.0	0.0	0.0	0.0	0.0	0.0	0.0	0.0	0.0	0.0	0.0	0.0	0.0	0.0	0.0	0.0	0.0	0.0	0.0	0.0	0.0	0.0	0.0	0.0	0.0	0.0	0.0	0.0	0.0	0.0	0.0	0.0	0.0	0.0	0.0	0.0	0.0	0.0	0.0	0.0	0.0	0.0	0.0	0.0
Syn.Breast-AdenoCA::S.120	0.07661839138116028	0.0	0.0	0.1546289569098943	0.0	0.0	0.0	0.0	0.0	0.0	0.0	0.0	0.06849858933374121	0.20690788920922382	0.49334617316598034	0.0	0.0	0.0	0.0	0.0	0.0	0.0	0.0	0.0	0.0	0.0	0.0	0.0	0.0	0.0	0.0	0.0	0.0	0.0	0.0	0.0	0.0	0.0	0.0	0.0	0.0	0.0	0.0	0.0	0.0	0.0	0.0	0.0	0.0	0.0	0.0	0.0	0.0	0.0	0.0	0.0	0.0	0.0	0.0	0.0
Syn.Breast-AdenoCA::S.121	0.11940245711360653	0.08372853992713869	0.0	0.07632825432269791	0.0	0.0	0.0	0.0	0.0	0.0	0.06334150404742897	0.0	0.0	0.3732753788758868	0.283923865713241	0.0	0.0	0.0	0.0	0.0	0.0	0.0	0.0	0.0	0.0	0.0	0.0	0.0	0.0	0.0	0.0	0.0	0.0	0.0	0.0	0.0	0.0	0.0	0.0	0.0	0.0	0.0	0.0	0.0	0.0	0.0	0.0	0.0	0.0	0.0	0.0	0.0	0.0	0.0	0.0	0.0	0.0	0.0	0.0	0.0
Syn.Breast-AdenoCA::S.122	0.083253842586128	0.0	0.0	0.028804549016242294	0.2427740781340641	0.10444197553143068	0.0	0.0	0.0	0.0	0.0	0.0	0.03603824712381273	0.10347365242588477	0.11822416800848351	0.0	0.0824198892694492	0.09238613181012133	0.10818346609438335	0.0	0.0	0.0	0.0	0.0	0.0	0.0	0.0	0.0	0.0	0.0	0.0	0.0	0.0	0.0	0.0	0.0	0.0	0.0	0.0	0.0	0.0	0.0	0.0	0.0	0.0	0.0	0.0	0.0	0.0	0.0	0.0	0.0	0.0	0.0	0.0	0.0	0.0	0.0	0.0	0.0
Syn.Breast-AdenoCA::S.123	0.04113756794962838	0.057521921958238444	0.0	0.08145372569583723	0.10797005991214077	0.2249908068116048	0.0	0.0	0.0	0.0	0.04739188631999793	0.0	0.0	0.0	0.43953403135255253	0.0	0.0	0.0	0.0	0.0	0.0	0.0	0.0	0.0	0.0	0.0	0.0	0.0	0.0	0.0	0.0	0.0	0.0	0.0	0.0	0.0	0.0	0.0	0.0	0.0	0.0	0.0	0.0	0.0	0.0	0.0	0.0	0.0	0.0	0.0	0.0	0.0	0.0	0.0	0.0	0.0	0.0	0.0	0.0	0.0
Syn.Breast-AdenoCA::S.124	0.05872327566525323	0.42486730103094084	0.0	0.12468992684724732	0.0	0.1299686229803711	0.07831634117535201	0.0	0.0	0.0	0.0	0.0	0.0	0.0	0.0	0.0	0.0	0.0	0.18343453230083548	0.0	0.0	0.0	0.0	0.0	0.0	0.0	0.0	0.0	0.0	0.0	0.0	0.0	0.0	0.0	0.0	0.0	0.0	0.0	0.0	0.0	0.0	0.0	0.0	0.0	0.0	0.0	0.0	0.0	0.0	0.0	0.0	0.0	0.0	0.0	0.0	0.0	0.0	0.0	0.0	0.0
Syn.Breast-AdenoCA::S.125	0.15972090782072937	0.0	0.0	0.12750397985422976	0.0	0.22328718384377688	0.0	0.0	0.0	0.0	0.05409453220025587	0.0	0.10925777075180122	0.0	0.24504915990663342	0.0	0.0	0.0	0.08108646562257359	0.0	0.0	0.0	0.0	0.0	0.0	0.0	0.0	0.0	0.0	0.0	0.0	0.0	0.0	0.0	0.0	0.0	0.0	0.0	0.0	0.0	0.0	0.0	0.0	0.0	0.0	0.0	0.0	0.0	0.0	0.0	0.0	0.0	0.0	0.0	0.0	0.0	0.0	0.0	0.0	0.0
Syn.Breast-AdenoCA::S.126	0.061842817302335186	0.0	0.0	0.20491334606858078	0.2157347739650244	0.0	0.0	0.0	0.0	0.023971289283654537	0.0	0.0	0.1034203861572084	0.12819203613385124	0.2619253510893455	0.0	0.0	0.0	0.0	0.0	0.0	0.0	0.0	0.0	0.0	0.0	0.0	0.0	0.0	0.0	0.0	0.0	0.0	0.0	0.0	0.0	0.0	0.0	0.0	0.0	0.0	0.0	0.0	0.0	0.0	0.0	0.0	0.0	0.0	0.0	0.0	0.0	0.0	0.0	0.0	0.0	0.0	0.0	0.0	0.0
Syn.Breast-AdenoCA::S.127	0.021526995515986372	0.0	0.0	0.157606193248412	0.0	0.0	0.0	0.0	0.0	0.0	0.0	0.0	0.0	0.0	0.8208668112356017	0.0	0.0	0.0	0.0	0.0	0.0	0.0	0.0	0.0	0.0	0.0	0.0	0.0	0.0	0.0	0.0	0.0	0.0	0.0	0.0	0.0	0.0	0.0	0.0	0.0	0.0	0.0	0.0	0.0	0.0	0.0	0.0	0.0	0.0	0.0	0.0	0.0	0.0	0.0	0.0	0.0	0.0	0.0	0.0	0.0
Syn.Breast-AdenoCA::S.128	0.09366320287669344	0.0749305654712357	0.0	0.1706749120171615	0.1202164379786104	0.22801022910946217	0.0	0.0	0.0	0.0	0.0	0.0	0.1070961375443298	0.0	0.10879034007547236	0.0	0.0	0.0966181749270347	0.0	0.0	0.0	0.0	0.0	0.0	0.0	0.0	0.0	0.0	0.0	0.0	0.0	0.0	0.0	0.0	0.0	0.0	0.0	0.0	0.0	0.0	0.0	0.0	0.0	0.0	0.0	0.0	0.0	0.0	0.0	0.0	0.0	0.0	0.0	0.0	0.0	0.0	0.0	0.0	0.0	0.0
Syn.Breast-AdenoCA::S.129	0.08570505619999808	0.0	0.0	0.20057422969279032	0.0	0.0	0.0	0.06674406154387433	0.0	0.049113207841674084	0.0	0.0	0.08228624161142682	0.0	0.29665970561642563	0.2189174974938108	0.0	0.0	0.0	0.0	0.0	0.0	0.0	0.0	0.0	0.0	0.0	0.0	0.0	0.0	0.0	0.0	0.0	0.0	0.0	0.0	0.0	0.0	0.0	0.0	0.0	0.0	0.0	0.0	0.0	0.0	0.0	0.0	0.0	0.0	0.0	0.0	0.0	0.0	0.0	0.0	0.0	0.0	0.0	0.0
Syn.Breast-AdenoCA::S.130	0.06540048661470664	0.0	0.0	0.10495625447965551	0.1286401767691521	0.0	0.0	0.06601898311504968	0.0	0.05467587251933649	0.0	0.0	0.0	0.0	0.0	0.0	0.0	0.5803082265020996	0.0	0.0	0.0	0.0	0.0	0.0	0.0	0.0	0.0	0.0	0.0	0.0	0.0	0.0	0.0	0.0	0.0	0.0	0.0	0.0	0.0	0.0	0.0	0.0	0.0	0.0	0.0	0.0	0.0	0.0	0.0	0.0	0.0	0.0	0.0	0.0	0.0	0.0	0.0	0.0	0.0	0.0
Syn.Breast-AdenoCA::S.131	0.0375982754798401	0.1929841410017909	0.0	0.10662803412698041	0.0	0.06570145799481796	0.0	0.056861828462625864	0.0	0.0	0.05752506074878757	0.0	0.0	0.0	0.05474585212014061	0.0	0.21825008524564846	0.2097052648193681	0.0	0.0	0.0	0.0	0.0	0.0	0.0	0.0	0.0	0.0	0.0	0.0	0.0	0.0	0.0	0.0	0.0	0.0	0.0	0.0	0.0	0.0	0.0	0.0	0.0	0.0	0.0	0.0	0.0	0.0	0.0	0.0	0.0	0.0	0.0	0.0	0.0	0.0	0.0	0.0	0.0	0.0
Syn.Breast-AdenoCA::S.132	0.13472414614271047	0.0	0.0	0.09125166445144259	0.0	0.2524597308069231	0.033161932765399055	0.0	0.0	0.0	0.0	0.06672449329014532	0.0	0.06272881576610025	0.10098787864578285	0.0	0.0	0.2579613381314965	0.0	0.0	0.0	0.0	0.0	0.0	0.0	0.0	0.0	0.0	0.0	0.0	0.0	0.0	0.0	0.0	0.0	0.0	0.0	0.0	0.0	0.0	0.0	0.0	0.0	0.0	0.0	0.0	0.0	0.0	0.0	0.0	0.0	0.0	0.0	0.0	0.0	0.0	0.0	0.0	0.0	0.0
Syn.Breast-AdenoCA::S.133	0.17745661394340792	0.0	0.0	0.2520383038178963	0.0	0.05140747451497756	0.0	0.0	0.10136402565541443	0.0950447994789154	0.0	0.0	0.0	0.0	0.3226887825893883	0.0	0.0	0.0	0.0	0.0	0.0	0.0	0.0	0.0	0.0	0.0	0.0	0.0	0.0	0.0	0.0	0.0	0.0	0.0	0.0	0.0	0.0	0.0	0.0	0.0	0.0	0.0	0.0	0.0	0.0	0.0	0.0	0.0	0.0	0.0	0.0	0.0	0.0	0.0	0.0	0.0	0.0	0.0	0.0	0.0
Syn.Breast-AdenoCA::S.134	0.1365103776587677	0.07157620136489744	0.0	0.10157471598401063	0.0	0.19930177842077457	0.0	0.0	0.0	0.09127149220388198	0.08840240900965846	0.0	0.06271654064642382	0.0846704256587295	0.0	0.0	0.0	0.0	0.16397605905285595	0.0	0.0	0.0	0.0	0.0	0.0	0.0	0.0	0.0	0.0	0.0	0.0	0.0	0.0	0.0	0.0	0.0	0.0	0.0	0.0	0.0	0.0	0.0	0.0	0.0	0.0	0.0	0.0	0.0	0.0	0.0	0.0	0.0	0.0	0.0	0.0	0.0	0.0	0.0	0.0	0.0
Syn.Breast-AdenoCA::S.135	0.1147998173992053	0.041980004636679884	0.0	0.1018942589253517	0.09049522793575747	0.11462597846807032	0.09783882073727243	0.0	0.0	0.0	0.0781234678719361	0.0	0.0	0.0	0.12462974050356156	0.0	0.0	0.23561268352216522	0.0	0.0	0.0	0.0	0.0	0.0	0.0	0.0	0.0	0.0	0.0	0.0	0.0	0.0	0.0	0.0	0.0	0.0	0.0	0.0	0.0	0.0	0.0	0.0	0.0	0.0	0.0	0.0	0.0	0.0	0.0	0.0	0.0	0.0	0.0	0.0	0.0	0.0	0.0	0.0	0.0	0.0
Syn.Breast-AdenoCA::S.136	0.06000879148784459	0.0	0.0	0.13557614562350356	0.0	0.0	0.576590921959725	0.0	0.0	0.0	0.0	0.0	0.0	0.0	0.0	0.0	0.0	0.22782414092892694	0.0	0.0	0.0	0.0	0.0	0.0	0.0	0.0	0.0	0.0	0.0	0.0	0.0	0.0	0.0	0.0	0.0	0.0	0.0	0.0	0.0	0.0	0.0	0.0	0.0	0.0	0.0	0.0	0.0	0.0	0.0	0.0	0.0	0.0	0.0	0.0	0.0	0.0	0.0	0.0	0.0	0.0
Syn.Breast-AdenoCA::S.137	0.2397622330005597	0.0	0.0	0.0006786960660831789	0.0	0.060569547484490005	0.10621386103705638	0.07657202948194466	0.0	0.07305353246793653	0.09843127141128512	0.0	0.0	0.0	0.09026308637686474	0.0	0.12393774238985501	0.06440722039470981	0.06611077988921499	0.0	0.0	0.0	0.0	0.0	0.0	0.0	0.0	0.0	0.0	0.0	0.0	0.0	0.0	0.0	0.0	0.0	0.0	0.0	0.0	0.0	0.0	0.0	0.0	0.0	0.0	0.0	0.0	0.0	0.0	0.0	0.0	0.0	0.0	0.0	0.0	0.0	0.0	0.0	0.0	0.0
Syn.Breast-AdenoCA::S.138	0.049300215874350385	0.0	0.0	0.0613684498964761	0.11171039500914769	0.0	0.0	0.1388616322535518	0.0	0.0	0.0	0.0	0.10697541498927784	0.1054326297230521	0.0	0.0	0.2284996679728179	0.07781076570532404	0.12004082857600187	0.0	0.0	0.0	0.0	0.0	0.0	0.0	0.0	0.0	0.0	0.0	0.0	0.0	0.0	0.0	0.0	0.0	0.0	0.0	0.0	0.0	0.0	0.0	0.0	0.0	0.0	0.0	0.0	0.0	0.0	0.0	0.0	0.0	0.0	0.0	0.0	0.0	0.0	0.0	0.0	0.0
Syn.Breast-AdenoCA::S.139	0.030344565043029844	0.0	0.0	0.1032223721483163	0.21630518992195957	0.05341650904484521	0.0	0.0	0.0	0.0321010514873536	0.0	0.0	0.11590329930095654	0.062498388403626	0.0	0.0	0.23097248101283516	0.0	0.15523614363707777	0.0	0.0	0.0	0.0	0.0	0.0	0.0	0.0	0.0	0.0	0.0	0.0	0.0	0.0	0.0	0.0	0.0	0.0	0.0	0.0	0.0	0.0	0.0	0.0	0.0	0.0	0.0	0.0	0.0	0.0	0.0	0.0	0.0	0.0	0.0	0.0	0.0	0.0	0.0	0.0	0.0
Syn.Breast-AdenoCA::S.140	0.06646163680117793	0.11096691428999048	0.0	0.1187888723884563	0.0	0.0	0.1799007961915983	0.0	0.0	0.0	0.0	0.0	0.0	0.0	0.37887578306887126	0.0	0.14500599725990573	0.0	0.0	0.0	0.0	0.0	0.0	0.0	0.0	0.0	0.0	0.0	0.0	0.0	0.0	0.0	0.0	0.0	0.0	0.0	0.0	0.0	0.0	0.0	0.0	0.0	0.0	0.0	0.0	0.0	0.0	0.0	0.0	0.0	0.0	0.0	0.0	0.0	0.0	0.0	0.0	0.0	0.0	0.0
Syn.Breast-AdenoCA::S.141	0.13487344020121506	0.0	0.0	0.09984207487174321	0.23385171002538932	0.0	0.12758009664132208	0.038638855749657544	0.0	0.0	0.0	0.0	0.10378046091534532	0.0	0.0	0.0	0.16521258593477103	0.0	0.09622077566055638	0.0	0.0	0.0	0.0	0.0	0.0	0.0	0.0	0.0	0.0	0.0	0.0	0.0	0.0	0.0	0.0	0.0	0.0	0.0	0.0	0.0	0.0	0.0	0.0	0.0	0.0	0.0	0.0	0.0	0.0	0.0	0.0	0.0	0.0	0.0	0.0	0.0	0.0	0.0	0.0	0.0
Syn.Breast-AdenoCA::S.142	0.08758717695586585	0.0	0.0	0.09773052932614636	0.0	0.12150705279740211	0.15376526910619392	0.0	0.0	0.047446456180386086	0.0	0.0	0.0	0.0842246225271577	0.1948118456288466	0.0	0.12550606606325823	0.0	0.08742098141474296	0.0	0.0	0.0	0.0	0.0	0.0	0.0	0.0	0.0	0.0	0.0	0.0	0.0	0.0	0.0	0.0	0.0	0.0	0.0	0.0	0.0	0.0	0.0	0.0	0.0	0.0	0.0	0.0	0.0	0.0	0.0	0.0	0.0	0.0	0.0	0.0	0.0	0.0	0.0	0.0	0.0
Syn.Breast-AdenoCA::S.143	0.02247239243358282	0.0	0.0	0.12320908329787877	0.11881496607880636	0.0	0.10528246870643658	0.0	0.0	0.0	0.0	0.0	0.04320580060947672	0.0	0.495655704413612	0.0	0.0	0.0	0.09135958446020674	0.0	0.0	0.0	0.0	0.0	0.0	0.0	0.0	0.0	0.0	0.0	0.0	0.0	0.0	0.0	0.0	0.0	0.0	0.0	0.0	0.0	0.0	0.0	0.0	0.0	0.0	0.0	0.0	0.0	0.0	0.0	0.0	0.0	0.0	0.0	0.0	0.0	0.0	0.0	0.0	0.0
Syn.Breast-AdenoCA::S.144	0.15908857788425476	0.011051523151243891	0.0	0.23391836315601777	0.0	0.0	0.0	0.0	0.0	0.0	0.0	0.0	0.0	0.0	0.0	0.0	0.0	0.5959415358084836	0.0	0.0	0.0	0.0	0.0	0.0	0.0	0.0	0.0	0.0	0.0	0.0	0.0	0.0	0.0	0.0	0.0	0.0	0.0	0.0	0.0	0.0	0.0	0.0	0.0	0.0	0.0	0.0	0.0	0.0	0.0	0.0	0.0	0.0	0.0	0.0	0.0	0.0	0.0	0.0	0.0	0.0
Syn.Breast-AdenoCA::S.145	0.046307313832602566	0.0	0.0	0.14467440766272466	0.25204341086687293	0.08592117599619596	0.0	0.0	0.0	0.0	0.0	0.0	0.061514414046786536	0.0	0.2200305721649484	0.0	0.0	0.1895087054298689	0.0	0.0	0.0	0.0	0.0	0.0	0.0	0.0	0.0	0.0	0.0	0.0	0.0	0.0	0.0	0.0	0.0	0.0	0.0	0.0	0.0	0.0	0.0	0.0	0.0	0.0	0.0	0.0	0.0	0.0	0.0	0.0	0.0	0.0	0.0	0.0	0.0	0.0	0.0	0.0	0.0	0.0
Syn.Breast-AdenoCA::S.146	0.08706160555537128	0.0	0.0	0.16928678334350786	0.0	0.1577506981306583	0.48057520632917083	0.036707457206044375	0.0	0.0	0.0	0.06861824943524727	0.0	0.0	0.0	0.0	0.0	0.0	0.0	0.0	0.0	0.0	0.0	0.0	0.0	0.0	0.0	0.0	0.0	0.0	0.0	0.0	0.0	0.0	0.0	0.0	0.0	0.0	0.0	0.0	0.0	0.0	0.0	0.0	0.0	0.0	0.0	0.0	0.0	0.0	0.0	0.0	0.0	0.0	0.0	0.0	0.0	0.0	0.0	0.0
Syn.Breast-AdenoCA::S.147	0.07775890442065188	0.14712513622079876	0.0	0.083059708539488	0.0	0.23636329854104857	0.0	0.0	0.0	0.0	0.0	0.0	0.0	0.10738440848760328	0.0	0.0	0.0	0.2363705152106249	0.11193802857978463	0.0	0.0	0.0	0.0	0.0	0.0	0.0	0.0	0.0	0.0	0.0	0.0	0.0	0.0	0.0	0.0	0.0	0.0	0.0	0.0	0.0	0.0	0.0	0.0	0.0	0.0	0.0	0.0	0.0	0.0	0.0	0.0	0.0	0.0	0.0	0.0	0.0	0.0	0.0	0.0	0.0
Syn.Breast-AdenoCA::S.148	0.07074994347611717	0.0	0.0	0.18273450922383241	0.0	0.06614990271833081	0.0	0.0	0.0	0.06340269875898272	0.0	0.08640901400743471	0.0	0.0	0.27088629663284447	0.0	0.0	0.0	0.2596676351824577	0.0	0.0	0.0	0.0	0.0	0.0	0.0	0.0	0.0	0.0	0.0	0.0	0.0	0.0	0.0	0.0	0.0	0.0	0.0	0.0	0.0	0.0	0.0	0.0	0.0	0.0	0.0	0.0	0.0	0.0	0.0	0.0	0.0	0.0	0.0	0.0	0.0	0.0	0.0	0.0	0.0
Syn.Breast-AdenoCA::S.149	0.023999093811724888	0.0	0.0	0.08230023679409665	0.4394957983181179	0.0	0.31512025851739744	0.0	0.0	0.0	0.0	0.0	0.0	0.0	0.13908461255866308	0.0	0.0	0.0	0.0	0.0	0.0	0.0	0.0	0.0	0.0	0.0	0.0	0.0	0.0	0.0	0.0	0.0	0.0	0.0	0.0	0.0	0.0	0.0	0.0	0.0	0.0	0.0	0.0	0.0	0.0	0.0	0.0	0.0	0.0	0.0	0.0	0.0	0.0	0.0	0.0	0.0	0.0	0.0	0.0	0.0
Syn.Breast-AdenoCA::S.150	0.03471750080901583	0.050384711458391705	0.0	0.04580270025647973	0.0	0.16409514197474398	0.0	0.0	0.0	0.13332030258249303	0.13900793031563768	0.0	0.07637066923941409	0.0	0.15988971251073839	0.0	0.0	0.11034665785392589	0.08606467299915974	0.0	0.0	0.0	0.0	0.0	0.0	0.0	0.0	0.0	0.0	0.0	0.0	0.0	0.0	0.0	0.0	0.0	0.0	0.0	0.0	0.0	0.0	0.0	0.0	0.0	0.0	0.0	0.0	0.0	0.0	0.0	0.0	0.0	0.0	0.0	0.0	0.0	0.0	0.0	0.0	0.0
Syn.Breast-AdenoCA::S.151	0.16485250953568914	0.0	0.0	0.13940106115986559	0.0	0.018142851881441317	0.0	0.0	0.0	0.0	0.0	0.0	0.0	0.0	0.6776035774230039	0.0	0.0	0.0	0.0	0.0	0.0	0.0	0.0	0.0	0.0	0.0	0.0	0.0	0.0	0.0	0.0	0.0	0.0	0.0	0.0	0.0	0.0	0.0	0.0	0.0	0.0	0.0	0.0	0.0	0.0	0.0	0.0	0.0	0.0	0.0	0.0	0.0	0.0	0.0	0.0	0.0	0.0	0.0	0.0	0.0
Syn.Breast-AdenoCA::S.152	0.09949694078018785	0.0	0.0	0.18204039767973884	0.0	0.0	0.5758726536585784	0.0	0.0	0.0	0.0	0.0	0.0	0.0	0.1425900078814949	0.0	0.0	0.0	0.0	0.0	0.0	0.0	0.0	0.0	0.0	0.0	0.0	0.0	0.0	0.0	0.0	0.0	0.0	0.0	0.0	0.0	0.0	0.0	0.0	0.0	0.0	0.0	0.0	0.0	0.0	0.0	0.0	0.0	0.0	0.0	0.0	0.0	0.0	0.0	0.0	0.0	0.0	0.0	0.0	0.0
Syn.Breast-AdenoCA::S.153	0.15127437460155205	0.0	0.0	0.15771129469683653	0.0	0.18064017883487973	0.09228613092686146	0.03962858741583804	0.0	0.0	0.0	0.0	0.06940995831454351	0.0	0.30904947520948867	0.0	0.0	0.0	0.0	0.0	0.0	0.0	0.0	0.0	0.0	0.0	0.0	0.0	0.0	0.0	0.0	0.0	0.0	0.0	0.0	0.0	0.0	0.0	0.0	0.0	0.0	0.0	0.0	0.0	0.0	0.0	0.0	0.0	0.0	0.0	0.0	0.0	0.0	0.0	0.0	0.0	0.0	0.0	0.0	0.0
Syn.Breast-AdenoCA::S.154	0.05931664190937051	0.0	0.0	0.0663569602671611	0.06437690335555221	0.19792464907120236	0.0	0.0	0.0	0.0	0.0	0.0	0.0896685171371561	0.0	0.17214055544197682	0.0	0.1184154444431716	0.12923309436699096	0.10256723400741846	0.0	0.0	0.0	0.0	0.0	0.0	0.0	0.0	0.0	0.0	0.0	0.0	0.0	0.0	0.0	0.0	0.0	0.0	0.0	0.0	0.0	0.0	0.0	0.0	0.0	0.0	0.0	0.0	0.0	0.0	0.0	0.0	0.0	0.0	0.0	0.0	0.0	0.0	0.0	0.0	0.0
Syn.Breast-AdenoCA::S.155	0.1722518095143279	0.0	0.0	0.13220704778816927	0.0	0.1049423982032986	0.039197224851190184	0.0	0.09568092009160481	0.0	0.0	0.0	0.0	0.0	0.3303385224508155	0.0	0.0	0.12538207710059382	0.0	0.0	0.0	0.0	0.0	0.0	0.0	0.0	0.0	0.0	0.0	0.0	0.0	0.0	0.0	0.0	0.0	0.0	0.0	0.0	0.0	0.0	0.0	0.0	0.0	0.0	0.0	0.0	0.0	0.0	0.0	0.0	0.0	0.0	0.0	0.0	0.0	0.0	0.0	0.0	0.0	0.0
Syn.Breast-AdenoCA::S.156	0.016519083289997353	0.0	0.0	0.12994296448235418	0.0	0.0	0.0	0.0	0.0	0.0	0.0	0.0	0.0	0.0	0.8535379522276485	0.0	0.0	0.0	0.0	0.0	0.0	0.0	0.0	0.0	0.0	0.0	0.0	0.0	0.0	0.0	0.0	0.0	0.0	0.0	0.0	0.0	0.0	0.0	0.0	0.0	0.0	0.0	0.0	0.0	0.0	0.0	0.0	0.0	0.0	0.0	0.0	0.0	0.0	0.0	0.0	0.0	0.0	0.0	0.0	0.0
Syn.Breast-AdenoCA::S.157	0.13346843722484208	0.10592106805178378	0.0	0.049238338633352516	0.0	0.0	0.09869978328624873	0.0	0.0	0.10163077436777959	0.12010392418812012	0.0	0.0	0.0	0.28738984008254187	0.0	0.0	0.0	0.10354783416533135	0.0	0.0	0.0	0.0	0.0	0.0	0.0	0.0	0.0	0.0	0.0	0.0	0.0	0.0	0.0	0.0	0.0	0.0	0.0	0.0	0.0	0.0	0.0	0.0	0.0	0.0	0.0	0.0	0.0	0.0	0.0	0.0	0.0	0.0	0.0	0.0	0.0	0.0	0.0	0.0	0.0
Syn.Breast-AdenoCA::S.158	0.04584694694857441	0.2924174099113126	0.0	0.0861683150999264	0.05744099134877468	0.0	0.0	0.0	0.0	0.0	0.0	0.0	0.0	0.1908939475618427	0.32723238912956915	0.0	0.0	0.0	0.0	0.0	0.0	0.0	0.0	0.0	0.0	0.0	0.0	0.0	0.0	0.0	0.0	0.0	0.0	0.0	0.0	0.0	0.0	0.0	0.0	0.0	0.0	0.0	0.0	0.0	0.0	0.0	0.0	0.0	0.0	0.0	0.0	0.0	0.0	0.0	0.0	0.0	0.0	0.0	0.0	0.0
Syn.Breast-AdenoCA::S.159	0.16319273920255703	0.0	0.2550741834946185	0.15890839543222507	0.08242647509698985	0.0	0.0	0.0	0.0	0.0	0.0	0.0	0.0	0.0	0.2005625070882876	0.0	0.0	0.13983569968532208	0.0	0.0	0.0	0.0	0.0	0.0	0.0	0.0	0.0	0.0	0.0	0.0	0.0	0.0	0.0	0.0	0.0	0.0	0.0	0.0	0.0	0.0	0.0	0.0	0.0	0.0	0.0	0.0	0.0	0.0	0.0	0.0	0.0	0.0	0.0	0.0	0.0	0.0	0.0	0.0	0.0	0.0
Syn.Breast-AdenoCA::S.160	0.17135117553250587	0.07465300535181027	0.0	0.09285583024528628	0.13317749958019384	0.09272419430680345	0.0	0.0	0.0	0.0	0.0	0.07905681342560844	0.04708270287600931	0.0	0.0	0.0	0.09940385272468961	0.10815997811726948	0.10153494783982349	0.0	0.0	0.0	0.0	0.0	0.0	0.0	0.0	0.0	0.0	0.0	0.0	0.0	0.0	0.0	0.0	0.0	0.0	0.0	0.0	0.0	0.0	0.0	0.0	0.0	0.0	0.0	0.0	0.0	0.0	0.0	0.0	0.0	0.0	0.0	0.0	0.0	0.0	0.0	0.0	0.0
Syn.Breast-AdenoCA::S.161	0.031256332157952434	0.0	0.0	0.1907723535514178	0.606213154504703	0.0	0.0	0.0	0.0	0.0	0.05485382046435155	0.0	0.0	0.0	0.0	0.0	0.0	0.11690433932157529	0.0	0.0	0.0	0.0	0.0	0.0	0.0	0.0	0.0	0.0	0.0	0.0	0.0	0.0	0.0	0.0	0.0	0.0	0.0	0.0	0.0	0.0	0.0	0.0	0.0	0.0	0.0	0.0	0.0	0.0	0.0	0.0	0.0	0.0	0.0	0.0	0.0	0.0	0.0	0.0	0.0	0.0
Syn.Breast-AdenoCA::S.162	0.045087702623118404	0.052663945105014855	0.0	0.108003137845165	0.0	0.08000012112328687	0.06079032291295424	0.0	0.0	0.0	0.0	0.0	0.0	0.0	0.46586208741515656	0.0	0.0	0.1123798002706663	0.07521288270463776	0.0	0.0	0.0	0.0	0.0	0.0	0.0	0.0	0.0	0.0	0.0	0.0	0.0	0.0	0.0	0.0	0.0	0.0	0.0	0.0	0.0	0.0	0.0	0.0	0.0	0.0	0.0	0.0	0.0	0.0	0.0	0.0	0.0	0.0	0.0	0.0	0.0	0.0	0.0	0.0	0.0
Syn.Breast-AdenoCA::S.163	0.0675194585329522	0.0	0.0	0.1805493202873917	0.5266289617586932	0.0	0.0	0.0	0.0	0.0	0.0	0.0	0.09646170835983363	0.12884055106112924	0.0	0.0	0.0	0.0	0.0	0.0	0.0	0.0	0.0	0.0	0.0	0.0	0.0	0.0	0.0	0.0	0.0	0.0	0.0	0.0	0.0	0.0	0.0	0.0	0.0	0.0	0.0	0.0	0.0	0.0	0.0	0.0	0.0	0.0	0.0	0.0	0.0	0.0	0.0	0.0	0.0	0.0	0.0	0.0	0.0	0.0
Syn.Breast-AdenoCA::S.164	0.13378486972418532	0.0	0.10619998317665676	0.0613261573254716	0.2635604654363884	0.15133875722726556	0.0	0.0	0.0	0.0	0.0	0.0	0.0	0.05507347645330345	0.0	0.0	0.0	0.15755828434947328	0.07115800630725563	0.0	0.0	0.0	0.0	0.0	0.0	0.0	0.0	0.0	0.0	0.0	0.0	0.0	0.0	0.0	0.0	0.0	0.0	0.0	0.0	0.0	0.0	0.0	0.0	0.0	0.0	0.0	0.0	0.0	0.0	0.0	0.0	0.0	0.0	0.0	0.0	0.0	0.0	0.0	0.0	0.0
Syn.Breast-AdenoCA::S.165	0.04774396712656436	0.0	0.5419719186159041	0.16195255536570366	0.0	0.0	0.0792905752499545	0.0	0.0	0.0	0.0	0.0	0.02232060599193057	0.0	0.0	0.0	0.14672037764994267	0.0	0.0	0.0	0.0	0.0	0.0	0.0	0.0	0.0	0.0	0.0	0.0	0.0	0.0	0.0	0.0	0.0	0.0	0.0	0.0	0.0	0.0	0.0	0.0	0.0	0.0	0.0	0.0	0.0	0.0	0.0	0.0	0.0	0.0	0.0	0.0	0.0	0.0	0.0	0.0	0.0	0.0	0.0
Syn.Breast-AdenoCA::S.166	0.10377243635403928	0.1371426995397775	0.07611549462143127	0.054966782028203494	0.11738015805201342	0.0	0.0	0.0	0.0	0.0	0.0	0.0	0.055798798374324464	0.11291161673233718	0.34191201429787343	0.0	0.0	0.0	0.0	0.0	0.0	0.0	0.0	0.0	0.0	0.0	0.0	0.0	0.0	0.0	0.0	0.0	0.0	0.0	0.0	0.0	0.0	0.0	0.0	0.0	0.0	0.0	0.0	0.0	0.0	0.0	0.0	0.0	0.0	0.0	0.0	0.0	0.0	0.0	0.0	0.0	0.0	0.0	0.0	0.0
Syn.Breast-AdenoCA::S.167	0.16007151002889167	0.0	0.0	0.09824773107837503	0.14557421877745663	0.0	0.2716552827201816	0.0	0.0	0.0	0.0	0.0	0.06423726589805365	0.1369314709602117	0.0	0.1232825205368298	0.0	0.0	0.0	0.0	0.0	0.0	0.0	0.0	0.0	0.0	0.0	0.0	0.0	0.0	0.0	0.0	0.0	0.0	0.0	0.0	0.0	0.0	0.0	0.0	0.0	0.0	0.0	0.0	0.0	0.0	0.0	0.0	0.0	0.0	0.0	0.0	0.0	0.0	0.0	0.0	0.0	0.0	0.0	0.0
Syn.Breast-AdenoCA::S.168	0.062072418231929855	0.0	0.0	0.188058925477791	0.29076671303169266	0.0	0.0	0.06952269580498509	0.0	0.0	0.0	0.0	0.0	0.0	0.38957924745360145	0.0	0.0	0.0	0.0	0.0	0.0	0.0	0.0	0.0	0.0	0.0	0.0	0.0	0.0	0.0	0.0	0.0	0.0	0.0	0.0	0.0	0.0	0.0	0.0	0.0	0.0	0.0	0.0	0.0	0.0	0.0	0.0	0.0	0.0	0.0	0.0	0.0	0.0	0.0	0.0	0.0	0.0	0.0	0.0	0.0
Syn.Breast-AdenoCA::S.169	0.03442460201822772	0.17142690115453946	0.30792211197491365	0.08712884910137465	0.2022583073023779	0.0	0.08286340263877585	0.0	0.0	0.0	0.0	0.0	0.0	0.11397582580979088	0.0	0.0	0.0	0.0	0.0	0.0	0.0	0.0	0.0	0.0	0.0	0.0	0.0	0.0	0.0	0.0	0.0	0.0	0.0	0.0	0.0	0.0	0.0	0.0	0.0	0.0	0.0	0.0	0.0	0.0	0.0	0.0	0.0	0.0	0.0	0.0	0.0	0.0	0.0	0.0	0.0	0.0	0.0	0.0	0.0	0.0
Syn.Breast-AdenoCA::S.170	0.07816142688680222	0.0	0.0	0.16204821728763574	0.08242404620575529	0.0	0.0666238833387732	0.0	0.0	0.06594396468333952	0.0	0.121384654005563	0.04852355862985557	0.0	0.37489024896227546	0.0	0.0	0.0	0.0	0.0	0.0	0.0	0.0	0.0	0.0	0.0	0.0	0.0	0.0	0.0	0.0	0.0	0.0	0.0	0.0	0.0	0.0	0.0	0.0	0.0	0.0	0.0	0.0	0.0	0.0	0.0	0.0	0.0	0.0	0.0	0.0	0.0	0.0	0.0	0.0	0.0	0.0	0.0	0.0	0.0
Syn.Breast-AdenoCA::S.171	0.03184471353599282	0.0	0.0	0.11491149423307265	0.11421187424997176	0.0	0.06346485186997679	0.0	0.0	0.0	0.0	0.0	0.05568847036893848	0.0	0.4748596589855906	0.0	0.0	0.14501893675645677	0.0	0.0	0.0	0.0	0.0	0.0	0.0	0.0	0.0	0.0	0.0	0.0	0.0	0.0	0.0	0.0	0.0	0.0	0.0	0.0	0.0	0.0	0.0	0.0	0.0	0.0	0.0	0.0	0.0	0.0	0.0	0.0	0.0	0.0	0.0	0.0	0.0	0.0	0.0	0.0	0.0	0.0
Syn.Breast-AdenoCA::S.172	0.04865334015276024	0.0	0.1696301878545707	0.05790339774529672	0.06887787452840982	0.06919112743221185	0.052117003226291855	0.06153854437671568	0.0	0.0	0.0	0.0	0.07329742613748409	0.12700062387084823	0.08211613135830824	0.0	0.0	0.18967434331710267	0.0	0.0	0.0	0.0	0.0	0.0	0.0	0.0	0.0	0.0	0.0	0.0	0.0	0.0	0.0	0.0	0.0	0.0	0.0	0.0	0.0	0.0	0.0	0.0	0.0	0.0	0.0	0.0	0.0	0.0	0.0	0.0	0.0	0.0	0.0	0.0	0.0	0.0	0.0	0.0	0.0	0.0
Syn.Breast-AdenoCA::S.173	0.18784297273535852	0.06713276819696598	0.0	0.14988547791123935	0.1859993247352902	0.0	0.0	0.0	0.0	0.095517920300155	0.0	0.0	0.05384637924528967	0.0	0.25977515687570135	0.0	0.0	0.0	0.0	0.0	0.0	0.0	0.0	0.0	0.0	0.0	0.0	0.0	0.0	0.0	0.0	0.0	0.0	0.0	0.0	0.0	0.0	0.0	0.0	0.0	0.0	0.0	0.0	0.0	0.0	0.0	0.0	0.0	0.0	0.0	0.0	0.0	0.0	0.0	0.0	0.0	0.0	0.0	0.0	0.0
Syn.Breast-AdenoCA::S.174	0.0690585304678377	0.0	0.0	0.1591119924279218	0.08224286077513453	0.0	0.0	0.0	0.07767766907514058	0.0	0.0	0.0	0.058654711634219696	0.03994774397502704	0.2755308887603655	0.0	0.0	0.2377756028843531	0.0	0.0	0.0	0.0	0.0	0.0	0.0	0.0	0.0	0.0	0.0	0.0	0.0	0.0	0.0	0.0	0.0	0.0	0.0	0.0	0.0	0.0	0.0	0.0	0.0	0.0	0.0	0.0	0.0	0.0	0.0	0.0	0.0	0.0	0.0	0.0	0.0	0.0	0.0	0.0	0.0	0.0
Syn.Breast-AdenoCA::S.175	0.06570013553794812	0.0	0.0	0.09687078220520354	0.07481343121105002	0.0	0.4611207539806751	0.0	0.0	0.0	0.0	0.0	0.08783410088570755	0.0	0.0	0.12348168956697916	0.0	0.0	0.09017910661243647	0.0	0.0	0.0	0.0	0.0	0.0	0.0	0.0	0.0	0.0	0.0	0.0	0.0	0.0	0.0	0.0	0.0	0.0	0.0	0.0	0.0	0.0	0.0	0.0	0.0	0.0	0.0	0.0	0.0	0.0	0.0	0.0	0.0	0.0	0.0	0.0	0.0	0.0	0.0	0.0	0.0
Syn.Breast-AdenoCA::S.176	0.06643777730674068	0.0841532948062445	0.0	0.11574200056916258	0.0	0.0	0.0	0.0	0.0	0.0	0.0	0.0	0.0	0.0	0.6106036474796768	0.0	0.0	0.0	0.12306327983817558	0.0	0.0	0.0	0.0	0.0	0.0	0.0	0.0	0.0	0.0	0.0	0.0	0.0	0.0	0.0	0.0	0.0	0.0	0.0	0.0	0.0	0.0	0.0	0.0	0.0	0.0	0.0	0.0	0.0	0.0	0.0	0.0	0.0	0.0	0.0	0.0	0.0	0.0	0.0	0.0	0.0
Syn.Breast-AdenoCA::S.177	0.12767114378085093	0.0	0.0	0.10434275595837994	0.10409885646651826	0.0	0.0	0.0	0.0	0.04003697568311287	0.0	0.0	0.04055644846474638	0.0	0.0	0.0	0.0	0.47438851858283915	0.10890530106355238	0.0	0.0	0.0	0.0	0.0	0.0	0.0	0.0	0.0	0.0	0.0	0.0	0.0	0.0	0.0	0.0	0.0	0.0	0.0	0.0	0.0	0.0	0.0	0.0	0.0	0.0	0.0	0.0	0.0	0.0	0.0	0.0	0.0	0.0	0.0	0.0	0.0	0.0	0.0	0.0	0.0
Syn.Breast-AdenoCA::S.178	0.06762949197595744	0.0	0.0	0.07928713709178792	0.1926822386145391	0.0	0.0	0.0649286773528511	0.0	0.0	0.0	0.0	0.0	0.15264296019686063	0.16658540258024554	0.0	0.0	0.16614798313543738	0.11009610905232108	0.0	0.0	0.0	0.0	0.0	0.0	0.0	0.0	0.0	0.0	0.0	0.0	0.0	0.0	0.0	0.0	0.0	0.0	0.0	0.0	0.0	0.0	0.0	0.0	0.0	0.0	0.0	0.0	0.0	0.0	0.0	0.0	0.0	0.0	0.0	0.0	0.0	0.0	0.0	0.0	0.0
Syn.Breast-AdenoCA::S.179	0.04086291334532882	0.08107240931164587	0.0	0.06986218774589192	0.08664883811542574	0.0	0.0	0.0	0.0	0.0	0.0	0.0	0.0	0.0	0.608835585923042	0.0	0.11271806555866558	0.0	0.0	0.0	0.0	0.0	0.0	0.0	0.0	0.0	0.0	0.0	0.0	0.0	0.0	0.0	0.0	0.0	0.0	0.0	0.0	0.0	0.0	0.0	0.0	0.0	0.0	0.0	0.0	0.0	0.0	0.0	0.0	0.0	0.0	0.0	0.0	0.0	0.0	0.0	0.0	0.0	0.0	0.0
Syn.Breast-AdenoCA::S.180	0.05135344160688566	0.16339924055361854	0.12022574161966575	0.05160350450437579	0.06529883917405319	0.2197653905118965	0.0	0.0	0.0	0.0	0.0	0.0	0.13405660945407996	0.08641538229088322	0.10788185028454132	0.0	0.0	0.0	0.0	0.0	0.0	0.0	0.0	0.0	0.0	0.0	0.0	0.0	0.0	0.0	0.0	0.0	0.0	0.0	0.0	0.0	0.0	0.0	0.0	0.0	0.0	0.0	0.0	0.0	0.0	0.0	0.0	0.0	0.0	0.0	0.0	0.0	0.0	0.0	0.0	0.0	0.0	0.0	0.0	0.0
Syn.Breast-AdenoCA::S.181	0.07057345717839272	0.10726409665540666	0.0	0.12933474398458433	0.5783299727709275	0.0	0.0	0.0	0.0	0.0	0.0	0.0	0.11449772941068882	0.0	0.0	0.0	0.0	0.0	0.0	0.0	0.0	0.0	0.0	0.0	0.0	0.0	0.0	0.0	0.0	0.0	0.0	0.0	0.0	0.0	0.0	0.0	0.0	0.0	0.0	0.0	0.0	0.0	0.0	0.0	0.0	0.0	0.0	0.0	0.0	0.0	0.0	0.0	0.0	0.0	0.0	0.0	0.0	0.0	0.0	0.0
Syn.Breast-AdenoCA::S.182	0.04824675780053941	0.0	0.3364386325800377	0.16961957740693503	0.0	0.0	0.1611504073493933	0.0	0.0	0.0	0.0	0.0	0.0	0.0	0.2845446248630946	0.0	0.0	0.0	0.0	0.0	0.0	0.0	0.0	0.0	0.0	0.0	0.0	0.0	0.0	0.0	0.0	0.0	0.0	0.0	0.0	0.0	0.0	0.0	0.0	0.0	0.0	0.0	0.0	0.0	0.0	0.0	0.0	0.0	0.0	0.0	0.0	0.0	0.0	0.0	0.0	0.0	0.0	0.0	0.0	0.0
Syn.Breast-AdenoCA::S.183	0.250874265700024	0.0	0.0	0.24986475598452884	0.0	0.0	0.18242915369795323	0.0	0.0	0.0	0.0	0.0	0.09920450096238596	0.0	0.21762732365510787	0.0	0.0	0.0	0.0	0.0	0.0	0.0	0.0	0.0	0.0	0.0	0.0	0.0	0.0	0.0	0.0	0.0	0.0	0.0	0.0	0.0	0.0	0.0	0.0	0.0	0.0	0.0	0.0	0.0	0.0	0.0	0.0	0.0	0.0	0.0	0.0	0.0	0.0	0.0	0.0	0.0	0.0	0.0	0.0	0.0
Syn.Breast-AdenoCA::S.184	0.13147005683867308	0.0	0.0	0.0711087764292389	0.0	0.08962815410935582	0.0	0.0	0.0	0.04846804909631979	0.0	0.0	0.1039758654383852	0.04796581489839931	0.43686138560907994	0.0	0.0	0.0	0.07052189758054807	0.0	0.0	0.0	0.0	0.0	0.0	0.0	0.0	0.0	0.0	0.0	0.0	0.0	0.0	0.0	0.0	0.0	0.0	0.0	0.0	0.0	0.0	0.0	0.0	0.0	0.0	0.0	0.0	0.0	0.0	0.0	0.0	0.0	0.0	0.0	0.0	0.0	0.0	0.0	0.0	0.0
Syn.Breast-AdenoCA::S.185	0.0772584038999563	0.0	0.13611006313457655	0.039915443956361873	0.08709782074612701	0.05726407826326214	0.0	0.0	0.0	0.0	0.0	0.0	0.13215850895743916	0.09671757798534579	0.0	0.0	0.0	0.231270995023785	0.14220710803314604	0.0	0.0	0.0	0.0	0.0	0.0	0.0	0.0	0.0	0.0	0.0	0.0	0.0	0.0	0.0	0.0	0.0	0.0	0.0	0.0	0.0	0.0	0.0	0.0	0.0	0.0	0.0	0.0	0.0	0.0	0.0	0.0	0.0	0.0	0.0	0.0	0.0	0.0	0.0	0.0	0.0
Syn.Breast-AdenoCA::S.186	0.0694258737228432	0.06354965577812498	0.0	0.1633553276645685	0.10193849928492689	0.0	0.0	0.0	0.0	0.0	0.0	0.0	0.04475053326989041	0.0	0.20317188075643697	0.0	0.0	0.35380822952320906	0.0	0.0	0.0	0.0	0.0	0.0	0.0	0.0	0.0	0.0	0.0	0.0	0.0	0.0	0.0	0.0	0.0	0.0	0.0	0.0	0.0	0.0	0.0	0.0	0.0	0.0	0.0	0.0	0.0	0.0	0.0	0.0	0.0	0.0	0.0	0.0	0.0	0.0	0.0	0.0	0.0	0.0
Syn.Breast-AdenoCA::S.187	0.06197571302231279	0.0	0.0	0.17439357645573955	0.5337801655498202	0.0	0.0	0.0	0.0	0.0	0.0	0.0	0.0	0.0	0.22985054497212734	0.0	0.0	0.0	0.0	0.0	0.0	0.0	0.0	0.0	0.0	0.0	0.0	0.0	0.0	0.0	0.0	0.0	0.0	0.0	0.0	0.0	0.0	0.0	0.0	0.0	0.0	0.0	0.0	0.0	0.0	0.0	0.0	0.0	0.0	0.0	0.0	0.0	0.0	0.0	0.0	0.0	0.0	0.0	0.0	0.0
Syn.Breast-AdenoCA::S.188	0.12130632699014482	0.0	0.0	0.052186277583480135	0.0	0.08281235880523431	0.0	0.04448419608787544	0.0	0.0	0.1472547768325423	0.0	0.0	0.04982391320203007	0.0904576867981735	0.0	0.0	0.17913588730958466	0.1028326755552144	0.12970590083572042	0.0	0.0	0.0	0.0	0.0	0.0	0.0	0.0	0.0	0.0	0.0	0.0	0.0	0.0	0.0	0.0	0.0	0.0	0.0	0.0	0.0	0.0	0.0	0.0	0.0	0.0	0.0	0.0	0.0	0.0	0.0	0.0	0.0	0.0	0.0	0.0	0.0	0.0	0.0	0.0
Syn.Breast-AdenoCA::S.189	0.11074575231563738	0.0844732369846726	0.0	0.07923380479926513	0.19125268196689094	0.0613827556717503	0.0	0.03822481582347587	0.0	0.06379701686667677	0.0	0.0542378760076668	0.0	0.0	0.24360860760908912	0.0	0.0	0.0	0.07304345195487508	0.0	0.0	0.0	0.0	0.0	0.0	0.0	0.0	0.0	0.0	0.0	0.0	0.0	0.0	0.0	0.0	0.0	0.0	0.0	0.0	0.0	0.0	0.0	0.0	0.0	0.0	0.0	0.0	0.0	0.0	0.0	0.0	0.0	0.0	0.0	0.0	0.0	0.0	0.0	0.0	0.0
Syn.Breast-AdenoCA::S.190	0.14762701109082246	0.0890827817414187	0.1290157050636442	0.13958951892403287	0.0	0.0	0.0	0.0	0.11019915421001106	0.0	0.0	0.21231315837470358	0.0799472409042563	0.09222542969111072	0.0	0.0	0.0	0.0	0.0	0.0	0.0	0.0	0.0	0.0	0.0	0.0	0.0	0.0	0.0	0.0	0.0	0.0	0.0	0.0	0.0	0.0	0.0	0.0	0.0	0.0	0.0	0.0	0.0	0.0	0.0	0.0	0.0	0.0	0.0	0.0	0.0	0.0	0.0	0.0	0.0	0.0	0.0	0.0	0.0	0.0
Syn.Breast-AdenoCA::S.191	0.1508390911429536	0.0	0.0	0.10697806499614688	0.0	0.1506510685129646	0.1852271711452798	0.0	0.0	0.0	0.0	0.0	0.0	0.0	0.25600023854507326	0.0	0.0	0.0	0.15030436565758196	0.0	0.0	0.0	0.0	0.0	0.0	0.0	0.0	0.0	0.0	0.0	0.0	0.0	0.0	0.0	0.0	0.0	0.0	0.0	0.0	0.0	0.0	0.0	0.0	0.0	0.0	0.0	0.0	0.0	0.0	0.0	0.0	0.0	0.0	0.0	0.0	0.0	0.0	0.0	0.0	0.0
Syn.Breast-AdenoCA::S.192	0.10373867541462577	0.24600570830992358	0.0	0.20812892953466497	0.0	0.0	0.27171819558585236	0.0	0.0	0.0	0.0	0.0	0.0	0.17040849115493326	0.0	0.0	0.0	0.0	0.0	0.0	0.0	0.0	0.0	0.0	0.0	0.0	0.0	0.0	0.0	0.0	0.0	0.0	0.0	0.0	0.0	0.0	0.0	0.0	0.0	0.0	0.0	0.0	0.0	0.0	0.0	0.0	0.0	0.0	0.0	0.0	0.0	0.0	0.0	0.0	0.0	0.0	0.0	0.0	0.0	0.0
Syn.Breast-AdenoCA::S.193	0.01566376288179691	0.0	0.0	0.08683035152221334	0.0	0.0	0.8975058855959898	0.0	0.0	0.0	0.0	0.0	0.0	0.0	0.0	0.0	0.0	0.0	0.0	0.0	0.0	0.0	0.0	0.0	0.0	0.0	0.0	0.0	0.0	0.0	0.0	0.0	0.0	0.0	0.0	0.0	0.0	0.0	0.0	0.0	0.0	0.0	0.0	0.0	0.0	0.0	0.0	0.0	0.0	0.0	0.0	0.0	0.0	0.0	0.0	0.0	0.0	0.0	0.0	0.0
Syn.Breast-AdenoCA::S.194	0.02633134011351618	0.05720156902951648	0.0	0.12107564097701964	0.4424528320162926	0.0	0.0	0.0	0.0	0.0	0.0	0.0	0.06383690134307271	0.05857450911316397	0.0	0.0	0.0	0.23052720740741842	0.0	0.0	0.0	0.0	0.0	0.0	0.0	0.0	0.0	0.0	0.0	0.0	0.0	0.0	0.0	0.0	0.0	0.0	0.0	0.0	0.0	0.0	0.0	0.0	0.0	0.0	0.0	0.0	0.0	0.0	0.0	0.0	0.0	0.0	0.0	0.0	0.0	0.0	0.0	0.0	0.0	0.0
Syn.Breast-AdenoCA::S.195	0.08090400840815191	0.0	0.0	0.10046667229768043	0.0	0.0989887800086409	0.039554150633951214	0.04725223670233535	0.0	0.07580011157316018	0.0	0.08709725739161989	0.09192691450720485	0.0	0.08255742499982947	0.11562067171228775	0.0	0.17983177176513807	0.0	0.0	0.0	0.0	0.0	0.0	0.0	0.0	0.0	0.0	0.0	0.0	0.0	0.0	0.0	0.0	0.0	0.0	0.0	0.0	0.0	0.0	0.0	0.0	0.0	0.0	0.0	0.0	0.0	0.0	0.0	0.0	0.0	0.0	0.0	0.0	0.0	0.0	0.0	0.0	0.0	0.0
Syn.Breast-AdenoCA::S.196	0.1472991135656445	0.12256099829348904	0.0	0.095376874574357	0.2778766194345753	0.0	0.0	0.07389080086503069	0.0	0.06720274471737876	0.0	0.0	0.0	0.0	0.21579284854952452	0.0	0.0	0.0	0.0	0.0	0.0	0.0	0.0	0.0	0.0	0.0	0.0	0.0	0.0	0.0	0.0	0.0	0.0	0.0	0.0	0.0	0.0	0.0	0.0	0.0	0.0	0.0	0.0	0.0	0.0	0.0	0.0	0.0	0.0	0.0	0.0	0.0	0.0	0.0	0.0	0.0	0.0	0.0	0.0	0.0
Syn.Breast-AdenoCA::S.197	0.18545877225500526	0.10854445685691212	0.0	0.15249789235394298	0.14572137819158693	0.0739882659880074	0.0	0.059785004107203985	0.0	0.0	0.0	0.0	0.09046697222976804	0.0	0.18353725801757337	0.0	0.0	0.0	0.0	0.0	0.0	0.0	0.0	0.0	0.0	0.0	0.0	0.0	0.0	0.0	0.0	0.0	0.0	0.0	0.0	0.0	0.0	0.0	0.0	0.0	0.0	0.0	0.0	0.0	0.0	0.0	0.0	0.0	0.0	0.0	0.0	0.0	0.0	0.0	0.0	0.0	0.0	0.0	0.0	0.0
Syn.Breast-AdenoCA::S.198	0.13073953425316062	0.0	0.0	0.13047981003335396	0.14637842500621298	0.0	0.0	0.0	0.0	0.0	0.0	0.0	0.20608896718263725	0.0	0.0	0.0	0.0	0.3863132635246353	0.0	0.0	0.0	0.0	0.0	0.0	0.0	0.0	0.0	0.0	0.0	0.0	0.0	0.0	0.0	0.0	0.0	0.0	0.0	0.0	0.0	0.0	0.0	0.0	0.0	0.0	0.0	0.0	0.0	0.0	0.0	0.0	0.0	0.0	0.0	0.0	0.0	0.0	0.0	0.0	0.0	0.0
