Samples	SBS1	SBS2	SBS3	SBS4	SBS5	SBS6	SBS7a	SBS7b	SBS7c	SBS8	SBS9	SBS10a	SBS11	SBS12	SBS13	SBS14	SBS15	SBS16	SBS17a	SBS17b	SBS18	SBS19	SBS21	SBS22	SBS26	SBS28	SBS30	SBS33	SBS35	SBS36	SBS37	SBS38	SBS39	SBS40	SBS60	SBS55	SBS44	SBS61	SBS62	SBS63	SBS64	SBS65	SBS66	SBS67	SBS68	SBS69	SBS70	SBS71	SBS72	SBS73	SBS74	SBS75	SBS76	SBS77	SBS78	SBS79	SBS80	SBS81	SBS82	SBS83
Syn.Breast-AdenoCA::S.1	0.0	0.0	0.0	0.0	0.0	0.0	0.0	0.0	0.0	0.0	0.0	0.0	0.0	0.0	0.0	0.0	0.0	0.0	0.0	0.0	0.0	0.0	0.0	0.0	0.0	0.0	0.0	0.0	0.0	0.04695892694411221	0.0	0.0	0.9032898458810085	0.0	0.0	0.0	0.0	0.0	0.0	0.0	0.0	0.0	0.0	0.0	0.0	0.0	0.0497512271748793	0.0	0.0	0.0	0.0	0.0	0.0	0.0	0.0	0.0	0.0	0.0	0.0	0.0
Syn.Breast-AdenoCA::S.2	0.0	0.0	0.0	0.0	0.0	0.0	0.0	0.0	0.0	0.11594804032582352	0.0	0.0	0.0	0.0	0.0	0.0	0.0	0.0	0.0	0.0	0.0	0.0	0.0	0.0	0.0	0.0	0.0	0.0	0.0	0.0	0.0	0.0	0.7511345656121527	0.0	0.0	0.0	0.0	0.0	0.0	0.0	0.0	0.0	0.0	0.0	0.0	0.060356153887639645	0.07256124017438399	0.0	0.0	0.0	0.0	0.0	0.0	0.0	0.0	0.0	0.0	0.0	0.0	0.0
Syn.Breast-AdenoCA::S.3	0.11676878789683087	0.0	0.0	0.0	0.0	0.0	0.0	0.0	0.0	0.19349813622998374	0.0	0.0	0.0	0.3822794195465791	0.0	0.0	0.0	0.0	0.0	0.0	0.0	0.0	0.0	0.0	0.0	0.0	0.0	0.0	0.0	0.0	0.0	0.0	0.13201877799219028	0.0	0.0	0.0	0.0	0.0	0.0	0.0	0.0	0.0	0.0	0.0	0.0	0.17543487833441593	0.0	0.0	0.0	0.0	0.0	0.0	0.0	0.0	0.0	0.0	0.0	0.0	0.0	0.0
Syn.Breast-AdenoCA::S.4	0.06510532580047142	0.0	0.0	0.0	0.0	0.0	0.0	0.0	0.0	0.0	0.0	0.0	0.0	0.06315006833953667	0.0	0.0	0.0	0.0	0.0	0.04731159803026228	0.06323248706698104	0.0	0.0	0.0	0.0	0.0	0.09518971394184286	0.0	0.0	0.0	0.0	0.0	0.0	0.14461466020999653	0.0	0.0	0.0	0.0	0.0	0.0	0.06322736074373494	0.0	0.0	0.0	0.0	0.40918874067223804	0.048980045194936296	0.0	0.0	0.0	0.0	0.0	0.0	0.0	0.0	0.0	0.0	0.0	0.0	0.0
Syn.Breast-AdenoCA::S.5	0.16937841856996863	0.0	0.0	0.0	0.0	0.0	0.0	0.0	0.0	0.37517637501685136	0.0	0.0	0.0	0.17319131004434216	0.0	0.0	0.0	0.0	0.0	0.0	0.06217540707786843	0.0	0.0	0.0	0.0	0.0	0.0	0.0	0.0	0.0	0.0	0.0	0.0	0.0	0.0	0.0	0.0	0.0	0.0	0.0	0.0	0.0	0.0	0.0	0.0	0.15105884295278948	0.06901964633818003	0.0	0.0	0.0	0.0	0.0	0.0	0.0	0.0	0.0	0.0	0.0	0.0	0.0
Syn.Breast-AdenoCA::S.6	0.08169291688608352	0.08661773002747394	0.0	0.0	0.0	0.0	0.0	0.0	0.0	0.0	0.0	0.0	0.0	0.06102840934807219	0.040783356134770854	0.0	0.0	0.0	0.0	0.0	0.0	0.0	0.0	0.0	0.0	0.042085249340489704	0.0	0.0	0.0	0.0	0.0	0.0	0.6121976619363111	0.0	0.0	0.0	0.0	0.0	0.0	0.0	0.0	0.0	0.0	0.0	0.0	0.0	0.0755946763267986	0.0	0.0	0.0	0.0	0.0	0.0	0.0	0.0	0.0	0.0	0.0	0.0	0.0
Syn.Breast-AdenoCA::S.7	0.13791469131065015	0.0	0.0	0.0	0.0	0.0	0.0	0.0	0.0	0.13978941585993174	0.0	0.0	0.0	0.33789627865285843	0.38439961417655966	0.0	0.0	0.0	0.0	0.0	0.0	0.0	0.0	0.0	0.0	0.0	0.0	0.0	0.0	0.0	0.0	0.0	0.0	0.0	0.0	0.0	0.0	0.0	0.0	0.0	0.0	0.0	0.0	0.0	0.0	0.0	0.0	0.0	0.0	0.0	0.0	0.0	0.0	0.0	0.0	0.0	0.0	0.0	0.0	0.0
Syn.Breast-AdenoCA::S.8	0.0	0.0	0.0	0.0	0.0	0.0	0.0	0.0	0.0	0.0	0.0	0.0	0.0	0.0	0.5259543245725979	0.0	0.0	0.0	0.0	0.0	0.0	0.0	0.0	0.0	0.0	0.0	0.0	0.0	0.0	0.0	0.0	0.0	0.0	0.0	0.0	0.0	0.0	0.0	0.0	0.0	0.0	0.0	0.0	0.0	0.0	0.0	0.26144097227575647	0.21260470315164567	0.0	0.0	0.0	0.0	0.0	0.0	0.0	0.0	0.0	0.0	0.0	0.0
Syn.Breast-AdenoCA::S.9	0.0824893934843513	0.050031029613353054	0.0	0.0	0.0	0.0	0.0	0.0	0.0	0.08134628304437255	0.0	0.0	0.0	0.07707286666915243	0.0868139747940003	0.0	0.0	0.0	0.0	0.0	0.0820319490593344	0.0	0.0	0.0	0.0	0.05178579823538852	0.0	0.0	0.0	0.0	0.0	0.0	0.291530133186921	0.0	0.0	0.0	0.0	0.0	0.0	0.0	0.0	0.0	0.0	0.0	0.0	0.08878484739685578	0.10811372451627069	0.0	0.0	0.0	0.0	0.0	0.0	0.0	0.0	0.0	0.0	0.0	0.0	0.0
Syn.Breast-AdenoCA::S.10	0.08723849066804187	0.0	0.0	0.0	0.0	0.0	0.0	0.0	0.0	0.48551362527478015	0.0	0.0	0.0	0.0	0.10089984765791342	0.0	0.0	0.0	0.0	0.0	0.0	0.0	0.0	0.0	0.0	0.0	0.0	0.0	0.0	0.0	0.0	0.0	0.32634803639926463	0.0	0.0	0.0	0.0	0.0	0.0	0.0	0.0	0.0	0.0	0.0	0.0	0.0	0.0	0.0	0.0	0.0	0.0	0.0	0.0	0.0	0.0	0.0	0.0	0.0	0.0	0.0
Syn.Breast-AdenoCA::S.11	0.07003193847756084	0.0	0.10394955423666256	0.0	0.0	0.0	0.0	0.0	0.0	0.0	0.0	0.0	0.0	0.1558462430641589	0.16378664407833315	0.0	0.0	0.0	0.0	0.0	0.04336583332959143	0.0	0.0	0.0	0.0	0.0	0.08811042558940743	0.0	0.0	0.04036742587226497	0.0	0.0	0.22596418150535721	0.05482865290414469	0.0	0.0	0.0	0.0	0.0	0.0	0.0	0.0	0.0	0.0	0.0	0.0	0.05374910094251875	0.0	0.0	0.0	0.0	0.0	0.0	0.0	0.0	0.0	0.0	0.0	0.0	0.0
Syn.Breast-AdenoCA::S.12	0.2862049900285208	0.0	0.0	0.0	0.0	0.0	0.0	0.0	0.0	0.0	0.0	0.0	0.0	0.08236630314351101	0.0	0.0	0.0	0.0	0.0	0.0	0.08703030820689883	0.0	0.0	0.0	0.0	0.0	0.0	0.0	0.0	0.11672847850512998	0.0	0.0	0.23003393643491366	0.0	0.0	0.0	0.0	0.0	0.0	0.0	0.12549937986309026	0.0	0.0	0.0	0.0	0.07213660381793535	0.0	0.0	0.0	0.0	0.0	0.0	0.0	0.0	0.0	0.0	0.0	0.0	0.0	0.0
Syn.Breast-AdenoCA::S.13	0.16736891181204486	0.0	0.0	0.0	0.0	0.0	0.0	0.0	0.0	0.0	0.0	0.0	0.0	0.23918556552170836	0.09717421190089372	0.0	0.0	0.0	0.0	0.0	0.0	0.0	0.0	0.0	0.0	0.0	0.09385946267451553	0.0	0.0	0.0	0.0	0.0	0.0	0.2687131005571335	0.0	0.0	0.0	0.0	0.0	0.0	0.13369874753370406	0.0	0.0	0.0	0.0	0.0	0.0	0.0	0.0	0.0	0.0	0.0	0.0	0.0	0.0	0.0	0.0	0.0	0.0	0.0
Syn.Breast-AdenoCA::S.14	0.09115496865616839	0.13771011144036654	0.04200398384889017	0.0	0.0	0.0	0.0	0.0	0.0	0.10663977238827207	0.0	0.0	0.0	0.11175570586985642	0.0	0.0	0.0	0.04837973791106688	0.0	0.0	0.0	0.0	0.0	0.0	0.0	0.04586054240222167	0.13883924590456515	0.0	0.0	0.03904959152118259	0.0	0.0	0.15125938931245017	0.0	0.0	0.0	0.0	0.0	0.0	0.0	0.0	0.0	0.0	0.0	0.0	0.0	0.08734695074495998	0.0	0.0	0.0	0.0	0.0	0.0	0.0	0.0	0.0	0.0	0.0	0.0	0.0
Syn.Breast-AdenoCA::S.15	0.047550112057120154	0.0	0.0	0.0	0.0	0.0	0.0	0.0	0.0	0.25438977614449076	0.0	0.0	0.0	0.0522610357256548	0.0	0.0	0.0	0.03868667129557663	0.0	0.030882112249939343	0.0	0.0	0.0	0.18838775953552125	0.0	0.0	0.05574559407157911	0.0	0.0	0.14413059188516109	0.0	0.0	0.0	0.0	0.0	0.0	0.0	0.0	0.0	0.0	0.0	0.0	0.0	0.0	0.0	0.0895532431325706	0.05180459820884703	0.04660850569353914	0.0	0.0	0.0	0.0	0.0	0.0	0.0	0.0	0.0	0.0	0.0	0.0
Syn.Breast-AdenoCA::S.16	0.1302137988520466	0.106791682442016	0.07814166768551971	0.0	0.0	0.0	0.0	0.0	0.0	0.061657735339067675	0.0	0.0	0.0	0.07440871845405897	0.0	0.0	0.0	0.0800165301120406	0.0	0.0	0.0	0.0	0.0	0.17053967203955206	0.0	0.0	0.0	0.0	0.0	0.053777452990703	0.0	0.0	0.0	0.0	0.0	0.0	0.0	0.0	0.0	0.0	0.0	0.0	0.0	0.0	0.0	0.115271653774485	0.07268872945571155	0.05649235885479882	0.0	0.0	0.0	0.0	0.0	0.0	0.0	0.0	0.0	0.0	0.0	0.0
Syn.Breast-AdenoCA::S.17	0.0	0.0	0.0	0.0	0.0	0.0	0.0	0.0	0.0	0.0	0.0	0.0	0.0	0.15885098164789546	0.0	0.0	0.0	0.0	0.0	0.08634929527033956	0.11424442688112153	0.0	0.0	0.0	0.0	0.0	0.0	0.0	0.0	0.10803033669697165	0.0	0.0	0.3122700245799322	0.0	0.0	0.0	0.0	0.0	0.0	0.0	0.0	0.0	0.0	0.0	0.0	0.22025493492373968	0.0	0.0	0.0	0.0	0.0	0.0	0.0	0.0	0.0	0.0	0.0	0.0	0.0	0.0
Syn.Breast-AdenoCA::S.18	0.0	0.0	0.0	0.0	0.0	0.0	0.0	0.0	0.0	0.0	0.0	0.0	0.0	0.0	1.0	0.0	0.0	0.0	0.0	0.0	0.0	0.0	0.0	0.0	0.0	0.0	0.0	0.0	0.0	0.0	0.0	0.0	0.0	0.0	0.0	0.0	0.0	0.0	0.0	0.0	0.0	0.0	0.0	0.0	0.0	0.0	0.0	0.0	0.0	0.0	0.0	0.0	0.0	0.0	0.0	0.0	0.0	0.0	0.0	0.0
Syn.Breast-AdenoCA::S.19	0.0	0.155186975532447	0.0	0.0	0.0	0.0	0.0	0.0	0.0	0.0	0.0	0.0	0.0	0.0	0.0	0.0	0.0	0.0	0.0	0.0	0.0	0.0	0.0	0.0	0.0	0.0	0.0	0.0	0.0	0.4557654180055099	0.0	0.0	0.38904760646204295	0.0	0.0	0.0	0.0	0.0	0.0	0.0	0.0	0.0	0.0	0.0	0.0	0.0	0.0	0.0	0.0	0.0	0.0	0.0	0.0	0.0	0.0	0.0	0.0	0.0	0.0	0.0
Syn.Breast-AdenoCA::S.20	0.1200207543250937	0.0494396632893984	0.0	0.0	0.0	0.0	0.0	0.0	0.0	0.0	0.0	0.0	0.0	0.0	0.0	0.0	0.0	0.0	0.0	0.0	0.0	0.0	0.0	0.0	0.0	0.08076059893779809	0.07851851774823879	0.0	0.0	0.06221529911067422	0.0	0.0	0.5452659969152743	0.0	0.0	0.0	0.0	0.0	0.0	0.0	0.0	0.0	0.0	0.0	0.0	0.0	0.06377916967352248	0.0	0.0	0.0	0.0	0.0	0.0	0.0	0.0	0.0	0.0	0.0	0.0	0.0
Syn.Breast-AdenoCA::S.21	0.032008517820568405	0.0512775024195023	0.0	0.0	0.0	0.0	0.0	0.0	0.0	0.12912923878015983	0.0	0.0	0.0	0.04378328104287921	0.06626578892554154	0.0	0.0	0.0	0.0	0.03376093975565456	0.05303418579208252	0.0	0.0	0.04311361497279761	0.0	0.0	0.05108521410480042	0.0	0.0	0.0	0.0	0.0	0.4226436347184697	0.0	0.0	0.0	0.0	0.0	0.0	0.0	0.0	0.0	0.0	0.0	0.0	0.0	0.07389808166754393	0.0	0.0	0.0	0.0	0.0	0.0	0.0	0.0	0.0	0.0	0.0	0.0	0.0
Syn.Breast-AdenoCA::S.22	0.11416509875766717	0.04546164892420604	0.0	0.0	0.0	0.0	0.0	0.0	0.0	0.15138241574666322	0.0	0.0	0.0	0.0	0.05600618056304433	0.0	0.0	0.05767989554160033	0.0	0.059823544087914446	0.0	0.0	0.0	0.09884124269877105	0.0	0.0	0.10760508572922164	0.0	0.0	0.13824903779517178	0.0	0.0	0.11121308466514579	0.0	0.0	0.0	0.0	0.0	0.0	0.0	0.0	0.0	0.0	0.0	0.0	0.0	0.059572765490594363	0.0	0.0	0.0	0.0	0.0	0.0	0.0	0.0	0.0	0.0	0.0	0.0	0.0
Syn.Breast-AdenoCA::S.23	0.0	0.0	0.0	0.0	0.0	0.0	0.0	0.0	0.0	0.0	0.0	0.0	0.0	0.07996625824814037	0.1645214850268872	0.0	0.0	0.0	0.0	0.0	0.0	0.0	0.0	0.0703622750538467	0.0	0.0	0.0	0.0	0.0	0.0	0.0	0.0	0.5901466663730563	0.0	0.0	0.0	0.0	0.0	0.0	0.0	0.0	0.0	0.0	0.0	0.0	0.0	0.09500331529806931	0.0	0.0	0.0	0.0	0.0	0.0	0.0	0.0	0.0	0.0	0.0	0.0	0.0
Syn.Breast-AdenoCA::S.24	0.08083383203832199	0.04136861545874885	0.0	0.0	0.0	0.0	0.0	0.0	0.0	0.14961594384195553	0.0	0.0	0.0	0.04347710457430493	0.24734198092079018	0.0	0.0	0.05628166064701265	0.0	0.0	0.0	0.0	0.0	0.0	0.0	0.11422452935222716	0.05669265391019435	0.0	0.0	0.0	0.0	0.0	0.0	0.0	0.0	0.0	0.0	0.0	0.0	0.0	0.04477237849916664	0.0	0.0	0.0	0.0	0.0	0.16539130075727754	0.0	0.0	0.0	0.0	0.0	0.0	0.0	0.0	0.0	0.0	0.0	0.0	0.0
Syn.Breast-AdenoCA::S.25	0.20605579018362374	0.0	0.12467132004280969	0.0	0.0	0.0	0.0	0.0	0.0	0.0	0.0	0.0	0.0	0.0	0.0	0.0	0.0	0.0	0.0	0.0	0.0	0.0	0.0	0.0	0.0	0.0	0.15851988635121403	0.0	0.0	0.0	0.0	0.0	0.0	0.0	0.0	0.0	0.0	0.0	0.0	0.0	0.2128731248968948	0.0	0.0	0.0	0.0	0.10959477629769222	0.18828510222776546	0.0	0.0	0.0	0.0	0.0	0.0	0.0	0.0	0.0	0.0	0.0	0.0	0.0
Syn.Breast-AdenoCA::S.26	0.09905395429268143	0.0	0.0	0.0	0.0	0.0	0.0	0.0	0.0	0.20223481235298263	0.0	0.0	0.0	0.0	0.0	0.0	0.0	0.17380609409539224	0.0	0.0	0.0	0.0	0.0	0.0	0.0	0.0	0.13654073200518216	0.0	0.0	0.0	0.0	0.0	0.0	0.10844770379750783	0.0	0.0	0.0	0.0	0.0	0.0	0.0	0.0	0.0	0.0	0.0	0.15826655228035016	0.12165015117590368	0.0	0.0	0.0	0.0	0.0	0.0	0.0	0.0	0.0	0.0	0.0	0.0	0.0
Syn.Breast-AdenoCA::S.27	0.0	0.0	0.21055369109805858	0.0	0.0	0.0	0.0	0.0	0.0	0.15279600249044978	0.0	0.0	0.0	0.11938900729752079	0.07706708212192738	0.0	0.0	0.0	0.0	0.0	0.0	0.0	0.0	0.0	0.0	0.0	0.0	0.0	0.0	0.2099788317251618	0.0	0.0	0.14545683900509726	0.08475854626178445	0.0	0.0	0.0	0.0	0.0	0.0	0.0	0.0	0.0	0.0	0.0	0.0	0.0	0.0	0.0	0.0	0.0	0.0	0.0	0.0	0.0	0.0	0.0	0.0	0.0	0.0
Syn.Breast-AdenoCA::S.28	0.07511644671430202	0.07322064305059435	0.0	0.0	0.0	0.0	0.0	0.0	0.0	0.0	0.0	0.0	0.0	0.0	0.0	0.0	0.0	0.1711062128103854	0.0	0.05904002222152497	0.0640049035670428	0.0	0.0	0.09090973245079319	0.0	0.07084449172537235	0.11390692819173569	0.0	0.0	0.0	0.0	0.0	0.14547293302207748	0.0	0.0	0.0	0.0	0.0	0.0	0.0	0.0	0.0	0.0	0.0	0.0	0.0	0.13637768624617172	0.0	0.0	0.0	0.0	0.0	0.0	0.0	0.0	0.0	0.0	0.0	0.0	0.0
Syn.Breast-AdenoCA::S.29	0.038856592130649306	0.0	0.0	0.0	0.0	0.0	0.0	0.0	0.0	0.15660538527125623	0.0	0.0	0.0	0.05968255205404756	0.0	0.0	0.0	0.0	0.0	0.034069946461585926	0.0	0.0	0.0	0.0	0.0	0.0	0.0	0.0	0.0	0.0	0.0	0.0	0.4895955008651571	0.07085640422803544	0.0	0.0	0.0	0.0	0.0	0.0	0.06477632987167385	0.0	0.0	0.0	0.0	0.0	0.08555728911759464	0.0	0.0	0.0	0.0	0.0	0.0	0.0	0.0	0.0	0.0	0.0	0.0	0.0
Syn.Breast-AdenoCA::S.30	0.1789701162741801	0.0459472274084309	0.0	0.0	0.0	0.0	0.0	0.0	0.0	0.14809066233201876	0.0	0.0	0.0	0.0777190594258136	0.0	0.0	0.0	0.0	0.0	0.0	0.06683354978369913	0.0	0.0	0.0	0.0	0.0	0.07577880576700206	0.0	0.0	0.0	0.0	0.0	0.0894980179514414	0.0917613055978075	0.0	0.0	0.0	0.0	0.0	0.0	0.056874794101345424	0.0	0.0	0.0	0.0	0.05950603490205271	0.10902042645620827	0.0	0.0	0.0	0.0	0.0	0.0	0.0	0.0	0.0	0.0	0.0	0.0	0.0
Syn.Breast-AdenoCA::S.31	0.35498450960492384	0.0546607412346149	0.0	0.0	0.0	0.0	0.0	0.0	0.0	0.1291222053211285	0.0	0.0	0.0	0.11792444310101498	0.0	0.0	0.0	0.0	0.0	0.0	0.0	0.0	0.0	0.0	0.0	0.0	0.0	0.0	0.0	0.20301502349966888	0.0	0.0	0.14029307723864895	0.0	0.0	0.0	0.0	0.0	0.0	0.0	0.0	0.0	0.0	0.0	0.0	0.0	0.0	0.0	0.0	0.0	0.0	0.0	0.0	0.0	0.0	0.0	0.0	0.0	0.0	0.0
Syn.Breast-AdenoCA::S.32	0.06501262754974707	0.053962985946350614	0.0	0.0	0.0	0.0	0.0	0.0	0.0	0.0635059284161272	0.0	0.0	0.0	0.0616384608888786	0.14725031182613976	0.0	0.0	0.0	0.0	0.06735536095987502	0.0	0.0	0.0	0.0	0.0	0.0	0.0601888925831802	0.0	0.0	0.2740028053117526	0.0	0.0	0.151048054120685	0.0	0.0	0.0	0.0	0.0	0.0	0.0	0.0	0.0	0.0	0.0	0.0	0.0	0.056034572397263845	0.0	0.0	0.0	0.0	0.0	0.0	0.0	0.0	0.0	0.0	0.0	0.0	0.0
Syn.Breast-AdenoCA::S.33	0.17307893972881974	0.0	0.13256976775980392	0.0	0.0	0.0	0.0	0.0	0.0	0.0	0.0	0.0	0.0	0.34706036475786783	0.09365160668427816	0.0	0.0	0.0	0.0	0.0	0.0	0.0	0.0	0.0	0.0	0.060118005240917156	0.0	0.0	0.0	0.083214729945832	0.0	0.0	0.0	0.0	0.0	0.0	0.0	0.0	0.0	0.0	0.0	0.0	0.0	0.0	0.0	0.0	0.1103065858824812	0.0	0.0	0.0	0.0	0.0	0.0	0.0	0.0	0.0	0.0	0.0	0.0	0.0
Syn.Breast-AdenoCA::S.34	0.0	0.0	0.0	0.0	0.0	0.0	0.0	0.0	0.0	0.0	0.0	0.0	0.0	0.0	0.05627810477760043	0.0	0.0	0.0	0.0	0.0	0.06643511150143908	0.0	0.0	0.0	0.0	0.0	0.0	0.0	0.0	0.0	0.0	0.0	0.7189625529758243	0.07150191359394939	0.0	0.0	0.0	0.0	0.0	0.0	0.0	0.0	0.0	0.0	0.0	0.0	0.08682231715118657	0.0	0.0	0.0	0.0	0.0	0.0	0.0	0.0	0.0	0.0	0.0	0.0	0.0
Syn.Breast-AdenoCA::S.35	0.0	0.0	0.0	0.0	0.0	0.0	0.0	0.0	0.0	0.0	0.0	0.0	0.0	0.0	0.6533167358215076	0.0	0.0	0.0	0.0	0.0	0.0	0.0	0.0	0.0	0.0	0.0	0.0	0.0	0.0	0.0	0.0	0.0	0.34668326417849227	0.0	0.0	0.0	0.0	0.0	0.0	0.0	0.0	0.0	0.0	0.0	0.0	0.0	0.0	0.0	0.0	0.0	0.0	0.0	0.0	0.0	0.0	0.0	0.0	0.0	0.0	0.0
Syn.Breast-AdenoCA::S.36	0.12985652694686797	0.0	0.0	0.0	0.0	0.0	0.0	0.0	0.0	0.0	0.0	0.0	0.0	0.2824174600141291	0.0	0.0	0.0	0.0	0.0	0.0	0.0	0.0	0.0	0.0	0.0	0.0	0.11874600932955451	0.0	0.0	0.1590108105764527	0.0	0.0	0.20656760139138003	0.0	0.0	0.0	0.0	0.0	0.0	0.0	0.0	0.0	0.0	0.0	0.0	0.10340159174161578	0.0	0.0	0.0	0.0	0.0	0.0	0.0	0.0	0.0	0.0	0.0	0.0	0.0	0.0
Syn.Breast-AdenoCA::S.37	0.06337686750087818	0.0	0.0	0.0	0.0	0.0	0.0	0.0	0.0	0.4038421419026815	0.0	0.0	0.0	0.10011863709786148	0.315008157252885	0.0	0.0	0.0	0.0	0.0	0.0	0.0	0.0	0.0	0.0	0.0	0.0	0.0	0.0	0.0	0.0	0.0	0.0	0.0	0.0	0.0	0.0	0.0	0.0	0.0	0.0	0.0	0.0	0.0	0.0	0.11765419624569394	0.0	0.0	0.0	0.0	0.0	0.0	0.0	0.0	0.0	0.0	0.0	0.0	0.0	0.0
Syn.Breast-AdenoCA::S.38	0.09718746817229942	0.0	0.0	0.0	0.0	0.0	0.0	0.0	0.0	0.0	0.0	0.0	0.0	0.1143132583558829	0.0	0.0	0.0	0.0	0.0	0.0	0.0	0.0	0.0	0.052005368815801464	0.0	0.0	0.06731869027145157	0.0	0.0	0.05918284862716473	0.0	0.0	0.31035592598516987	0.0	0.0	0.0	0.0	0.0	0.0	0.0	0.0572164538554642	0.0	0.0	0.0	0.0	0.09723295595400383	0.14518702996276192	0.0	0.0	0.0	0.0	0.0	0.0	0.0	0.0	0.0	0.0	0.0	0.0	0.0
Syn.Breast-AdenoCA::S.39	0.05969213980189647	0.23244905616181555	0.0	0.0	0.0	0.0	0.0	0.0	0.0	0.0	0.0	0.0	0.0	0.26624430182257447	0.0	0.0	0.0	0.0	0.0	0.0	0.0	0.0	0.0	0.0	0.0	0.06404198836463013	0.06403920488499565	0.0	0.0	0.0	0.0	0.0	0.0	0.0	0.0	0.0	0.0	0.0	0.0	0.0	0.07749170342117209	0.0	0.0	0.0	0.0	0.13532793699179854	0.10071366855111692	0.0	0.0	0.0	0.0	0.0	0.0	0.0	0.0	0.0	0.0	0.0	0.0	0.0
Syn.Breast-AdenoCA::S.40	0.0478574316796678	0.0	0.0	0.0	0.0	0.0	0.0	0.0	0.0	0.0	0.0	0.0	0.0	0.08657015850625221	0.0	0.0	0.0	0.0	0.0	0.0	0.06401284023259601	0.0	0.0	0.10285675079521461	0.0	0.0	0.10106241899616397	0.0	0.0	0.0	0.0	0.0	0.5249300995491063	0.07271030024099907	0.0	0.0	0.0	0.0	0.0	0.0	0.0	0.0	0.0	0.0	0.0	0.0	0.0	0.0	0.0	0.0	0.0	0.0	0.0	0.0	0.0	0.0	0.0	0.0	0.0	0.0
Syn.Breast-AdenoCA::S.41	0.1141791087607588	0.23407750692713394	0.0	0.0	0.0	0.0	0.0	0.0	0.0	0.17806738445703743	0.0	0.0	0.0	0.0	0.11465074386455086	0.0	0.0	0.0	0.0	0.0	0.0	0.0	0.0	0.0	0.0	0.0	0.0	0.0	0.0	0.0	0.0	0.0	0.20755607148390387	0.0	0.0	0.0	0.0	0.0	0.0	0.0	0.0	0.0	0.0	0.0	0.0	0.0	0.15146918450661495	0.0	0.0	0.0	0.0	0.0	0.0	0.0	0.0	0.0	0.0	0.0	0.0	0.0
Syn.Breast-AdenoCA::S.42	0.09220040046965737	0.15536187702852267	0.12406147888333514	0.0	0.0	0.0	0.0	0.0	0.0	0.0	0.0	0.0	0.0	0.0	0.11058993434108981	0.0	0.0	0.0	0.0	0.0	0.0	0.0	0.0	0.15313692013021024	0.0	0.0	0.0	0.0	0.0	0.0	0.0	0.0	0.11369041187754048	0.0	0.0	0.0	0.0	0.0	0.0	0.0	0.0	0.0	0.0	0.0	0.0	0.13396706013639148	0.11699191713325278	0.0	0.0	0.0	0.0	0.0	0.0	0.0	0.0	0.0	0.0	0.0	0.0	0.0
Syn.Breast-AdenoCA::S.43	0.0	0.0	0.0	0.0	0.0	0.0	0.0	0.0	0.0	0.0	0.0	0.0	0.0	0.0	0.25884664828098686	0.0	0.0	0.0	0.0	0.0	0.0	0.0	0.0	0.11550793093544931	0.0	0.0	0.0	0.0	0.0	0.19653924824729135	0.0	0.0	0.4291061725362726	0.0	0.0	0.0	0.0	0.0	0.0	0.0	0.0	0.0	0.0	0.0	0.0	0.0	0.0	0.0	0.0	0.0	0.0	0.0	0.0	0.0	0.0	0.0	0.0	0.0	0.0	0.0
Syn.Breast-AdenoCA::S.44	0.03827488571264302	0.0	0.04475464305596752	0.0	0.0	0.0	0.0	0.0	0.0	0.343325556343373	0.0	0.0	0.0	0.0821766335475467	0.0	0.0	0.0	0.0	0.0	0.0	0.0	0.0	0.0	0.0	0.0	0.0	0.06611317640197975	0.0	0.0	0.1511358971980181	0.0	0.0	0.23108940947906526	0.0	0.0	0.0	0.0	0.0	0.0	0.0	0.0	0.0	0.0	0.0	0.0	0.0	0.043129798261406636	0.0	0.0	0.0	0.0	0.0	0.0	0.0	0.0	0.0	0.0	0.0	0.0	0.0
Syn.Breast-AdenoCA::S.45	0.19106129266880223	0.08280483907676081	0.0	0.0	0.0	0.0	0.0	0.0	0.0	0.05355085939588345	0.0	0.0	0.0	0.10043129806367866	0.0	0.0	0.0	0.0	0.0	0.0	0.09650196189892171	0.0	0.0	0.0	0.0	0.0490638993859736	0.0	0.0	0.0	0.0	0.0	0.0	0.23929739270980643	0.0	0.0	0.0	0.0	0.0	0.0	0.0	0.11817320998951962	0.0	0.0	0.0	0.0	0.0	0.06911524681065362	0.0	0.0	0.0	0.0	0.0	0.0	0.0	0.0	0.0	0.0	0.0	0.0	0.0
Syn.Breast-AdenoCA::S.46	0.0889877405076253	0.0	0.0	0.0	0.0	0.0	0.0	0.0	0.0	0.17050955528299433	0.0	0.0	0.0	0.18460533604910778	0.0	0.0	0.0	0.0	0.0	0.0	0.0	0.0	0.0	0.0	0.0	0.0	0.0	0.0	0.0	0.14346483037466948	0.0	0.0	0.0	0.10824484796896144	0.0	0.0	0.0	0.0	0.0	0.0	0.0	0.0	0.0	0.0	0.0	0.30418768981664174	0.0	0.0	0.0	0.0	0.0	0.0	0.0	0.0	0.0	0.0	0.0	0.0	0.0	0.0
Syn.Breast-AdenoCA::S.47	0.0	0.0	0.11982742013667692	0.0	0.0	0.0	0.0	0.0	0.0	0.0	0.0	0.0	0.0	0.0	0.08773526545132962	0.0	0.0	0.0	0.0	0.0	0.07366519687536502	0.0	0.0	0.0	0.0	0.0	0.0	0.0	0.0	0.0	0.0	0.0	0.1261698287664308	0.0	0.0	0.0	0.0	0.0	0.0	0.0	0.1275170291182688	0.0	0.0	0.0	0.0	0.353398992898345	0.11168626675358398	0.0	0.0	0.0	0.0	0.0	0.0	0.0	0.0	0.0	0.0	0.0	0.0	0.0
Syn.Breast-AdenoCA::S.48	0.08689558100271175	0.06828312774976854	0.144484497297774	0.0	0.0	0.0	0.0	0.0	0.0	0.0	0.0	0.0	0.0	0.19454323208625254	0.07720492454060475	0.0	0.0	0.0	0.0	0.0	0.08882333882456489	0.0	0.0	0.0	0.0	0.0	0.06756886596485052	0.0	0.0	0.0	0.0	0.0	0.272196432533473	0.0	0.0	0.0	0.0	0.0	0.0	0.0	0.0	0.0	0.0	0.0	0.0	0.0	0.0	0.0	0.0	0.0	0.0	0.0	0.0	0.0	0.0	0.0	0.0	0.0	0.0	0.0
Syn.Breast-AdenoCA::S.49	0.07527427329152336	0.13815899681052532	0.0	0.0	0.0	0.0	0.0	0.0	0.0	0.098335223008057	0.0	0.0	0.0	0.14775791961563417	0.4290168041486319	0.0	0.0	0.0	0.0	0.0	0.0	0.0	0.0	0.0	0.0	0.0	0.0	0.0	0.0	0.0	0.0	0.0	0.1114567831256284	0.0	0.0	0.0	0.0	0.0	0.0	0.0	0.0	0.0	0.0	0.0	0.0	0.0	0.0	0.0	0.0	0.0	0.0	0.0	0.0	0.0	0.0	0.0	0.0	0.0	0.0	0.0
Syn.Breast-AdenoCA::S.50	0.0	0.20296150944647426	0.0	0.0	0.0	0.0	0.0	0.0	0.0	0.0	0.0	0.0	0.0	0.0	0.0	0.0	0.0	0.0	0.0	0.0	0.0	0.0	0.0	0.0	0.0	0.0	0.0	0.0	0.0	0.5964816919051491	0.0	0.0	0.0	0.0	0.0	0.0	0.0	0.0	0.0	0.0	0.0	0.0	0.0	0.0	0.0	0.0	0.2005567986483766	0.0	0.0	0.0	0.0	0.0	0.0	0.0	0.0	0.0	0.0	0.0	0.0	0.0
Syn.Breast-AdenoCA::S.51	0.08264835176666538	0.11051274150479412	0.0	0.0	0.0	0.0	0.0	0.0	0.0	0.13690037485465278	0.0	0.0	0.0	0.0	0.0	0.0	0.0	0.05169577122352569	0.0	0.0	0.0	0.0	0.0	0.0	0.0	0.05566992361113335	0.08461834877522158	0.0	0.0	0.15278503408406155	0.0	0.0	0.2616219707940034	0.0	0.0	0.0	0.0	0.0	0.0	0.0	0.0	0.0	0.0	0.0	0.0	0.0	0.06354748338594221	0.0	0.0	0.0	0.0	0.0	0.0	0.0	0.0	0.0	0.0	0.0	0.0	0.0
Syn.Breast-AdenoCA::S.52	0.30958985851533266	0.0	0.12406401764953133	0.0	0.0	0.0	0.0	0.0	0.0	0.0	0.0	0.0	0.0	0.10364694882279064	0.0	0.0	0.0	0.0	0.0	0.0	0.0	0.0	0.0	0.0	0.0	0.0	0.0	0.0	0.0	0.0	0.0	0.0	0.0	0.14599017340655943	0.0	0.0	0.0	0.0	0.0	0.0	0.0	0.0	0.0	0.0	0.0	0.316709001605786	0.0	0.0	0.0	0.0	0.0	0.0	0.0	0.0	0.0	0.0	0.0	0.0	0.0	0.0
Syn.Breast-AdenoCA::S.53	0.0	0.0	0.0	0.0	0.0	0.0	0.0	0.0	0.0	0.0	0.0	0.0	0.0	0.0	1.0	0.0	0.0	0.0	0.0	0.0	0.0	0.0	0.0	0.0	0.0	0.0	0.0	0.0	0.0	0.0	0.0	0.0	0.0	0.0	0.0	0.0	0.0	0.0	0.0	0.0	0.0	0.0	0.0	0.0	0.0	0.0	0.0	0.0	0.0	0.0	0.0	0.0	0.0	0.0	0.0	0.0	0.0	0.0	0.0	0.0
Syn.Breast-AdenoCA::S.54	0.09246381739476038	0.04396584209517733	0.0	0.0	0.0	0.0	0.0	0.0	0.0	0.06516609244964723	0.0	0.0	0.0	0.1386344018024852	0.0	0.0	0.0	0.0	0.0	0.04653311502151718	0.06084278665508597	0.0	0.0	0.0	0.0	0.0	0.056987819814380836	0.0	0.0	0.15217191670063987	0.0	0.0	0.13392018976985334	0.0	0.0	0.0	0.0	0.0	0.0	0.0	0.0	0.0	0.0	0.0	0.0	0.155452181211098	0.05386183708535475	0.0	0.0	0.0	0.0	0.0	0.0	0.0	0.0	0.0	0.0	0.0	0.0	0.0
Syn.Breast-AdenoCA::S.55	0.09358883270394287	0.1206305197091679	0.0	0.0	0.0	0.0	0.0	0.0	0.0	0.16653862731963873	0.0	0.0	0.0	0.10338574706556311	0.0	0.0	0.0	0.0	0.0	0.0	0.0	0.0	0.0	0.055445318874420245	0.0	0.0	0.0	0.0	0.0	0.0	0.0	0.0	0.3204896984606481	0.06885840153063848	0.0	0.0	0.0	0.0	0.0	0.0	0.07106285433598054	0.0	0.0	0.0	0.0	0.0	0.0	0.0	0.0	0.0	0.0	0.0	0.0	0.0	0.0	0.0	0.0	0.0	0.0	0.0
Syn.Breast-AdenoCA::S.56	0.12498210571446915	0.0	0.0	0.0	0.0	0.0	0.0	0.0	0.0	0.0	0.0	0.0	0.0	0.27167299503298536	0.0	0.0	0.0	0.0	0.0	0.0	0.0	0.0	0.0	0.0	0.0	0.0	0.0	0.0	0.0	0.05849630903373534	0.0	0.0	0.0	0.0	0.0	0.0	0.0	0.0	0.0	0.0	0.0	0.0	0.0	0.0	0.0	0.17148347966865804	0.10998095778133384	0.2633841527688183	0.0	0.0	0.0	0.0	0.0	0.0	0.0	0.0	0.0	0.0	0.0	0.0
Syn.Breast-AdenoCA::S.57	0.03567838933708446	0.0	0.18858915103862953	0.0	0.0	0.0	0.0	0.0	0.0	0.07698760514066809	0.0	0.0	0.0	0.0	0.1627804914979049	0.0	0.0	0.0	0.0	0.0	0.0	0.0	0.0	0.0	0.0	0.0	0.0	0.0	0.0	0.044733231858305945	0.0	0.0	0.4912311311274071	0.0	0.0	0.0	0.0	0.0	0.0	0.0	0.0	0.0	0.0	0.0	0.0	0.0	0.0	0.0	0.0	0.0	0.0	0.0	0.0	0.0	0.0	0.0	0.0	0.0	0.0	0.0
Syn.Breast-AdenoCA::S.58	0.10966182538103006	0.0803587530408881	0.0	0.0	0.0	0.0	0.0	0.0	0.0	0.07122160358716133	0.0	0.0	0.0	0.1547769514818097	0.0	0.0	0.0	0.0	0.0	0.05661498450087761	0.23137174283174536	0.0	0.0	0.0	0.0	0.0	0.0	0.0	0.0	0.0	0.0	0.0	0.0	0.0	0.0	0.0	0.0	0.0	0.0	0.0	0.07376652474756829	0.0	0.0	0.0	0.0	0.11886405868404554	0.10336355574487406	0.0	0.0	0.0	0.0	0.0	0.0	0.0	0.0	0.0	0.0	0.0	0.0	0.0
Syn.Breast-AdenoCA::S.59	0.1880730272339848	0.0	0.0	0.0	0.0	0.0	0.0	0.0	0.0	0.058636949246452734	0.0	0.0	0.0	0.0833520864723185	0.06957174270400848	0.0	0.0	0.0	0.0	0.0	0.07798531004240104	0.0	0.0	0.07260462669490361	0.0	0.0	0.0	0.0	0.0	0.05527914147056099	0.0	0.0	0.14622914459716688	0.0	0.0	0.0	0.0	0.0	0.0	0.0	0.0	0.0	0.0	0.0	0.0	0.16107333672276272	0.08719463481544032	0.0	0.0	0.0	0.0	0.0	0.0	0.0	0.0	0.0	0.0	0.0	0.0	0.0
Syn.Breast-AdenoCA::S.60	0.10559080012145104	0.0	0.0	0.0	0.0	0.0	0.0	0.0	0.0	0.16119291965559093	0.0	0.0	0.0	0.19819409512081868	0.06500054640537109	0.0	0.0	0.0	0.0	0.0	0.06763865494306752	0.0	0.0	0.0	0.0	0.0	0.0	0.0	0.0	0.21137954891266744	0.0	0.0	0.0	0.0	0.0	0.0	0.0	0.0	0.0	0.0	0.09071722884037747	0.0	0.0	0.0	0.0	0.0	0.10028620600065602	0.0	0.0	0.0	0.0	0.0	0.0	0.0	0.0	0.0	0.0	0.0	0.0	0.0
Syn.Breast-AdenoCA::S.61	0.044032396256851965	0.058105099022044145	0.0	0.0	0.0	0.0	0.0	0.0	0.0	0.36536172035635184	0.0	0.0	0.0	0.06423401510774202	0.0	0.0	0.0	0.0	0.0	0.0	0.08652698943652602	0.0	0.0	0.0	0.0	0.0	0.0	0.0	0.0	0.0	0.0	0.0	0.21269060124166506	0.0	0.0	0.0	0.0	0.0	0.0	0.0	0.0	0.0	0.0	0.0	0.0	0.16904917857881893	0.0	0.0	0.0	0.0	0.0	0.0	0.0	0.0	0.0	0.0	0.0	0.0	0.0	0.0
Syn.Breast-AdenoCA::S.62	0.06003183493617122	0.0	0.0	0.0	0.0	0.0	0.0	0.0	0.0	0.439750848941386	0.0	0.0	0.0	0.0	0.06233796475475956	0.0	0.0	0.0	0.0	0.035199907988252725	0.05881044418099999	0.0	0.0	0.0	0.0	0.10991699652357305	0.08799713218077108	0.0	0.0	0.04990308016336542	0.0	0.0	0.0	0.0	0.0	0.0	0.0	0.0	0.0	0.0	0.0	0.0	0.0	0.0	0.0	0.0	0.0960517903307209	0.0	0.0	0.0	0.0	0.0	0.0	0.0	0.0	0.0	0.0	0.0	0.0	0.0
Syn.Breast-AdenoCA::S.63	0.09526936496440411	0.0	0.0	0.0	0.0	0.0	0.0	0.0	0.0	0.0582221732050311	0.0	0.0	0.0	0.09913561906250758	0.0	0.0	0.0	0.0	0.0	0.0	0.06488613244644516	0.0	0.0	0.0	0.0	0.0	0.0	0.0	0.0	0.05329685081709615	0.0	0.0	0.1841949303516014	0.0	0.0	0.0	0.0	0.0	0.0	0.0	0.10006221573417512	0.0	0.0	0.0	0.0	0.21615762549677997	0.1287750879219594	0.0	0.0	0.0	0.0	0.0	0.0	0.0	0.0	0.0	0.0	0.0	0.0	0.0
Syn.Breast-AdenoCA::S.64	0.09390239716205824	0.054373344556872726	0.0	0.0	0.0	0.0	0.0	0.0	0.0	0.05857104026500722	0.0	0.0	0.0	0.09914161770449496	0.0893662830917259	0.0	0.0	0.0	0.0	0.0	0.07480397205296344	0.0	0.0	0.0	0.0	0.0	0.06609556292028758	0.0	0.0	0.30835167061396995	0.0	0.0	0.08507609971156216	0.0	0.0	0.0	0.0	0.0	0.0	0.0	0.07031801192105791	0.0	0.0	0.0	0.0	0.0	0.0	0.0	0.0	0.0	0.0	0.0	0.0	0.0	0.0	0.0	0.0	0.0	0.0	0.0
Syn.Breast-AdenoCA::S.65	0.0	0.3967637645040802	0.0	0.0	0.0	0.0	0.0	0.0	0.0	0.0	0.0	0.0	0.0	0.0	0.0	0.0	0.0	0.0	0.0	0.0	0.0	0.0	0.0	0.0	0.0	0.0	0.0	0.0	0.0	0.0	0.0	0.0	0.6032362354959199	0.0	0.0	0.0	0.0	0.0	0.0	0.0	0.0	0.0	0.0	0.0	0.0	0.0	0.0	0.0	0.0	0.0	0.0	0.0	0.0	0.0	0.0	0.0	0.0	0.0	0.0	0.0
Syn.Breast-AdenoCA::S.66	0.059330567293019595	0.0	0.0	0.0	0.0	0.0	0.0	0.0	0.0	0.1620345096129897	0.0	0.0	0.0	0.21418240670260522	0.0	0.0	0.0	0.0	0.0	0.0	0.0	0.0	0.0	0.06285644469463492	0.0	0.0	0.0	0.0	0.0	0.06436132194174847	0.0	0.0	0.22593815516480945	0.0	0.0	0.0	0.0	0.0	0.0	0.0	0.0	0.0	0.0	0.0	0.0	0.14094395150614764	0.07035264308404507	0.0	0.0	0.0	0.0	0.0	0.0	0.0	0.0	0.0	0.0	0.0	0.0	0.0
Syn.Breast-AdenoCA::S.67	0.05050474137509282	0.06606609362940798	0.0	0.0	0.0	0.0	0.0	0.0	0.0	0.1219857512999478	0.0	0.0	0.0	0.09742093051669244	0.0	0.0	0.0	0.0	0.0	0.0	0.0	0.0	0.0	0.0	0.0	0.0	0.0	0.0	0.0	0.0	0.0	0.0	0.5964229454346152	0.0	0.0	0.0	0.0	0.0	0.0	0.0	0.0	0.0	0.0	0.0	0.0	0.06759953774424378	0.0	0.0	0.0	0.0	0.0	0.0	0.0	0.0	0.0	0.0	0.0	0.0	0.0	0.0
Syn.Breast-AdenoCA::S.68	0.0	0.0	0.19914348759006034	0.0	0.0	0.0	0.0	0.0	0.0	0.0	0.0	0.0	0.0	0.0	0.24856056991330283	0.0	0.0	0.0	0.0	0.0	0.0	0.0	0.0	0.0	0.0	0.0	0.0	0.0	0.0	0.0	0.0	0.0	0.0	0.0	0.0	0.0	0.0	0.0	0.0	0.0	0.0	0.0	0.0	0.0	0.0	0.1787641992414473	0.17526703026848192	0.19826471298670753	0.0	0.0	0.0	0.0	0.0	0.0	0.0	0.0	0.0	0.0	0.0	0.0
Syn.Breast-AdenoCA::S.69	0.05873263911623	0.0	0.2797899909204229	0.0	0.0	0.0	0.0	0.0	0.0	0.3325974734613214	0.0	0.0	0.0	0.05558543211944364	0.12587386359066843	0.0	0.0	0.0	0.0	0.0	0.056122398722409636	0.0	0.0	0.0	0.0	0.0	0.0	0.0	0.0	0.038404428627691195	0.0	0.0	0.05289377344181269	0.0	0.0	0.0	0.0	0.0	0.0	0.0	0.0	0.0	0.0	0.0	0.0	0.0	0.0	0.0	0.0	0.0	0.0	0.0	0.0	0.0	0.0	0.0	0.0	0.0	0.0	0.0
Syn.Breast-AdenoCA::S.70	0.17304578485075772	0.0	0.06758151080643303	0.0	0.0	0.0	0.0	0.0	0.0	0.10580378508575203	0.0	0.0	0.0	0.13494811206612	0.0	0.0	0.0	0.0	0.0	0.04444379561664038	0.08262166584772367	0.0	0.0	0.0	0.0	0.0	0.0	0.0	0.0	0.0797278838844434	0.0	0.0	0.08548284634916987	0.05976710195722761	0.0	0.0	0.0	0.0	0.0	0.0	0.08153635668681566	0.0	0.0	0.0	0.0	0.08504115684891651	0.0	0.0	0.0	0.0	0.0	0.0	0.0	0.0	0.0	0.0	0.0	0.0	0.0	0.0
Syn.Breast-AdenoCA::S.71	0.07804242919960341	0.05702157232365523	0.0	0.0	0.0	0.0	0.0	0.0	0.0	0.0	0.0	0.0	0.0	0.08630914035028944	0.0	0.0	0.0	0.0	0.0	0.0	0.0	0.0	0.0	0.0	0.0	0.0	0.0	0.0	0.0	0.11708531541554089	0.0	0.0	0.4668748759239816	0.06092616257177795	0.0	0.0	0.0	0.0	0.0	0.0	0.0	0.0	0.0	0.0	0.0	0.13374050421515152	0.0	0.0	0.0	0.0	0.0	0.0	0.0	0.0	0.0	0.0	0.0	0.0	0.0	0.0
Syn.Breast-AdenoCA::S.72	0.07617055170257489	0.10053720181584351	0.0	0.0	0.0	0.0	0.0	0.0	0.0	0.0	0.0	0.0	0.0	0.2616399703145749	0.0	0.0	0.0	0.0	0.0	0.0	0.0	0.0	0.0	0.0	0.0	0.0	0.0	0.0	0.0	0.09331426929103188	0.0	0.0	0.2950209835901191	0.0	0.0	0.0	0.0	0.0	0.0	0.0	0.0	0.0	0.0	0.0	0.0	0.17331702328585566	0.0	0.0	0.0	0.0	0.0	0.0	0.0	0.0	0.0	0.0	0.0	0.0	0.0	0.0
Syn.Breast-AdenoCA::S.73	0.08153177105096655	0.0	0.10956710677276278	0.0	0.0	0.0	0.0	0.0	0.0	0.2052354337510666	0.0	0.0	0.0	0.2268670268164151	0.0	0.0	0.0	0.0	0.0	0.0	0.0	0.0	0.0	0.0	0.0	0.0	0.05905083437955813	0.0	0.0	0.13551792226736595	0.0	0.0	0.10645989810043398	0.0	0.0	0.0	0.0	0.0	0.0	0.0	0.0	0.0	0.0	0.0	0.0	0.07577000686143096	0.0	0.0	0.0	0.0	0.0	0.0	0.0	0.0	0.0	0.0	0.0	0.0	0.0	0.0
Syn.Breast-AdenoCA::S.74	0.06200360828157116	0.08129002331371235	0.0	0.0	0.0	0.0	0.0	0.0	0.0	0.11815408900686736	0.0	0.0	0.0	0.09865764803058266	0.0	0.0	0.0	0.0	0.0	0.0	0.0	0.0	0.0	0.0	0.0	0.0	0.0	0.0	0.0	0.11025023310375567	0.0	0.0	0.5296443982635107	0.0	0.0	0.0	0.0	0.0	0.0	0.0	0.0	0.0	0.0	0.0	0.0	0.0	0.0	0.0	0.0	0.0	0.0	0.0	0.0	0.0	0.0	0.0	0.0	0.0	0.0	0.0
Syn.Breast-AdenoCA::S.75	0.12418188715812803	0.04392849943439256	0.04459112463043303	0.0	0.0	0.0	0.0	0.0	0.0	0.0	0.0	0.0	0.0	0.08541141938562695	0.2041342534992786	0.0	0.0	0.0	0.0	0.0	0.0	0.0	0.0	0.0	0.0	0.0	0.10258434485113765	0.0	0.0	0.0	0.0	0.0	0.0	0.0	0.0	0.0	0.0	0.0	0.0	0.0	0.13238739540817107	0.0	0.0	0.0	0.0	0.08530066855525753	0.17748040707757462	0.0	0.0	0.0	0.0	0.0	0.0	0.0	0.0	0.0	0.0	0.0	0.0	0.0
Syn.Breast-AdenoCA::S.76	0.0	0.11233096703646717	0.0	0.0	0.0	0.0	0.0	0.0	0.0	0.0	0.0	0.0	0.0	0.0	0.0	0.0	0.0	0.0	0.0	0.1020175960480666	0.08358151035088679	0.0	0.0	0.0	0.0	0.0	0.0	0.0	0.0	0.0	0.0	0.0	0.14143959414041582	0.08482504651070184	0.0	0.0	0.0	0.0	0.0	0.0	0.0	0.0	0.0	0.0	0.0	0.1804159955892716	0.1475351253297915	0.14785416499439868	0.0	0.0	0.0	0.0	0.0	0.0	0.0	0.0	0.0	0.0	0.0	0.0
Syn.Breast-AdenoCA::S.77	0.2183248538189727	0.0962344076542479	0.0	0.0	0.0	0.0	0.0	0.0	0.0	0.0	0.0	0.0	0.0	0.0	0.22855395675973128	0.0	0.0	0.0	0.0	0.0	0.0	0.0	0.0	0.0	0.0	0.0	0.0	0.0	0.0	0.0	0.0	0.0	0.3097899880628816	0.0	0.0	0.0	0.0	0.0	0.0	0.0	0.0	0.0	0.0	0.0	0.0	0.0	0.14709679370416665	0.0	0.0	0.0	0.0	0.0	0.0	0.0	0.0	0.0	0.0	0.0	0.0	0.0
Syn.Breast-AdenoCA::S.78	0.04243861335128324	0.18506404564270404	0.0	0.0	0.0	0.0	0.0	0.0	0.0	0.0	0.0	0.0	0.0	0.07380064531155733	0.07269726774184547	0.0	0.0	0.08125782612739943	0.0	0.0	0.0	0.0	0.0	0.0	0.0	0.0	0.06870171399487468	0.0	0.0	0.05463482474525873	0.0	0.0	0.34505538746416087	0.0	0.0	0.0	0.0	0.0	0.0	0.0	0.0	0.0	0.0	0.0	0.0	0.0	0.0763496756209163	0.0	0.0	0.0	0.0	0.0	0.0	0.0	0.0	0.0	0.0	0.0	0.0	0.0
Syn.Breast-AdenoCA::S.79	0.05868810023479006	0.1500352561084407	0.0	0.0	0.0	0.0	0.0	0.0	0.0	0.0	0.0	0.0	0.0	0.08844416111578918	0.0	0.0	0.0	0.0	0.0	0.0	0.08864317358440812	0.0	0.0	0.0	0.0	0.0	0.14343193667407667	0.0	0.0	0.0	0.0	0.0	0.18648393028283564	0.06549022451085197	0.0	0.0	0.0	0.0	0.0	0.0	0.06885529750008389	0.0	0.0	0.0	0.0	0.061308302959720506	0.08861961702900335	0.0	0.0	0.0	0.0	0.0	0.0	0.0	0.0	0.0	0.0	0.0	0.0	0.0
Syn.Breast-AdenoCA::S.80	0.08906428526550139	0.0	0.14153345153173258	0.0	0.0	0.0	0.0	0.0	0.0	0.055541971454246254	0.0	0.0	0.0	0.19563945112225015	0.0	0.0	0.0	0.0	0.0	0.0	0.0	0.0	0.0	0.0	0.0	0.0	0.0	0.0	0.0	0.03806596148705905	0.0	0.0	0.3747798472094161	0.0	0.0	0.0	0.0	0.0	0.0	0.0	0.05549175290208156	0.0	0.0	0.0	0.0	0.049883279027712925	0.0	0.0	0.0	0.0	0.0	0.0	0.0	0.0	0.0	0.0	0.0	0.0	0.0	0.0
Syn.Breast-AdenoCA::S.81	0.11576025894463757	0.0	0.2218211735897259	0.0	0.0	0.0	0.0	0.0	0.0	0.0	0.0	0.0	0.0	0.12634466428063315	0.0	0.0	0.0	0.0	0.0	0.0	0.0	0.0	0.0	0.0	0.0	0.0	0.1696169455968107	0.0	0.0	0.3664569575881926	0.0	0.0	0.0	0.0	0.0	0.0	0.0	0.0	0.0	0.0	0.0	0.0	0.0	0.0	0.0	0.0	0.0	0.0	0.0	0.0	0.0	0.0	0.0	0.0	0.0	0.0	0.0	0.0	0.0	0.0
Syn.Breast-AdenoCA::S.82	0.04690461571809501	0.0	0.0	0.0	0.0	0.0	0.0	0.0	0.0	0.17240043485268575	0.0	0.0	0.0	0.16985083030753756	0.2172115378425788	0.0	0.0	0.0	0.0	0.0	0.0	0.0	0.0	0.0	0.0	0.0	0.04993638228265726	0.0	0.0	0.042584824083759014	0.0	0.0	0.2054249540473202	0.0	0.0	0.0	0.0	0.0	0.0	0.0	0.045547334696337746	0.0	0.0	0.0	0.0	0.0	0.05013908616902852	0.0	0.0	0.0	0.0	0.0	0.0	0.0	0.0	0.0	0.0	0.0	0.0	0.0
Syn.Breast-AdenoCA::S.83	0.13702556960200749	0.09281670987814467	0.0	0.0	0.0	0.0	0.0	0.0	0.0	0.12584791180917027	0.0	0.0	0.0	0.0	0.13750416196915924	0.0	0.0	0.0	0.0	0.0	0.07553280375033643	0.0	0.0	0.0	0.0	0.05796434724464233	0.0	0.0	0.0	0.0	0.0	0.0	0.26576791307443054	0.0	0.0	0.0	0.0	0.0	0.0	0.0	0.0	0.0	0.0	0.0	0.0	0.0	0.10754058267210907	0.0	0.0	0.0	0.0	0.0	0.0	0.0	0.0	0.0	0.0	0.0	0.0	0.0
Syn.Breast-AdenoCA::S.84	0.10243513685532138	0.0	0.0	0.0	0.0	0.0	0.0	0.0	0.0	0.18659428413193319	0.0	0.0	0.0	0.18936798267682556	0.082141115313541	0.0	0.0	0.0	0.0	0.0	0.0	0.0	0.0	0.0	0.0	0.0	0.05267387650215245	0.0	0.0	0.036692748857257707	0.0	0.0	0.210356299882676	0.0	0.0	0.0	0.0	0.0	0.0	0.0	0.0	0.0	0.0	0.0	0.0	0.05320510717893313	0.046837242545749606	0.03969620605560987	0.0	0.0	0.0	0.0	0.0	0.0	0.0	0.0	0.0	0.0	0.0	0.0
Syn.Breast-AdenoCA::S.85	0.06595421717190468	0.09878248181147067	0.0	0.0	0.0	0.0	0.0	0.0	0.0	0.07865185833561324	0.0	0.0	0.0	0.18250087732070858	0.0	0.0	0.0	0.0	0.0	0.0	0.0	0.0	0.0	0.0	0.0	0.0	0.0	0.0	0.0	0.0	0.0	0.0	0.1059151320064153	0.07519387081606027	0.0	0.0	0.0	0.0	0.0	0.0	0.18996636937273603	0.0	0.0	0.0	0.0	0.09476589564245702	0.1082692975226343	0.0	0.0	0.0	0.0	0.0	0.0	0.0	0.0	0.0	0.0	0.0	0.0	0.0
Syn.Breast-AdenoCA::S.86	0.0	0.0	0.0	0.0	0.0	0.0	0.0	0.0	0.0	0.0777422943135625	0.0	0.0	0.0	0.09411859166704561	0.0	0.0	0.0	0.0	0.0	0.0	0.0	0.0	0.0	0.0	0.0	0.057048595932542905	0.0	0.0	0.0	0.05087524984626512	0.0	0.0	0.5058165994986352	0.0	0.0	0.0	0.0	0.0	0.0	0.0	0.0	0.0	0.0	0.0	0.0	0.1587630890028176	0.05563557973913103	0.0	0.0	0.0	0.0	0.0	0.0	0.0	0.0	0.0	0.0	0.0	0.0	0.0
Syn.Breast-AdenoCA::S.87	0.13466136700221765	0.0764413158912927	0.0	0.0	0.0	0.0	0.0	0.0	0.0	0.0	0.0	0.0	0.0	0.16265286107255666	0.0	0.0	0.0	0.0	0.0	0.0	0.0842790732928627	0.0	0.0	0.0	0.0	0.0	0.09090345461826865	0.0	0.0	0.17771971819777002	0.0	0.0	0.2733422099250315	0.0	0.0	0.0	0.0	0.0	0.0	0.0	0.0	0.0	0.0	0.0	0.0	0.0	0.0	0.0	0.0	0.0	0.0	0.0	0.0	0.0	0.0	0.0	0.0	0.0	0.0	0.0
Syn.Breast-AdenoCA::S.88	0.09989974341924004	0.0	0.0	0.0	0.0	0.0	0.0	0.0	0.0	0.0	0.0	0.0	0.0	0.12679466639681225	0.0	0.0	0.0	0.0	0.0	0.0	0.10181808096910254	0.0	0.0	0.05585338717633871	0.0	0.0	0.058466964842082504	0.0	0.0	0.0	0.0	0.0	0.2394368430111819	0.0	0.0	0.0	0.0	0.0	0.0	0.0	0.06304683127502415	0.0	0.0	0.0	0.0	0.09730358341192952	0.1573798994982882	0.0	0.0	0.0	0.0	0.0	0.0	0.0	0.0	0.0	0.0	0.0	0.0	0.0
Syn.Breast-AdenoCA::S.89	0.06670340391620003	0.0	0.1297028651359894	0.0	0.0	0.0	0.0	0.0	0.0	0.23492644618579966	0.0	0.0	0.0	0.14494876762809966	0.0	0.0	0.0	0.0	0.0	0.0	0.0	0.0	0.0	0.058815341638892675	0.0	0.057910543178416506	0.0	0.0	0.0	0.08102598530778281	0.0	0.0	0.0	0.0	0.0	0.0	0.0	0.0	0.0	0.0	0.0	0.0	0.0	0.0	0.0	0.22596664700881922	0.0	0.0	0.0	0.0	0.0	0.0	0.0	0.0	0.0	0.0	0.0	0.0	0.0	0.0
Syn.Breast-AdenoCA::S.90	0.0	0.0	0.0	0.0	0.0	0.0	0.0	0.0	0.0	0.0	0.0	0.0	0.0	0.0	0.6965957914858332	0.0	0.0	0.0	0.0	0.0	0.0	0.0	0.0	0.0	0.0	0.0	0.0	0.0	0.0	0.0	0.0	0.0	0.0	0.0	0.0	0.0	0.0	0.0	0.0	0.0	0.0	0.0	0.0	0.0	0.0	0.0	0.30340420851416683	0.0	0.0	0.0	0.0	0.0	0.0	0.0	0.0	0.0	0.0	0.0	0.0	0.0
Syn.Breast-AdenoCA::S.91	0.09301966516361951	0.10735184177385565	0.0	0.0	0.0	0.0	0.0	0.0	0.0	0.0	0.0	0.0	0.0	0.1569797044113953	0.13348739049641759	0.0	0.0	0.0	0.0	0.0	0.08093365362136934	0.0	0.0	0.0	0.0	0.0	0.08057875653769132	0.0	0.0	0.0	0.0	0.0	0.1875644111353662	0.16008457686028515	0.0	0.0	0.0	0.0	0.0	0.0	0.0	0.0	0.0	0.0	0.0	0.0	0.0	0.0	0.0	0.0	0.0	0.0	0.0	0.0	0.0	0.0	0.0	0.0	0.0	0.0
Syn.Breast-AdenoCA::S.92	0.11213598925565613	0.08205616154334495	0.08805064659825401	0.0	0.0	0.0	0.0	0.0	0.0	0.0	0.0	0.0	0.0	0.1944691245213912	0.07161608339042895	0.0	0.0	0.0	0.0	0.0	0.0	0.0	0.0	0.0	0.0	0.0	0.0	0.0	0.0	0.13404057755636795	0.0	0.0	0.21979504883322745	0.0	0.0	0.0	0.0	0.0	0.0	0.0	0.0	0.0	0.0	0.0	0.0	0.09783636830132937	0.0	0.0	0.0	0.0	0.0	0.0	0.0	0.0	0.0	0.0	0.0	0.0	0.0	0.0
Syn.Breast-AdenoCA::S.93	0.05993220893043936	0.1196062402040954	0.0	0.0	0.0	0.0	0.0	0.0	0.0	0.22832889429399839	0.0	0.0	0.0	0.18639900163258663	0.0	0.0	0.0	0.0	0.0	0.0	0.0	0.0	0.0	0.0	0.0	0.0	0.0	0.0	0.0	0.0	0.0	0.0	0.19298025488699147	0.11436698002481534	0.0	0.0	0.0	0.0	0.0	0.0	0.09838642002707335	0.0	0.0	0.0	0.0	0.0	0.0	0.0	0.0	0.0	0.0	0.0	0.0	0.0	0.0	0.0	0.0	0.0	0.0	0.0
Syn.Breast-AdenoCA::S.94	0.07528052642054965	0.05270343200553339	0.0	0.0	0.0	0.0	0.0	0.0	0.0	0.0	0.0	0.0	0.0	0.0	0.15146026420092515	0.0	0.0	0.08864586943154257	0.0	0.0	0.0	0.0	0.0	0.0	0.0	0.05558922612867499	0.14994369621283826	0.0	0.0	0.06935417080819697	0.0	0.0	0.0	0.0	0.0	0.0	0.0	0.0	0.0	0.0	0.0	0.0	0.0	0.0	0.0	0.181098593897276	0.09429954514096484	0.08162467575349827	0.0	0.0	0.0	0.0	0.0	0.0	0.0	0.0	0.0	0.0	0.0	0.0
Syn.Breast-AdenoCA::S.95	0.06138965181352335	0.09229950179305228	0.0	0.0	0.0	0.0	0.0	0.0	0.0	0.4504093956450121	0.0	0.0	0.0	0.09588308244648593	0.0	0.0	0.0	0.0	0.0	0.0	0.0	0.0	0.0	0.0	0.0	0.0	0.0	0.0	0.0	0.0	0.0	0.0	0.0	0.10096163969608052	0.0	0.0	0.0	0.0	0.0	0.0	0.11759333171325363	0.0	0.0	0.0	0.0	0.0	0.0814633968925922	0.0	0.0	0.0	0.0	0.0	0.0	0.0	0.0	0.0	0.0	0.0	0.0	0.0
Syn.Breast-AdenoCA::S.96	0.058788815326099	0.0958606674865446	0.0	0.0	0.0	0.0	0.0	0.0	0.0	0.15326077383444128	0.0	0.0	0.0	0.1519250607912728	0.0	0.0	0.0	0.0	0.0	0.0	0.053415711002717275	0.0	0.0	0.07434385997919472	0.0	0.0	0.0	0.0	0.0	0.044297290000803416	0.0	0.0	0.08027787066745116	0.13236013976337158	0.0	0.0	0.0	0.0	0.0	0.0	0.07413560287466102	0.0	0.0	0.0	0.0	0.08133420827344322	0.0	0.0	0.0	0.0	0.0	0.0	0.0	0.0	0.0	0.0	0.0	0.0	0.0	0.0
Syn.Breast-AdenoCA::S.97	0.3224427990894182	0.050065974822806544	0.0	0.0	0.0	0.0	0.0	0.0	0.0	0.08432806050540692	0.0	0.0	0.0	0.0	0.0	0.0	0.0	0.0	0.0	0.0	0.0	0.0	0.0	0.0	0.0	0.096290731161348	0.0	0.0	0.0	0.048477723796187026	0.0	0.0	0.2343376158217444	0.0	0.0	0.0	0.0	0.0	0.0	0.0	0.0	0.0	0.0	0.0	0.0	0.0	0.16405709480308886	0.0	0.0	0.0	0.0	0.0	0.0	0.0	0.0	0.0	0.0	0.0	0.0	0.0
Syn.Breast-AdenoCA::S.98	0.1043123866136516	0.0	0.0	0.0	0.0	0.0	0.0	0.0	0.0	0.22884872315802157	0.0	0.0	0.0	0.0	0.0	0.0	0.0	0.0	0.0	0.0	0.0	0.0	0.0	0.0	0.0	0.0	0.0	0.0	0.0	0.0847710673997361	0.0	0.0	0.2924134243230306	0.0	0.0	0.0	0.0	0.0	0.0	0.0	0.10040575999377385	0.0	0.0	0.0	0.0	0.18924863851178644	0.0	0.0	0.0	0.0	0.0	0.0	0.0	0.0	0.0	0.0	0.0	0.0	0.0	0.0
Syn.Breast-AdenoCA::S.99	0.07915219056044777	0.0	0.16960826104327048	0.0	0.0	0.0	0.0	0.0	0.0	0.06789780093313819	0.0	0.0	0.0	0.19627281435562932	0.0	0.0	0.0	0.0	0.0	0.0	0.06786109437037846	0.0	0.0	0.0	0.0	0.04013038123823161	0.056702418741547043	0.0	0.0	0.05435734687718756	0.0	0.0	0.26801769188016955	0.0	0.0	0.0	0.0	0.0	0.0	0.0	0.0	0.0	0.0	0.0	0.0	0.0	0.0	0.0	0.0	0.0	0.0	0.0	0.0	0.0	0.0	0.0	0.0	0.0	0.0	0.0
Syn.Breast-AdenoCA::S.100	0.07470432115998624	0.10904677121341373	0.0	0.0	0.0	0.0	0.0	0.0	0.0	0.3518632863920658	0.0	0.0	0.0	0.08086113839622115	0.0	0.0	0.0	0.0	0.0	0.0	0.0	0.0	0.0	0.0	0.0	0.05780689085642377	0.14803439830817955	0.0	0.0	0.041956807211798314	0.0	0.0	0.0	0.0	0.0	0.0	0.0	0.0	0.0	0.0	0.0	0.0	0.0	0.0	0.0	0.05631419596528293	0.07941219049662843	0.0	0.0	0.0	0.0	0.0	0.0	0.0	0.0	0.0	0.0	0.0	0.0	0.0
Syn.Breast-AdenoCA::S.101	0.09113897843947132	0.0	0.0	0.0	0.0	0.0	0.0	0.0	0.0	0.13128144726542157	0.0	0.0	0.0	0.1010029044257345	0.28193084022562803	0.0	0.0	0.0	0.0	0.0	0.0	0.0	0.0	0.0	0.0	0.0	0.0	0.0	0.0	0.0	0.0	0.0	0.27345395706828834	0.0	0.0	0.0	0.0	0.0	0.0	0.0	0.0	0.0	0.0	0.0	0.0	0.0	0.12119187257545619	0.0	0.0	0.0	0.0	0.0	0.0	0.0	0.0	0.0	0.0	0.0	0.0	0.0
Syn.Breast-AdenoCA::S.102	0.05880895416872547	0.15365581922480454	0.0	0.0	0.0	0.0	0.0	0.0	0.0	0.18563187058849967	0.0	0.0	0.0	0.17594727894011203	0.09738560635713545	0.0	0.0	0.0	0.0	0.0	0.0	0.0	0.0	0.0	0.0	0.0	0.0	0.0	0.0	0.07612837870594155	0.0	0.0	0.16351731972084255	0.0	0.0	0.0	0.0	0.0	0.0	0.0	0.0	0.0	0.0	0.0	0.0	0.0	0.08892477229393891	0.0	0.0	0.0	0.0	0.0	0.0	0.0	0.0	0.0	0.0	0.0	0.0	0.0
Syn.Breast-AdenoCA::S.103	0.04779822490469931	0.0	0.0	0.0	0.0	0.0	0.0	0.0	0.0	0.10064781546217125	0.0	0.0	0.0	0.1484810987645212	0.0	0.0	0.0	0.0	0.0	0.0	0.06731530548830127	0.0	0.0	0.0	0.0	0.05188524491077244	0.0	0.0	0.0	0.0	0.0	0.0	0.3703951359275457	0.0	0.0	0.0	0.0	0.0	0.0	0.0	0.08384122241944167	0.0	0.0	0.0	0.0	0.06883866583559485	0.0607972862869523	0.0	0.0	0.0	0.0	0.0	0.0	0.0	0.0	0.0	0.0	0.0	0.0	0.0
Syn.Breast-AdenoCA::S.104	0.04677512709962125	0.0	0.0	0.0	0.0	0.0	0.0	0.0	0.0	0.0	0.0	0.0	0.0	0.0	0.0	0.0	0.0	0.0	0.0	0.0	0.0	0.0	0.0	0.0	0.0	0.0	0.0	0.0	0.0	0.0	0.0	0.0	0.8760148951234648	0.0	0.0	0.0	0.0	0.0	0.0	0.0	0.0	0.0	0.0	0.0	0.0	0.0	0.0772099777769139	0.0	0.0	0.0	0.0	0.0	0.0	0.0	0.0	0.0	0.0	0.0	0.0	0.0
Syn.Breast-AdenoCA::S.105	0.0985421046052304	0.0	0.07396070035672164	0.0	0.0	0.0	0.0	0.0	0.0	0.14101716270191228	0.0	0.0	0.0	0.11758058523100627	0.0	0.0	0.0	0.0	0.0	0.0	0.0	0.0	0.0	0.0	0.0	0.0	0.0598755259936309	0.0	0.0	0.05213300080615406	0.0	0.0	0.45689092030534445	0.0	0.0	0.0	0.0	0.0	0.0	0.0	0.0	0.0	0.0	0.0	0.0	0.0	0.0	0.0	0.0	0.0	0.0	0.0	0.0	0.0	0.0	0.0	0.0	0.0	0.0	0.0
Syn.Breast-AdenoCA::S.106	0.0937077469417252	0.0	0.08313966895819448	0.0	0.0	0.0	0.0	0.0	0.0	0.0	0.0	0.0	0.0	0.0986569509817397	0.07773602135563364	0.0	0.0	0.0	0.0	0.0	0.0	0.0	0.0	0.061081503094243095	0.0	0.0	0.0	0.0	0.0	0.0	0.0	0.0	0.39636276302333395	0.11416419730741346	0.0	0.0	0.0	0.0	0.0	0.0	0.0751511483377164	0.0	0.0	0.0	0.0	0.0	0.0	0.0	0.0	0.0	0.0	0.0	0.0	0.0	0.0	0.0	0.0	0.0	0.0	0.0
Syn.Breast-AdenoCA::S.107	0.034258433787531815	0.03323409292268215	0.0	0.0	0.0	0.0	0.0	0.0	0.0	0.30427532223121295	0.0	0.0	0.0	0.26943766718679196	0.11115449231490676	0.0	0.0	0.0	0.0	0.0	0.06740456053851963	0.0	0.0	0.0	0.0	0.0	0.04362816827134546	0.0	0.0	0.0	0.0	0.0	0.05469487277368435	0.048191701203417175	0.0	0.0	0.0	0.0	0.0	0.0	0.03372068876990776	0.0	0.0	0.0	0.0	0.0	0.0	0.0	0.0	0.0	0.0	0.0	0.0	0.0	0.0	0.0	0.0	0.0	0.0	0.0
Syn.Breast-AdenoCA::S.108	0.16786330615440104	0.0	0.0	0.0	0.0	0.0	0.0	0.0	0.0	0.0	0.0	0.0	0.0	0.0	0.0	0.0	0.0	0.0	0.0	0.0	0.0	0.0	0.0	0.26327897793478183	0.0	0.0	0.0	0.0	0.0	0.13686610953732747	0.0	0.0	0.13949692873407468	0.0	0.0	0.0	0.0	0.0	0.0	0.0	0.0	0.0	0.0	0.0	0.0	0.09743752816518304	0.19505714947423186	0.0	0.0	0.0	0.0	0.0	0.0	0.0	0.0	0.0	0.0	0.0	0.0	0.0
Syn.Breast-AdenoCA::S.109	0.045102358478682596	0.21660921978834147	0.04832916992471752	0.0	0.0	0.0	0.0	0.0	0.0	0.17921854965469936	0.0	0.0	0.0	0.113169608580049	0.0	0.0	0.0	0.0	0.0	0.03831421524088235	0.0	0.0	0.0	0.04453760645759176	0.0	0.0	0.07003349880451204	0.0	0.0	0.046666987095828574	0.0	0.0	0.0	0.0	0.0	0.0	0.0	0.0	0.0	0.0	0.0	0.0	0.0	0.0	0.0	0.12268184475427527	0.07533694122041999	0.0	0.0	0.0	0.0	0.0	0.0	0.0	0.0	0.0	0.0	0.0	0.0	0.0
Syn.Breast-AdenoCA::S.110	0.0	0.2507101099566998	0.0	0.0	0.0	0.0	0.0	0.0	0.0	0.7492898900433003	0.0	0.0	0.0	0.0	0.0	0.0	0.0	0.0	0.0	0.0	0.0	0.0	0.0	0.0	0.0	0.0	0.0	0.0	0.0	0.0	0.0	0.0	0.0	0.0	0.0	0.0	0.0	0.0	0.0	0.0	0.0	0.0	0.0	0.0	0.0	0.0	0.0	0.0	0.0	0.0	0.0	0.0	0.0	0.0	0.0	0.0	0.0	0.0	0.0	0.0
Syn.Breast-AdenoCA::S.111	0.09083123146308639	0.0	0.0	0.0	0.0	0.0	0.0	0.0	0.0	0.0	0.0	0.0	0.0	0.23561387728900812	0.0	0.0	0.0	0.0	0.0	0.2551581025476619	0.0	0.0	0.0	0.0	0.0	0.0	0.12510906261104568	0.0	0.0	0.0	0.0	0.0	0.0	0.10502294953109982	0.0	0.0	0.0	0.0	0.0	0.0	0.0	0.0	0.0	0.0	0.0	0.18826477655809803	0.0	0.0	0.0	0.0	0.0	0.0	0.0	0.0	0.0	0.0	0.0	0.0	0.0	0.0
Syn.Breast-AdenoCA::S.112	0.13291995804672235	0.0	0.34457760312554736	0.0	0.0	0.0	0.0	0.0	0.0	0.08315289235815128	0.0	0.0	0.0	0.0906164965528957	0.0	0.0	0.0	0.0	0.0	0.0	0.0	0.0	0.0	0.11156056060559816	0.0	0.0	0.0	0.0	0.0	0.07004472286197073	0.0	0.0	0.10710142340758434	0.0	0.0	0.0	0.0	0.0	0.0	0.0	0.0	0.0	0.0	0.0	0.0	0.06002634304152997	0.0	0.0	0.0	0.0	0.0	0.0	0.0	0.0	0.0	0.0	0.0	0.0	0.0	0.0
Syn.Breast-AdenoCA::S.113	0.0	0.39542135441143017	0.0	0.0	0.0	0.0	0.0	0.0	0.0	0.0	0.0	0.0	0.0	0.17353975106871	0.0	0.0	0.0	0.0	0.0	0.0	0.0	0.0	0.0	0.0	0.0	0.0	0.12109028402761222	0.0	0.0	0.0	0.0	0.0	0.0	0.17258392520444632	0.0	0.0	0.0	0.0	0.0	0.0	0.13736468528780138	0.0	0.0	0.0	0.0	0.0	0.0	0.0	0.0	0.0	0.0	0.0	0.0	0.0	0.0	0.0	0.0	0.0	0.0	0.0
Syn.Breast-AdenoCA::S.114	0.1313070567168253	0.07247912693694399	0.0	0.0	0.0	0.0	0.0	0.0	0.0	0.15379569470330615	0.0	0.0	0.0	0.1883624108410404	0.0	0.0	0.0	0.06957654895427838	0.0	0.0	0.0	0.0	0.0	0.0	0.0	0.05201372830611056	0.0	0.0	0.0	0.06323003088019	0.0	0.0	0.08144586874147704	0.0	0.0	0.0	0.0	0.0	0.0	0.0	0.0	0.0	0.0	0.0	0.0	0.09387896533052002	0.09391056858930813	0.0	0.0	0.0	0.0	0.0	0.0	0.0	0.0	0.0	0.0	0.0	0.0	0.0
Syn.Breast-AdenoCA::S.115	0.0	0.21094801109563824	0.0	0.0	0.0	0.0	0.0	0.0	0.0	0.0	0.0	0.0	0.0	0.0	0.23567964118379134	0.0	0.0	0.0	0.0	0.0	0.0	0.0	0.0	0.0	0.0	0.0	0.0	0.0	0.0	0.0	0.0	0.0	0.2664119563833372	0.0	0.0	0.0	0.0	0.0	0.0	0.0	0.0	0.0	0.0	0.0	0.0	0.2869603913372331	0.0	0.0	0.0	0.0	0.0	0.0	0.0	0.0	0.0	0.0	0.0	0.0	0.0	0.0
Syn.Breast-AdenoCA::S.116	0.1323453507147959	0.028576678189673223	0.04966748466895015	0.0	0.0	0.0	0.0	0.0	0.0	0.18637123672998024	0.0	0.0	0.0	0.04218930294725665	0.0	0.0	0.0	0.0	0.0	0.0	0.0	0.0	0.0	0.0	0.0	0.0	0.10984083411263007	0.0	0.0	0.25391090096036334	0.0	0.0	0.15371723541030383	0.0	0.0	0.0	0.0	0.0	0.0	0.0	0.0433809762660466	0.0	0.0	0.0	0.0	0.0	0.0	0.0	0.0	0.0	0.0	0.0	0.0	0.0	0.0	0.0	0.0	0.0	0.0	0.0
Syn.Breast-AdenoCA::S.117	0.16802209387237563	0.07367440379555353	0.0	0.0	0.0	0.0	0.0	0.0	0.0	0.08662606752507754	0.0	0.0	0.0	0.12446853006075759	0.0	0.0	0.0	0.0	0.0	0.0	0.0	0.0	0.0	0.0	0.0	0.06482861623128583	0.0	0.0	0.0	0.0	0.0	0.0	0.21172742031160932	0.0	0.0	0.0	0.0	0.0	0.0	0.0	0.1097316468062314	0.0	0.0	0.0	0.0	0.0	0.16092122139710918	0.0	0.0	0.0	0.0	0.0	0.0	0.0	0.0	0.0	0.0	0.0	0.0	0.0
Syn.Breast-AdenoCA::S.118	0.16742000950229471	0.0	0.14230092258406535	0.0	0.0	0.0	0.0	0.0	0.0	0.0	0.0	0.0	0.0	0.17055698632402608	0.11601155651827691	0.0	0.0	0.0	0.0	0.0	0.0	0.0	0.0	0.0	0.0	0.0	0.0	0.0	0.0	0.04896120266734064	0.0	0.0	0.0	0.0	0.0	0.0	0.0	0.0	0.0	0.0	0.0	0.0	0.0	0.0	0.0	0.08773845228611693	0.19312699096234293	0.07388387915553639	0.0	0.0	0.0	0.0	0.0	0.0	0.0	0.0	0.0	0.0	0.0	0.0
Syn.Breast-AdenoCA::S.119	0.029723342913033194	0.04919699940724548	0.0	0.0	0.0	0.0	0.0	0.0	0.0	0.11381634091548412	0.0	0.0	0.0	0.04631832691714658	0.0	0.0	0.0	0.0	0.0	0.0	0.08662939845289087	0.0	0.0	0.04089205091510535	0.0	0.0	0.0	0.0	0.0	0.049706453004676056	0.0	0.0	0.5270246213865131	0.0	0.0	0.0	0.0	0.0	0.0	0.0	0.0	0.0	0.0	0.0	0.0	0.0	0.05669246608790534	0.0	0.0	0.0	0.0	0.0	0.0	0.0	0.0	0.0	0.0	0.0	0.0	0.0
Syn.Breast-AdenoCA::S.120	0.07813599798322289	0.0	0.0	0.0	0.0	0.0	0.0	0.0	0.0	0.0	0.0	0.0	0.0	0.09575675607214167	0.0	0.0	0.0	0.0	0.0	0.0	0.0	0.0	0.0	0.0	0.0	0.0	0.0	0.0	0.0	0.2201962092306166	0.0	0.0	0.44520878603896336	0.0	0.0	0.0	0.0	0.0	0.0	0.0	0.0	0.0	0.0	0.0	0.0	0.06947557040736203	0.09122668026769339	0.0	0.0	0.0	0.0	0.0	0.0	0.0	0.0	0.0	0.0	0.0	0.0	0.0
Syn.Breast-AdenoCA::S.121	0.11676344322720812	0.0863504599295563	0.0	0.0	0.0	0.0	0.0	0.0	0.0	0.0	0.0	0.0	0.0	0.0	0.0	0.0	0.0	0.0	0.0	0.0	0.0	0.0	0.0	0.06747312181522343	0.0	0.0	0.0	0.0	0.0	0.3812172596695373	0.0	0.0	0.2731658199951266	0.0	0.0	0.0	0.0	0.0	0.0	0.0	0.0	0.0	0.0	0.0	0.0	0.0	0.07502989536334832	0.0	0.0	0.0	0.0	0.0	0.0	0.0	0.0	0.0	0.0	0.0	0.0	0.0
Syn.Breast-AdenoCA::S.122	0.10359138802748777	0.0	0.0	0.0	0.0	0.0	0.0	0.0	0.0	0.2750796672980958	0.0	0.0	0.0	0.13239252887425296	0.0	0.0	0.0	0.0	0.0	0.0	0.0	0.0	0.0	0.0	0.0	0.0	0.0	0.0	0.0	0.11628943263648922	0.0	0.0	0.13216447440959958	0.0	0.0	0.0	0.0	0.0	0.0	0.0	0.0	0.0	0.0	0.0	0.0	0.10705540266881226	0.1334271060852624	0.0	0.0	0.0	0.0	0.0	0.0	0.0	0.0	0.0	0.0	0.0	0.0	0.0
Syn.Breast-AdenoCA::S.123	0.0	0.056643733669236564	0.07724654875521389	0.0	0.0	0.0	0.0	0.0	0.0	0.08912669834828527	0.0	0.0	0.0	0.24169323313024713	0.0	0.0	0.0	0.0	0.0	0.0	0.0	0.0	0.0	0.0	0.0	0.0	0.0	0.0	0.0	0.0	0.0	0.0	0.3750573762863582	0.07298170270806162	0.0	0.0	0.0	0.0	0.0	0.0	0.08725070710259737	0.0	0.0	0.0	0.0	0.0	0.0	0.0	0.0	0.0	0.0	0.0	0.0	0.0	0.0	0.0	0.0	0.0	0.0	0.0
Syn.Breast-AdenoCA::S.124	0.0	0.4400608476421466	0.0	0.0	0.0	0.0	0.0	0.0	0.0	0.0	0.0	0.0	0.0	0.10492450250386295	0.08633658977070366	0.0	0.0	0.0	0.0	0.0	0.0	0.0	0.0	0.0	0.0	0.0	0.0	0.0	0.0	0.0	0.0	0.0	0.0	0.0	0.0	0.0	0.0	0.0	0.0	0.0	0.0	0.0	0.0	0.0	0.0	0.0	0.20012119838344275	0.16855686169984413	0.0	0.0	0.0	0.0	0.0	0.0	0.0	0.0	0.0	0.0	0.0	0.0
Syn.Breast-AdenoCA::S.125	0.1614181619239004	0.0	0.0	0.0	0.0	0.0	0.0	0.0	0.0	0.0	0.0	0.0	0.0	0.2858799552202339	0.059063172941080294	0.0	0.0	0.0	0.0	0.0	0.0	0.0	0.0	0.05841119608707963	0.0	0.0	0.11752779533425114	0.0	0.0	0.0	0.0	0.0	0.1282311684177203	0.12656056849392824	0.0	0.0	0.0	0.0	0.0	0.0	0.0	0.0	0.0	0.0	0.0	0.0	0.06290798158180609	0.0	0.0	0.0	0.0	0.0	0.0	0.0	0.0	0.0	0.0	0.0	0.0	0.0
Syn.Breast-AdenoCA::S.126	0.0604806624804215	0.05605802948154515	0.0	0.0	0.0	0.0	0.0	0.0	0.0	0.2461571849990933	0.0	0.0	0.0	0.10474082768398696	0.0	0.0	0.0	0.0	0.0	0.0	0.0	0.0	0.0	0.0	0.0	0.0	0.07999236030159089	0.0	0.0	0.16505520173024912	0.0	0.0	0.2875157333231129	0.0	0.0	0.0	0.0	0.0	0.0	0.0	0.0	0.0	0.0	0.0	0.0	0.0	0.0	0.0	0.0	0.0	0.0	0.0	0.0	0.0	0.0	0.0	0.0	0.0	0.0	0.0
Syn.Breast-AdenoCA::S.127	0.0	0.0	0.0	0.0	0.0	0.0	0.0	0.0	0.0	0.0	0.0	0.0	0.0	0.0	0.0	0.0	0.0	0.0	0.0	0.0	0.0	0.0	0.0	0.0	0.0	0.0	0.0	0.0	0.0	0.0	0.0	0.0	0.8824814374638443	0.0	0.0	0.0	0.0	0.0	0.0	0.0	0.11751856253615577	0.0	0.0	0.0	0.0	0.0	0.0	0.0	0.0	0.0	0.0	0.0	0.0	0.0	0.0	0.0	0.0	0.0	0.0	0.0
Syn.Breast-AdenoCA::S.128	0.09188099423714861	0.08218587070988945	0.0	0.0	0.0	0.0	0.0	0.0	0.0	0.10098880120499618	0.0	0.0	0.0	0.2777395480715461	0.0	0.0	0.0	0.0	0.0	0.0	0.0	0.0	0.0	0.0	0.0	0.0	0.12739691950917545	0.0	0.0	0.047654283093631414	0.0	0.0	0.11660614657265737	0.0	0.0	0.0	0.0	0.0	0.0	0.0	0.0	0.0	0.0	0.0	0.0	0.09655309854246602	0.0589943380584894	0.0	0.0	0.0	0.0	0.0	0.0	0.0	0.0	0.0	0.0	0.0	0.0	0.0
Syn.Breast-AdenoCA::S.129	0.07968518517615829	0.046162503545833206	0.0	0.0	0.0	0.0	0.0	0.0	0.0	0.0	0.0	0.0	0.0	0.07170253323246828	0.0	0.0	0.0	0.08657094327953094	0.0	0.0	0.08619882344871672	0.0	0.0	0.0	0.0	0.0	0.04830694056703537	0.0	0.0	0.0	0.0	0.0	0.2799114858216215	0.1827889836757003	0.0	0.0	0.0	0.0	0.0	0.0	0.0	0.0	0.0	0.0	0.0	0.06000518352253949	0.058667417730395854	0.0	0.0	0.0	0.0	0.0	0.0	0.0	0.0	0.0	0.0	0.0	0.0	0.0
Syn.Breast-AdenoCA::S.130	0.06347155483577392	0.0	0.0	0.0	0.0	0.0	0.0	0.0	0.0	0.10528811853070111	0.0	0.0	0.0	0.0	0.0	0.0	0.0	0.07950812705585182	0.0	0.0	0.0684324976772856	0.0	0.0	0.0	0.0	0.0	0.0	0.0	0.0	0.0	0.0	0.0	0.0	0.0	0.0	0.0	0.0	0.0	0.0	0.0	0.0	0.0	0.0	0.0	0.0	0.6029417278020223	0.08035797409836527	0.0	0.0	0.0	0.0	0.0	0.0	0.0	0.0	0.0	0.0	0.0	0.0	0.0
Syn.Breast-AdenoCA::S.131	0.0	0.2278603501897976	0.0	0.0	0.0	0.0	0.0	0.0	0.0	0.0	0.0	0.0	0.0	0.0	0.0	0.0	0.0	0.11861010432165324	0.0	0.0	0.0	0.0	0.0	0.0	0.0	0.0	0.0	0.0	0.0	0.0	0.0	0.0	0.14839646355484867	0.0	0.0	0.0	0.0	0.0	0.0	0.0	0.3056024371071951	0.0	0.0	0.0	0.0	0.19953064482650537	0.0	0.0	0.0	0.0	0.0	0.0	0.0	0.0	0.0	0.0	0.0	0.0	0.0	0.0
Syn.Breast-AdenoCA::S.132	0.13221593666276546	0.0	0.0	0.0	0.0	0.0	0.0	0.0	0.0	0.0	0.0	0.0	0.0	0.2826982769092585	0.0	0.0	0.0	0.0	0.0	0.0	0.0	0.0	0.0	0.0	0.0	0.059683204639154	0.0	0.0	0.0	0.07113772161366193	0.0	0.0	0.14690057981373764	0.0	0.0	0.0	0.0	0.0	0.0	0.0	0.0	0.0	0.0	0.0	0.0	0.3073642803614225	0.0	0.0	0.0	0.0	0.0	0.0	0.0	0.0	0.0	0.0	0.0	0.0	0.0	0.0
Syn.Breast-AdenoCA::S.133	0.1663243719329911	0.05427867967443192	0.0	0.0	0.0	0.0	0.0	0.0	0.0	0.06202320581167005	0.0	0.0	0.0	0.12464716649125841	0.0	0.0	0.0	0.0	0.0	0.09268779780709606	0.08862765616440316	0.0	0.0	0.0	0.0	0.0	0.0	0.0	0.0	0.054711546457758345	0.0	0.0	0.35669957566039084	0.0	0.0	0.0	0.0	0.0	0.0	0.0	0.0	0.0	0.0	0.0	0.0	0.0	0.0	0.0	0.0	0.0	0.0	0.0	0.0	0.0	0.0	0.0	0.0	0.0	0.0	0.0
Syn.Breast-AdenoCA::S.134	0.13963856750583187	0.07513416859605333	0.0859932986649321	0.0	0.0	0.0	0.0	0.0	0.0	0.0	0.0	0.0	0.0	0.16749723264413835	0.0	0.0	0.0	0.04881325013303752	0.0	0.0	0.10139037122386486	0.0	0.0	0.08145826357342646	0.0	0.04840933078190178	0.07828338140894192	0.0	0.0	0.09894477866621604	0.0	0.0	0.0	0.0	0.0	0.0	0.0	0.0	0.0	0.0	0.0	0.0	0.0	0.0	0.0	0.0	0.07443735680165585	0.0	0.0	0.0	0.0	0.0	0.0	0.0	0.0	0.0	0.0	0.0	0.0	0.0
Syn.Breast-AdenoCA::S.135	0.11670531315986907	0.05419529377104605	0.0	0.0	0.0	0.0	0.0	0.0	0.0	0.11865254808698203	0.0	0.0	0.0	0.16124773294220726	0.10839391302898979	0.0	0.0	0.0	0.0	0.0	0.0	0.0	0.0	0.0865757041686932	0.0	0.0	0.0	0.0	0.0	0.0	0.0	0.0	0.1333973532328308	0.0	0.0	0.0	0.0	0.0	0.0	0.0	0.0	0.0	0.0	0.0	0.0	0.22083214160938178	0.0	0.0	0.0	0.0	0.0	0.0	0.0	0.0	0.0	0.0	0.0	0.0	0.0	0.0
Syn.Breast-AdenoCA::S.136	0.0	0.0	0.0	0.0	0.0	0.0	0.0	0.0	0.0	0.0	0.0	0.0	0.0	0.0	1.0	0.0	0.0	0.0	0.0	0.0	0.0	0.0	0.0	0.0	0.0	0.0	0.0	0.0	0.0	0.0	0.0	0.0	0.0	0.0	0.0	0.0	0.0	0.0	0.0	0.0	0.0	0.0	0.0	0.0	0.0	0.0	0.0	0.0	0.0	0.0	0.0	0.0	0.0	0.0	0.0	0.0	0.0	0.0	0.0	0.0
Syn.Breast-AdenoCA::S.137	0.24774660107022733	0.0	0.0	0.0	0.0	0.0	0.0	0.0	0.0	0.0	0.0	0.0	0.0	0.0	0.14333641368274339	0.0	0.0	0.10255074181800078	0.0	0.0	0.06964360078892382	0.0	0.0	0.10086180766173557	0.0	0.0	0.0	0.0	0.0	0.0	0.0	0.0	0.09758019322543394	0.0	0.0	0.0	0.0	0.0	0.0	0.0	0.13834017538175195	0.0	0.0	0.0	0.0	0.0	0.09994046637118315	0.0	0.0	0.0	0.0	0.0	0.0	0.0	0.0	0.0	0.0	0.0	0.0	0.0
Syn.Breast-AdenoCA::S.138	0.053343841233999684	0.0	0.0	0.0	0.0	0.0	0.0	0.0	0.0	0.12902295747340314	0.0	0.0	0.0	0.0	0.0	0.0	0.0	0.15429561859848742	0.0	0.0	0.0	0.0	0.0	0.0	0.0	0.0	0.1226454423211085	0.0	0.0	0.11363789526116513	0.0	0.0	0.0	0.0	0.0	0.0	0.0	0.0	0.0	0.0	0.21623113681249428	0.0	0.0	0.0	0.0	0.08627226000434511	0.12455084829499685	0.0	0.0	0.0	0.0	0.0	0.0	0.0	0.0	0.0	0.0	0.0	0.0	0.0
Syn.Breast-AdenoCA::S.139	0.05127818871463003	0.05356170008811724	0.05460848913700765	0.0	0.0	0.0	0.0	0.0	0.0	0.19810732446487997	0.0	0.0	0.0	0.09993318583810396	0.0	0.0	0.0	0.0	0.0	0.04707318595123005	0.055277367216140176	0.0	0.0	0.0	0.0	0.0	0.11349229654646747	0.0	0.0	0.08392634068097064	0.0	0.0	0.0	0.06580722635407933	0.0	0.0	0.0	0.0	0.0	0.0	0.10879082686466646	0.0	0.0	0.0	0.0	0.0	0.06814386814370707	0.0	0.0	0.0	0.0	0.0	0.0	0.0	0.0	0.0	0.0	0.0	0.0	0.0
Syn.Breast-AdenoCA::S.140	0.06646242589359283	0.10910132487779772	0.0	0.0	0.0	0.0	0.0	0.0	0.0	0.0	0.0	0.0	0.0	0.0	0.1912695131143168	0.0	0.0	0.0	0.0	0.0	0.0	0.0	0.0	0.0	0.0	0.0	0.0	0.0	0.0	0.0	0.0	0.0	0.34628960033581596	0.07683752437116345	0.0	0.0	0.0	0.0	0.0	0.0	0.12840858035351	0.0	0.0	0.0	0.0	0.0	0.08163103105380329	0.0	0.0	0.0	0.0	0.0	0.0	0.0	0.0	0.0	0.0	0.0	0.0	0.0
Syn.Breast-AdenoCA::S.141	0.1366963916356142	0.0	0.0	0.0	0.0	0.0	0.0	0.0	0.0	0.19085206285238676	0.0	0.0	0.0	0.0	0.13009171253907223	0.0	0.0	0.06124107851968975	0.0	0.0	0.06086878810108828	0.0	0.0	0.0	0.0	0.0	0.13490821800087716	0.0	0.0	0.0	0.0	0.0	0.0	0.06698537753635458	0.0	0.0	0.0	0.0	0.0	0.0	0.14000432378311964	0.0	0.0	0.0	0.0	0.0	0.07835204703179756	0.0	0.0	0.0	0.0	0.0	0.0	0.0	0.0	0.0	0.0	0.0	0.0	0.0
Syn.Breast-AdenoCA::S.142	0.09348764556357607	0.04812342278988145	0.0	0.0	0.0	0.0	0.0	0.0	0.0	0.0	0.0	0.0	0.0	0.16099832348597876	0.11713070725001126	0.0	0.0	0.0	0.0	0.0	0.0659751618729289	0.0	0.0	0.0	0.0	0.0	0.0	0.0	0.0	0.10058067950158926	0.0	0.0	0.2477648486652637	0.0	0.0	0.0	0.0	0.0	0.0	0.0	0.0937027988675904	0.0	0.0	0.0	0.0	0.0	0.0722364120031802	0.0	0.0	0.0	0.0	0.0	0.0	0.0	0.0	0.0	0.0	0.0	0.0	0.0
Syn.Breast-AdenoCA::S.143	0.0	0.0	0.0	0.0	0.0	0.0	0.0	0.0	0.0	0.0990604612026195	0.0	0.0	0.0	0.06593468317647365	0.07874585211797105	0.0	0.0	0.0	0.0	0.0	0.0	0.0	0.0	0.0440176596873691	0.0	0.0	0.06356843237288864	0.0	0.0	0.03778321407363937	0.0	0.0	0.4821746891739141	0.0	0.0	0.0	0.0	0.0	0.0	0.0	0.0	0.0	0.0	0.0	0.0	0.05229843497847991	0.07641657321664469	0.0	0.0	0.0	0.0	0.0	0.0	0.0	0.0	0.0	0.0	0.0	0.0	0.0
Syn.Breast-AdenoCA::S.144	0.13949964603905818	0.051405205680015206	0.07644622510458385	0.0	0.0	0.0	0.0	0.0	0.0	0.0	0.0	0.0	0.0	0.08204322727797225	0.0	0.0	0.0	0.0	0.0	0.0	0.05365426482059341	0.0	0.0	0.0	0.0	0.0	0.0	0.0	0.0	0.0	0.0	0.0	0.0	0.07791748250718375	0.0	0.0	0.0	0.0	0.0	0.0	0.0	0.0	0.0	0.0	0.0	0.5190339485705933	0.0	0.0	0.0	0.0	0.0	0.0	0.0	0.0	0.0	0.0	0.0	0.0	0.0	0.0
Syn.Breast-AdenoCA::S.145	0.04870653557415224	0.0	0.09404947005936201	0.0	0.0	0.0	0.0	0.0	0.0	0.22008639477534916	0.0	0.0	0.0	0.14402985518900385	0.0	0.0	0.0	0.0	0.0	0.0	0.0	0.0	0.0	0.0	0.0	0.0	0.0865556202811927	0.0	0.0	0.05666925879765879	0.0	0.0	0.14621782606397357	0.0	0.0	0.0	0.0	0.0	0.0	0.0	0.0	0.0	0.0	0.0	0.0	0.2036850392593077	0.0	0.0	0.0	0.0	0.0	0.0	0.0	0.0	0.0	0.0	0.0	0.0	0.0	0.0
Syn.Breast-AdenoCA::S.146	0.07414987289873329	0.05280025213846989	0.0	0.0	0.0	0.0	0.0	0.0	0.0	0.05586003865598834	0.0	0.0	0.0	0.1385049307881366	0.4315798750852858	0.0	0.0	0.060072523683616215	0.0	0.0	0.0	0.0	0.0	0.0	0.0	0.05550440402067123	0.0	0.0	0.0	0.0	0.0	0.0	0.059750507940573114	0.0	0.0	0.0	0.0	0.0	0.0	0.0	0.0	0.0	0.0	0.0	0.0	0.0	0.07177759478852537	0.0	0.0	0.0	0.0	0.0	0.0	0.0	0.0	0.0	0.0	0.0	0.0	0.0
Syn.Breast-AdenoCA::S.147	0.07914904981097438	0.15697903036239097	0.0	0.0	0.0	0.0	0.0	0.0	0.0	0.0	0.0	0.0	0.0	0.27999665532678075	0.0	0.0	0.0	0.0	0.0	0.0	0.0	0.0	0.0	0.0	0.0	0.0	0.0	0.0	0.0	0.11813710032866871	0.0	0.0	0.0	0.0	0.0	0.0	0.0	0.0	0.0	0.0	0.0	0.0	0.0	0.0	0.0	0.24330257392007587	0.12243559025110935	0.0	0.0	0.0	0.0	0.0	0.0	0.0	0.0	0.0	0.0	0.0	0.0	0.0
Syn.Breast-AdenoCA::S.148	0.07060601720737142	0.0	0.054342116964335586	0.0	0.0	0.0	0.0	0.0	0.0	0.06473437984346182	0.0	0.0	0.0	0.14737159286577736	0.0	0.0	0.0	0.0	0.0	0.0	0.05275099106600925	0.0	0.0	0.0	0.0	0.07613877042389858	0.0	0.0	0.0	0.0435065580944748	0.0	0.0	0.19973298163769485	0.0	0.0	0.0	0.0	0.0	0.0	0.0	0.0	0.0	0.0	0.0	0.0	0.07125332354546478	0.2195632683515115	0.0	0.0	0.0	0.0	0.0	0.0	0.0	0.0	0.0	0.0	0.0	0.0	0.0
Syn.Breast-AdenoCA::S.149	0.0	0.0	0.0	0.0	0.0	0.0	0.0	0.0	0.0	0.4983170708071979	0.0	0.0	0.0	0.0	0.3279473235641397	0.0	0.0	0.0	0.0	0.0	0.0	0.0	0.0	0.0	0.0	0.0	0.0	0.0	0.0	0.0	0.0	0.0	0.17373560562866244	0.0	0.0	0.0	0.0	0.0	0.0	0.0	0.0	0.0	0.0	0.0	0.0	0.0	0.0	0.0	0.0	0.0	0.0	0.0	0.0	0.0	0.0	0.0	0.0	0.0	0.0	0.0
Syn.Breast-AdenoCA::S.150	0.03797695812172128	0.057137181104351245	0.0	0.0	0.0	0.0	0.0	0.0	0.0	0.0	0.0	0.0	0.0	0.18596272096391991	0.0	0.0	0.0	0.0	0.0	0.0	0.10632818788986162	0.0	0.0	0.14333267832829236	0.0	0.0	0.08389769454650911	0.0	0.0	0.04166549502578669	0.0	0.0	0.182739388983713	0.0	0.0	0.0	0.0	0.0	0.0	0.0	0.0	0.0	0.0	0.0	0.0	0.09943566704819637	0.06152402798764857	0.0	0.0	0.0	0.0	0.0	0.0	0.0	0.0	0.0	0.0	0.0	0.0	0.0
Syn.Breast-AdenoCA::S.151	0.16573600651059817	0.0	0.0	0.0	0.0	0.0	0.0	0.0	0.0	0.0	0.0	0.0	0.0	0.08078922252647604	0.0	0.0	0.0	0.0	0.0	0.0	0.0	0.0	0.0	0.0	0.0	0.0	0.0	0.0	0.0	0.0	0.0	0.0	0.6851789995623022	0.0	0.0	0.0	0.0	0.0	0.0	0.0	0.0	0.0	0.0	0.0	0.0	0.06829577140062343	0.0	0.0	0.0	0.0	0.0	0.0	0.0	0.0	0.0	0.0	0.0	0.0	0.0	0.0
Syn.Breast-AdenoCA::S.152	0.0778714433829452	0.0	0.0	0.0	0.0	0.0	0.0	0.0	0.0	0.0	0.0	0.0	0.0	0.09932193830153278	0.6115953721335273	0.0	0.0	0.0	0.0	0.0	0.0	0.0	0.0	0.0	0.0	0.0	0.0	0.0	0.0	0.0	0.0	0.0	0.10976662877831253	0.0	0.0	0.0	0.0	0.0	0.0	0.0	0.10144461740368212	0.0	0.0	0.0	0.0	0.0	0.0	0.0	0.0	0.0	0.0	0.0	0.0	0.0	0.0	0.0	0.0	0.0	0.0	0.0
Syn.Breast-AdenoCA::S.153	0.13594126647948893	0.03310202212964568	0.0	0.0	0.0	0.0	0.0	0.0	0.0	0.0	0.0	0.0	0.0	0.17929841301887003	0.06829119863655338	0.0	0.0	0.06523160651954113	0.0	0.0	0.045887367787505316	0.0	0.0	0.0	0.0	0.0	0.06499189277070257	0.0	0.0	0.0	0.0	0.0	0.29464577104233136	0.04312457188935243	0.0	0.0	0.0	0.0	0.0	0.0	0.03587542541417657	0.0	0.0	0.0	0.0	0.0	0.033610464311832795	0.0	0.0	0.0	0.0	0.0	0.0	0.0	0.0	0.0	0.0	0.0	0.0	0.0
Syn.Breast-AdenoCA::S.154	0.06171326130384053	0.0	0.0	0.0	0.0	0.0	0.0	0.0	0.0	0.0644946885276571	0.0	0.0	0.0	0.22662578506998562	0.0	0.0	0.0	0.0	0.0	0.0	0.0	0.0	0.0	0.0	0.0	0.0	0.10306569813525594	0.0	0.0	0.0	0.0	0.0	0.12387106851188431	0.08305809801878146	0.0	0.0	0.0	0.0	0.0	0.0	0.10452174089389217	0.0	0.0	0.0	0.0	0.13722670711079088	0.09542295242791192	0.0	0.0	0.0	0.0	0.0	0.0	0.0	0.0	0.0	0.0	0.0	0.0	0.0
Syn.Breast-AdenoCA::S.155	0.15622960140430825	0.0	0.10445381679338943	0.0	0.0	0.0	0.0	0.0	0.0	0.0	0.0	0.0	0.0	0.13915982898990426	0.06312705240167761	0.0	0.0	0.0	0.0	0.08962425497932774	0.0	0.0	0.0	0.0	0.0	0.0	0.0	0.0	0.0	0.0	0.0	0.0	0.2614888285352072	0.0	0.0	0.0	0.0	0.0	0.0	0.0	0.07771803059439514	0.0	0.0	0.0	0.0	0.10819858630179029	0.0	0.0	0.0	0.0	0.0	0.0	0.0	0.0	0.0	0.0	0.0	0.0	0.0	0.0
Syn.Breast-AdenoCA::S.156	0.0	0.0	0.0	0.0	0.0	0.0	0.0	0.0	0.0	0.0	0.0	0.0	0.0	0.0	0.0	0.0	0.0	0.0	0.0	0.0	0.0	0.0	0.0	0.0	0.0	0.04238658613196056	0.0	0.0	0.0	0.0	0.0	0.0	0.8541380169013654	0.0	0.0	0.0	0.0	0.0	0.0	0.0	0.0	0.0	0.0	0.0	0.0	0.0	0.1034753969666741	0.0	0.0	0.0	0.0	0.0	0.0	0.0	0.0	0.0	0.0	0.0	0.0	0.0
Syn.Breast-AdenoCA::S.157	0.13451927998902738	0.10794277878594274	0.0	0.0	0.0	0.0	0.0	0.0	0.0	0.0	0.0	0.0	0.0	0.0	0.10283654838203268	0.0	0.0	0.0	0.0	0.0	0.1073824653259846	0.0	0.0	0.12442719388371147	0.0	0.0	0.0	0.0	0.0	0.0	0.0	0.0	0.3011444214365476	0.0	0.0	0.0	0.0	0.0	0.0	0.0	0.0	0.0	0.0	0.0	0.0	0.0	0.12174731219675347	0.0	0.0	0.0	0.0	0.0	0.0	0.0	0.0	0.0	0.0	0.0	0.0	0.0
Syn.Breast-AdenoCA::S.158	0.0	0.3256090108789348	0.0	0.0	0.0	0.0	0.0	0.0	0.0	0.0	0.0	0.0	0.0	0.0	0.0	0.0	0.0	0.0	0.0	0.0	0.0	0.0	0.0	0.0	0.0	0.0	0.0	0.0	0.0	0.2253594450091374	0.0	0.0	0.44903154411192786	0.0	0.0	0.0	0.0	0.0	0.0	0.0	0.0	0.0	0.0	0.0	0.0	0.0	0.0	0.0	0.0	0.0	0.0	0.0	0.0	0.0	0.0	0.0	0.0	0.0	0.0	0.0
Syn.Breast-AdenoCA::S.159	0.15602747158055552	0.0	0.22058173034766126	0.0	0.0	0.0	0.0	0.0	0.0	0.11799364424046627	0.0	0.0	0.0	0.0796325944891499	0.0	0.0	0.0	0.0	0.0	0.0	0.0	0.0	0.0	0.0	0.0	0.0	0.0	0.0	0.0	0.0	0.0	0.0	0.1750571331218811	0.0	0.0	0.0	0.0	0.0	0.0	0.0	0.0	0.0	0.0	0.0	0.0	0.15886330813113284	0.09184411808915317	0.0	0.0	0.0	0.0	0.0	0.0	0.0	0.0	0.0	0.0	0.0	0.0	0.0
Syn.Breast-AdenoCA::S.160	0.17582203726294787	0.07958259064013878	0.0	0.0	0.0	0.0	0.0	0.0	0.0	0.15163875747919922	0.0	0.0	0.0	0.13944112233275482	0.0	0.0	0.0	0.0	0.0	0.0	0.0	0.0	0.0	0.0	0.0	0.0730671038839078	0.0	0.0	0.0	0.0	0.0	0.0	0.0	0.0	0.0	0.0	0.0	0.0	0.0	0.0	0.11701412601655836	0.0	0.0	0.0	0.0	0.12288481280818701	0.14054944957630605	0.0	0.0	0.0	0.0	0.0	0.0	0.0	0.0	0.0	0.0	0.0	0.0	0.0
Syn.Breast-AdenoCA::S.161	0.0	0.0	0.0	0.0	0.0	0.0	0.0	0.0	0.0	0.6330177003685761	0.0	0.0	0.0	0.0	0.0	0.0	0.0	0.06076283423091283	0.0	0.0	0.0	0.0	0.0	0.06322792603676658	0.0	0.0	0.0	0.0	0.0	0.0	0.0	0.0	0.0	0.0	0.0	0.0	0.0	0.0	0.0	0.0	0.0	0.0	0.0	0.0	0.0	0.12734339654345228	0.11564814282029229	0.0	0.0	0.0	0.0	0.0	0.0	0.0	0.0	0.0	0.0	0.0	0.0	0.0
Syn.Breast-AdenoCA::S.162	0.0	0.05841012730463232	0.0	0.0	0.0	0.0	0.0	0.0	0.0	0.059596609046346956	0.0	0.0	0.0	0.11487969205879989	0.08637772892858493	0.0	0.0	0.0	0.0	0.0	0.0	0.0	0.0	0.0	0.0	0.0	0.0	0.0	0.0	0.0	0.0	0.0	0.4325267765173275	0.0	0.0	0.0	0.0	0.0	0.0	0.0	0.09216872849744934	0.0	0.0	0.0	0.0	0.08125121992869587	0.07478911771816328	0.0	0.0	0.0	0.0	0.0	0.0	0.0	0.0	0.0	0.0	0.0	0.0	0.0
Syn.Breast-AdenoCA::S.163	0.0	0.0	0.0	0.0	0.0	0.0	0.0	0.0	0.0	0.5038290291315335	0.0	0.0	0.0	0.0	0.0	0.0	0.0	0.0	0.0	0.0	0.0	0.0	0.0	0.0	0.0	0.0	0.07972997236908114	0.0	0.0	0.13035742858990987	0.0	0.0	0.0	0.0	0.0	0.0	0.0	0.0	0.0	0.0	0.0	0.0	0.0	0.0	0.0	0.055760230927104595	0.09875497182558075	0.13156836715679007	0.0	0.0	0.0	0.0	0.0	0.0	0.0	0.0	0.0	0.0	0.0	0.0
Syn.Breast-AdenoCA::S.164	0.1323143262947614	0.0	0.08897610829279122	0.0	0.0	0.0	0.0	0.0	0.0	0.2903757513699342	0.0	0.0	0.0	0.18497293633560227	0.0	0.0	0.0	0.0	0.0	0.0	0.0	0.0	0.0	0.0	0.0	0.0	0.0	0.0	0.0	0.061198975895058884	0.0	0.0	0.0	0.0	0.0	0.0	0.0	0.0	0.0	0.0	0.0	0.0	0.0	0.0	0.0	0.16756384861458457	0.07459805319726764	0.0	0.0	0.0	0.0	0.0	0.0	0.0	0.0	0.0	0.0	0.0	0.0	0.0
Syn.Breast-AdenoCA::S.165	0.05684490516559185	0.0	0.5208157992503566	0.0	0.0	0.0	0.0	0.0	0.0	0.06648092920280509	0.0	0.0	0.0	0.11188402286640922	0.09300324602430811	0.0	0.0	0.0	0.0	0.0	0.0	0.0	0.0	0.0	0.0	0.0	0.0	0.0	0.0	0.04728303048097727	0.0	0.0	0.0	0.0	0.0	0.0	0.0	0.0	0.0	0.0	0.10368806700955184	0.0	0.0	0.0	0.0	0.0	0.0	0.0	0.0	0.0	0.0	0.0	0.0	0.0	0.0	0.0	0.0	0.0	0.0	0.0
Syn.Breast-AdenoCA::S.166	0.09193032920730405	0.1179303221541518	0.08846720014304957	0.0	0.0	0.0	0.0	0.0	0.0	0.13660312811086825	0.0	0.0	0.0	0.0	0.05036551245630352	0.0	0.0	0.0	0.0	0.0	0.0	0.0	0.0	0.0	0.0	0.0	0.0659217968631053	0.0	0.0	0.10883318302738228	0.0	0.0	0.2785974148423021	0.0	0.0	0.0	0.0	0.0	0.0	0.0	0.06135111319553301	0.0	0.0	0.0	0.0	0.0	0.0	0.0	0.0	0.0	0.0	0.0	0.0	0.0	0.0	0.0	0.0	0.0	0.0	0.0
Syn.Breast-AdenoCA::S.167	0.1637322866553739	0.0	0.0	0.0	0.0	0.0	0.0	0.0	0.0	0.16026730132636072	0.0	0.0	0.0	0.0	0.29213512422246285	0.0	0.0	0.0	0.0	0.0	0.0	0.0	0.0	0.0	0.0	0.0	0.08586172764650032	0.0	0.0	0.15359967939062874	0.0	0.0	0.0	0.1444038807586733	0.0	0.0	0.0	0.0	0.0	0.0	0.0	0.0	0.0	0.0	0.0	0.0	0.0	0.0	0.0	0.0	0.0	0.0	0.0	0.0	0.0	0.0	0.0	0.0	0.0	0.0
Syn.Breast-AdenoCA::S.168	0.05704321275004059	0.0	0.0	0.0	0.0	0.0	0.0	0.0	0.0	0.3191876512604504	0.0	0.0	0.0	0.0	0.0	0.0	0.0	0.11528643976590298	0.0	0.0	0.0	0.0	0.0	0.0	0.0	0.0	0.0	0.0	0.0	0.0	0.0	0.0	0.3531056264648641	0.0	0.0	0.0	0.0	0.0	0.0	0.0	0.0	0.0	0.0	0.0	0.0	0.06387833950807571	0.09149873025066638	0.0	0.0	0.0	0.0	0.0	0.0	0.0	0.0	0.0	0.0	0.0	0.0	0.0
Syn.Breast-AdenoCA::S.169	0.0	0.18534594140635113	0.3373644559029274	0.0	0.0	0.0	0.0	0.0	0.0	0.24744497549179292	0.0	0.0	0.0	0.0	0.09452133411482994	0.0	0.0	0.0	0.0	0.0	0.0	0.0	0.0	0.0	0.0	0.0	0.0	0.0	0.0	0.13532329308409866	0.0	0.0	0.0	0.0	0.0	0.0	0.0	0.0	0.0	0.0	0.0	0.0	0.0	0.0	0.0	0.0	0.0	0.0	0.0	0.0	0.0	0.0	0.0	0.0	0.0	0.0	0.0	0.0	0.0	0.0
Syn.Breast-AdenoCA::S.170	0.07557864265467716	0.0	0.0	0.0	0.0	0.0	0.0	0.0	0.0	0.09352492803660281	0.0	0.0	0.0	0.0	0.07409995763829269	0.0	0.0	0.07069707732310594	0.0	0.0	0.09754594165832917	0.0	0.0	0.0	0.0	0.11786088649123021	0.07787164194479013	0.0	0.0	0.0	0.0	0.0	0.39282092425297194	0.0	0.0	0.0	0.0	0.0	0.0	0.0	0.0	0.0	0.0	0.0	0.0	0.0	0.0	0.0	0.0	0.0	0.0	0.0	0.0	0.0	0.0	0.0	0.0	0.0	0.0	0.0
Syn.Breast-AdenoCA::S.171	0.0	0.0	0.0	0.0	0.0	0.0	0.0	0.0	0.0	0.1453832893178807	0.0	0.0	0.0	0.0	0.09108411738226184	0.0	0.0	0.0	0.0	0.0	0.0	0.0	0.0	0.0	0.0	0.053513911583112445	0.07432834095461056	0.0	0.0	0.0	0.0	0.0	0.4067263061931986	0.0	0.0	0.0	0.0	0.0	0.0	0.0	0.0	0.0	0.0	0.0	0.0	0.12370910044971045	0.10525493411922553	0.0	0.0	0.0	0.0	0.0	0.0	0.0	0.0	0.0	0.0	0.0	0.0	0.0
Syn.Breast-AdenoCA::S.172	0.04742029844118943	0.0	0.18472451703888193	0.0	0.0	0.0	0.0	0.0	0.0	0.08145169356424851	0.0	0.0	0.0	0.09096064775860427	0.06963655894078825	0.0	0.0	0.07008222749074504	0.0	0.0	0.0	0.0	0.0	0.0	0.0	0.0	0.08937616341638896	0.0	0.0	0.12985773165806896	0.0	0.0	0.0	0.0524380278040538	0.0	0.0	0.0	0.0	0.0	0.0	0.0	0.0	0.0	0.0	0.0	0.18405213388703073	0.0	0.0	0.0	0.0	0.0	0.0	0.0	0.0	0.0	0.0	0.0	0.0	0.0	0.0
Syn.Breast-AdenoCA::S.173	0.16305222227705718	0.0722122637351988	0.0	0.0	0.0	0.0	0.0	0.0	0.0	0.17694775114334105	0.0	0.0	0.0	0.0	0.0	0.0	0.0	0.05895391731386153	0.0	0.0	0.10350370250633965	0.0	0.0	0.0	0.0	0.0	0.06077786621208663	0.0	0.0	0.0	0.0	0.0	0.22378715379154232	0.0	0.0	0.0	0.0	0.0	0.0	0.0	0.0	0.0	0.0	0.0	0.0	0.0	0.07273161514902084	0.06803350787155188	0.0	0.0	0.0	0.0	0.0	0.0	0.0	0.0	0.0	0.0	0.0	0.0
Syn.Breast-AdenoCA::S.174	0.0669055311017237	0.04356482091555605	0.0	0.0	0.0	0.0	0.0	0.0	0.0	0.08809060897607957	0.0	0.0	0.0	0.1184129867897799	0.0	0.0	0.0	0.0	0.0	0.07043338451071446	0.0	0.0	0.0	0.0	0.0	0.0	0.06534244160233765	0.0	0.0	0.06167719952511286	0.0	0.0	0.2885903768308939	0.0	0.0	0.0	0.0	0.0	0.0	0.0	0.0	0.0	0.0	0.0	0.0	0.1969826497478019	0.0	0.0	0.0	0.0	0.0	0.0	0.0	0.0	0.0	0.0	0.0	0.0	0.0	0.0
Syn.Breast-AdenoCA::S.175	0.0	0.0	0.0	0.0	0.0	0.0	0.0	0.0	0.0	0.0	0.0	0.0	0.0	0.0	0.496518212220153	0.0	0.0	0.0	0.0	0.0	0.0	0.0	0.0	0.0	0.0	0.0	0.1299817830680581	0.0	0.0	0.0	0.0	0.0	0.0	0.19755060144238448	0.0	0.0	0.0	0.0	0.0	0.0	0.1759494032694044	0.0	0.0	0.0	0.0	0.0	0.0	0.0	0.0	0.0	0.0	0.0	0.0	0.0	0.0	0.0	0.0	0.0	0.0	0.0
Syn.Breast-AdenoCA::S.176	0.06600441786069404	0.0897702052921995	0.0	0.0	0.0	0.0	0.0	0.0	0.0	0.06637605314779367	0.0	0.0	0.0	0.07258772579889702	0.0	0.0	0.0	0.0	0.0	0.0	0.0	0.0	0.0	0.0	0.0	0.0	0.0	0.0	0.0	0.0	0.0	0.0	0.5785795840162347	0.0	0.0	0.0	0.0	0.0	0.0	0.0	0.0	0.0	0.0	0.0	0.0	0.0	0.12668201388418118	0.0	0.0	0.0	0.0	0.0	0.0	0.0	0.0	0.0	0.0	0.0	0.0	0.0
Syn.Breast-AdenoCA::S.177	0.14023885453396248	0.0	0.0	0.0	0.0	0.0	0.0	0.0	0.0	0.15005051248987503	0.0	0.0	0.0	0.0	0.0	0.0	0.0	0.0	0.0	0.0	0.0	0.0	0.0	0.0	0.0	0.0	0.0	0.0	0.0	0.0	0.0	0.0	0.0	0.0	0.0	0.0	0.0	0.0	0.0	0.0	0.0	0.0	0.0	0.0	0.0	0.5230897980470642	0.18662083492909834	0.0	0.0	0.0	0.0	0.0	0.0	0.0	0.0	0.0	0.0	0.0	0.0	0.0
Syn.Breast-AdenoCA::S.178	0.05431793575035808	0.0	0.0	0.0	0.0	0.0	0.0	0.0	0.0	0.20868191273687106	0.0	0.0	0.0	0.045796486269400555	0.0	0.0	0.0	0.06049968051364412	0.0	0.03243118572264393	0.0	0.0	0.0	0.0	0.0	0.0	0.045396025125131474	0.0	0.0	0.1627286860708088	0.0	0.0	0.0988738575380763	0.0	0.0	0.0	0.0	0.0	0.0	0.0	0.0	0.0	0.0	0.0	0.0	0.17251762707280316	0.08008211760938702	0.038674485590875364	0.0	0.0	0.0	0.0	0.0	0.0	0.0	0.0	0.0	0.0	0.0	0.0
Syn.Breast-AdenoCA::S.179	0.04019330921550924	0.0663348305416144	0.0	0.0	0.0	0.0	0.0	0.0	0.0	0.08066521242085835	0.0	0.0	0.0	0.0	0.0	0.0	0.0	0.0	0.0	0.0	0.0	0.0	0.0	0.0	0.0	0.0	0.0	0.0	0.0	0.0	0.0	0.0	0.5823504320785212	0.0	0.0	0.0	0.0	0.0	0.0	0.0	0.11333969138528698	0.0	0.0	0.0	0.0	0.0433109865859446	0.07380553777226516	0.0	0.0	0.0	0.0	0.0	0.0	0.0	0.0	0.0	0.0	0.0	0.0	0.0
Syn.Breast-AdenoCA::S.180	0.049774137073566024	0.1690498439252595	0.08981592354483124	0.0	0.0	0.0	0.0	0.0	0.0	0.09196349928835235	0.0	0.0	0.0	0.23735804773875133	0.0	0.0	0.0	0.0	0.0	0.0	0.0	0.0	0.0	0.0	0.0	0.0	0.1431612806170597	0.0	0.0	0.09247312132096426	0.0	0.0	0.12640414649121579	0.0	0.0	0.0	0.0	0.0	0.0	0.0	0.0	0.0	0.0	0.0	0.0	0.0	0.0	0.0	0.0	0.0	0.0	0.0	0.0	0.0	0.0	0.0	0.0	0.0	0.0	0.0
Syn.Breast-AdenoCA::S.181	0.0689105301590736	0.11385713515862747	0.0	0.0	0.0	0.0	0.0	0.0	0.0	0.5912416591110717	0.0	0.0	0.0	0.0	0.0	0.0	0.0	0.0	0.0	0.0	0.0	0.0	0.0	0.0	0.0	0.0	0.12006256845572494	0.0	0.0	0.0	0.0	0.0	0.0	0.0	0.0	0.0	0.0	0.0	0.0	0.0	0.0	0.0	0.0	0.0	0.0	0.0	0.10592810711550228	0.0	0.0	0.0	0.0	0.0	0.0	0.0	0.0	0.0	0.0	0.0	0.0	0.0
Syn.Breast-AdenoCA::S.182	0.05188323100871794	0.0	0.3480344098339181	0.0	0.0	0.0	0.0	0.0	0.0	0.0	0.0	0.0	0.0	0.11181289034164472	0.16601776088990994	0.0	0.0	0.0	0.0	0.0	0.0	0.0	0.0	0.0	0.0	0.0	0.0	0.0	0.0	0.05442076588319459	0.0	0.0	0.2678309420426148	0.0	0.0	0.0	0.0	0.0	0.0	0.0	0.0	0.0	0.0	0.0	0.0	0.0	0.0	0.0	0.0	0.0	0.0	0.0	0.0	0.0	0.0	0.0	0.0	0.0	0.0	0.0
Syn.Breast-AdenoCA::S.183	0.2575389580481353	0.0	0.0	0.0	0.0	0.0	0.0	0.0	0.0	0.17914811242971587	0.0	0.0	0.0	0.1773302870804948	0.24155127100212798	0.0	0.0	0.0	0.0	0.0	0.0	0.0	0.0	0.0	0.0	0.0	0.14443137143952597	0.0	0.0	0.0	0.0	0.0	0.0	0.0	0.0	0.0	0.0	0.0	0.0	0.0	0.0	0.0	0.0	0.0	0.0	0.0	0.0	0.0	0.0	0.0	0.0	0.0	0.0	0.0	0.0	0.0	0.0	0.0	0.0	0.0
Syn.Breast-AdenoCA::S.184	0.13000609611434977	0.027365373904137888	0.0	0.0	0.0	0.0	0.0	0.0	0.0	0.0	0.0	0.0	0.0	0.11126479348890791	0.0	0.0	0.0	0.0	0.0	0.0	0.06059804532594693	0.0	0.0	0.0	0.0	0.0332800830737046	0.08500807391235506	0.0	0.0	0.05412381588880856	0.0	0.0	0.446116042948079	0.0	0.0	0.0	0.0	0.0	0.0	0.0	0.0	0.0	0.0	0.0	0.0	0.0	0.05223767534371017	0.0	0.0	0.0	0.0	0.0	0.0	0.0	0.0	0.0	0.0	0.0	0.0	0.0
Syn.Breast-AdenoCA::S.185	0.07844760876807928	0.0	0.13022815870949472	0.0	0.0	0.0	0.0	0.0	0.0	0.10657630114675684	0.0	0.0	0.0	0.0	0.0	0.0	0.0	0.0	0.0	0.0	0.0	0.0	0.0	0.0	0.0	0.0	0.14900607409063352	0.0	0.0	0.10327290066698262	0.0	0.0	0.0	0.0	0.0	0.0	0.0	0.0	0.0	0.0	0.0	0.0	0.0	0.0	0.0	0.24154073123984326	0.19092822537820978	0.0	0.0	0.0	0.0	0.0	0.0	0.0	0.0	0.0	0.0	0.0	0.0	0.0
Syn.Breast-AdenoCA::S.186	0.06662784381708436	0.06987373094951642	0.0	0.0	0.0	0.0	0.0	0.0	0.0	0.09962744238364904	0.0	0.0	0.0	0.06174017470833231	0.0	0.0	0.0	0.0	0.0	0.0	0.0	0.0	0.0	0.0	0.0	0.05701198835664614	0.05503404732614163	0.0	0.0	0.048610476457128654	0.0	0.0	0.13348865611051827	0.0	0.0	0.0	0.0	0.0	0.0	0.0	0.0	0.0	0.0	0.0	0.0	0.34910258587371146	0.0588830540172716	0.0	0.0	0.0	0.0	0.0	0.0	0.0	0.0	0.0	0.0	0.0	0.0	0.0
Syn.Breast-AdenoCA::S.187	0.05318907295026331	0.02652369018312649	0.052777025213868164	0.0	0.0	0.0	0.0	0.0	0.0	0.5075276718773154	0.0	0.0	0.0	0.0	0.0	0.0	0.0	0.03868986393097434	0.0	0.0	0.0	0.0	0.0	0.0	0.0	0.0	0.0	0.0	0.0	0.03945653210126723	0.0	0.0	0.20656167547869586	0.0	0.0	0.0	0.0	0.0	0.0	0.0	0.03413361917357251	0.0	0.0	0.0	0.0	0.0	0.041140849090916726	0.0	0.0	0.0	0.0	0.0	0.0	0.0	0.0	0.0	0.0	0.0	0.0	0.0
Syn.Breast-AdenoCA::S.188	0.13085357713012175	0.04396849566466523	0.0	0.0	0.0	0.0	0.0	0.0	0.0	0.0	0.0	0.0	0.0	0.09059711313657051	0.0	0.0	0.0	0.05879780454413793	0.0	0.0	0.0	0.0	0.0	0.1542058220065516	0.0	0.0	0.0	0.0	0.0	0.06150231370568403	0.0	0.0	0.1568308468666786	0.0	0.0	0.0	0.0	0.0	0.0	0.0	0.0	0.0	0.0	0.0	0.0	0.11838081783444594	0.09702291601096995	0.08784029310017438	0.0	0.0	0.0	0.0	0.0	0.0	0.0	0.0	0.0	0.0	0.0	0.0
Syn.Breast-AdenoCA::S.189	0.09727359727894512	0.06748771652139812	0.0	0.0	0.0	0.0	0.0	0.0	0.0	0.19976856968296652	0.0	0.0	0.0	0.08042915084298027	0.04039464149487272	0.0	0.0	0.04831988908054952	0.0	0.0	0.0654695862466564	0.0	0.0	0.0	0.0	0.05324441115215191	0.0	0.0	0.0	0.0	0.0	0.0	0.2016273333675785	0.0	0.0	0.0	0.0	0.0	0.0	0.0	0.0624619041112579	0.0	0.0	0.0	0.0	0.0	0.0835232002206431	0.0	0.0	0.0	0.0	0.0	0.0	0.0	0.0	0.0	0.0	0.0	0.0	0.0
Syn.Breast-AdenoCA::S.190	0.1478556655803248	0.056897745263462855	0.12001902983498061	0.0	0.0	0.0	0.0	0.0	0.0	0.0	0.0	0.0	0.0	0.07172177518866092	0.0	0.0	0.0	0.0	0.0	0.11637658538442688	0.0	0.0	0.0	0.0	0.0	0.19842529592097724	0.08750648644753543	0.0	0.0	0.1110228205815095	0.0	0.0	0.0	0.0	0.0	0.0	0.0	0.0	0.0	0.0	0.0	0.0	0.0	0.0	0.0	0.09017459579812173	0.0	0.0	0.0	0.0	0.0	0.0	0.0	0.0	0.0	0.0	0.0	0.0	0.0	0.0
Syn.Breast-AdenoCA::S.191	0.15775264941092743	0.0	0.0	0.0	0.0	0.0	0.0	0.0	0.0	0.0	0.0	0.0	0.0	0.1957780837794918	0.19472819958907178	0.0	0.0	0.0	0.0	0.0	0.0	0.0	0.0	0.0	0.0	0.0	0.0	0.0	0.0	0.0	0.0	0.0	0.25184823237187903	0.0	0.0	0.0	0.0	0.0	0.0	0.0	0.0	0.0	0.0	0.0	0.0	0.0	0.19989283484863	0.0	0.0	0.0	0.0	0.0	0.0	0.0	0.0	0.0	0.0	0.0	0.0	0.0
Syn.Breast-AdenoCA::S.192	0.08984863814924662	0.26834062508904183	0.0	0.0	0.0	0.0	0.0	0.0	0.0	0.0	0.0	0.0	0.0	0.0	0.2673758623079789	0.0	0.0	0.0	0.0	0.0	0.0	0.0	0.0	0.0	0.0	0.0	0.0	0.0	0.0	0.19426562830341562	0.0	0.0	0.1801692461503172	0.0	0.0	0.0	0.0	0.0	0.0	0.0	0.0	0.0	0.0	0.0	0.0	0.0	0.0	0.0	0.0	0.0	0.0	0.0	0.0	0.0	0.0	0.0	0.0	0.0	0.0	0.0
Syn.Breast-AdenoCA::S.193	0.0	0.0	0.0	0.0	0.0	0.0	0.0	0.0	0.0	0.0	0.0	0.0	0.0	0.0	1.0	0.0	0.0	0.0	0.0	0.0	0.0	0.0	0.0	0.0	0.0	0.0	0.0	0.0	0.0	0.0	0.0	0.0	0.0	0.0	0.0	0.0	0.0	0.0	0.0	0.0	0.0	0.0	0.0	0.0	0.0	0.0	0.0	0.0	0.0	0.0	0.0	0.0	0.0	0.0	0.0	0.0	0.0	0.0	0.0	0.0
Syn.Breast-AdenoCA::S.194	0.0	0.08460736741483398	0.0	0.0	0.0	0.0	0.0	0.0	0.0	0.43598377637057123	0.0	0.0	0.0	0.0	0.0	0.0	0.0	0.0	0.0	0.0	0.0	0.0	0.0	0.0	0.0	0.0	0.07759520316056408	0.0	0.0	0.08029444747156836	0.0	0.0	0.1260762545195606	0.0	0.0	0.0	0.0	0.0	0.0	0.0	0.0	0.0	0.0	0.0	0.0	0.19544295106290174	0.0	0.0	0.0	0.0	0.0	0.0	0.0	0.0	0.0	0.0	0.0	0.0	0.0	0.0
Syn.Breast-AdenoCA::S.195	0.08065242332475978	0.0	0.0	0.0	0.0	0.0	0.0	0.0	0.0	0.0	0.0	0.0	0.0	0.1950363970003232	0.0	0.0	0.0	0.0	0.0	0.0	0.09486795271474853	0.0	0.0	0.0	0.0	0.0699129495346381	0.08150434807518166	0.0	0.0	0.0	0.0	0.0	0.10589068151285749	0.12477980329549626	0.0	0.0	0.0	0.0	0.0	0.0	0.0	0.0	0.0	0.0	0.0	0.247355444541995	0.0	0.0	0.0	0.0	0.0	0.0	0.0	0.0	0.0	0.0	0.0	0.0	0.0	0.0
Syn.Breast-AdenoCA::S.196	0.14009135980779236	0.12379286886517231	0.0	0.0	0.0	0.0	0.0	0.0	0.0	0.2735249372560355	0.0	0.0	0.0	0.0	0.0	0.0	0.0	0.08351635879050961	0.0	0.0	0.07139641503250085	0.0	0.0	0.0	0.0	0.0	0.0	0.0	0.0	0.0	0.0	0.0	0.20795449069510166	0.0	0.0	0.0	0.0	0.0	0.0	0.0	0.0	0.0	0.0	0.0	0.0	0.0	0.09972356955288768	0.0	0.0	0.0	0.0	0.0	0.0	0.0	0.0	0.0	0.0	0.0	0.0	0.0
Syn.Breast-AdenoCA::S.197	0.16478955832584352	0.11172554716045878	0.0	0.0	0.0	0.0	0.0	0.0	0.0	0.13623242006556574	0.0	0.0	0.0	0.0	0.0	0.0	0.0	0.1178805866969579	0.0	0.0	0.0	0.0	0.0	0.0	0.0	0.0	0.10754513998679206	0.0	0.0	0.0	0.0	0.0	0.230227046370387	0.0	0.0	0.0	0.0	0.0	0.0	0.0	0.13159970139399493	0.0	0.0	0.0	0.0	0.0	0.0	0.0	0.0	0.0	0.0	0.0	0.0	0.0	0.0	0.0	0.0	0.0	0.0	0.0
Syn.Breast-AdenoCA::S.198	0.13957383776628296	0.0	0.0	0.0	0.0	0.0	0.0	0.0	0.0	0.19342754471693666	0.0	0.0	0.0	0.0	0.0	0.0	0.0	0.0	0.0	0.0	0.0	0.0	0.0	0.0	0.0	0.0	0.24145642202213285	0.0	0.0	0.0	0.0	0.0	0.0	0.0	0.0	0.0	0.0	0.0	0.0	0.0	0.0	0.0	0.0	0.0	0.0	0.4255421954946475	0.0	0.0	0.0	0.0	0.0	0.0	0.0	0.0	0.0	0.0	0.0	0.0	0.0	0.0
