Samples	SBS1	SBS2	SBS3	SBS5	SBS8	SBS12	SBS13	SBS16	SBS17b	SBS18	SBS22	SBS28	SBS30	SBS36	SBS39	SBS40	SBS64	SBS69	SBS70	SBS71	SBS4	SBS6	SBS7a	SBS7b	SBS7c	SBS9	SBS10a	SBS11	SBS14	SBS15	SBS17a	SBS19	SBS21	SBS26	SBS33	SBS35	SBS37	SBS38	SBS60	SBS55	SBS44	SBS61	SBS62	SBS63	SBS65	SBS66	SBS67	SBS68	SBS72	SBS73	SBS74	SBS75	SBS76	SBS77	SBS78	SBS79	SBS80	SBS81	SBS82	SBS83
Syn.Breast-AdenoCA::S.1	0.009068735807462432	0.0	0.0	0.13674744944098727	0.0	0.0	0.0	0.0	0.0	0.0	0.0	0.0	0.0	0.0	0.8541838147515504	0.0	0.0	0.0	0.0	0.0	0.0	0.0	0.0	0.0	0.0	0.0	0.0	0.0	0.0	0.0	0.0	0.0	0.0	0.0	0.0	0.0	0.0	0.0	0.0	0.0	0.0	0.0	0.0	0.0	0.0	0.0	0.0	0.0	0.0	0.0	0.0	0.0	0.0	0.0	0.0	0.0	0.0	0.0	0.0	0.0
Syn.Breast-AdenoCA::S.2	0.03206553943776397	0.0	0.0	0.12214105499946791	0.0847823466336515	0.0	0.0	0.0	0.0	0.0	0.0	0.0	0.0	0.0	0.7610110589291166	0.0	0.0	0.0	0.0	0.0	0.0	0.0	0.0	0.0	0.0	0.0	0.0	0.0	0.0	0.0	0.0	0.0	0.0	0.0	0.0	0.0	0.0	0.0	0.0	0.0	0.0	0.0	0.0	0.0	0.0	0.0	0.0	0.0	0.0	0.0	0.0	0.0	0.0	0.0	0.0	0.0	0.0	0.0	0.0	0.0
Syn.Breast-AdenoCA::S.3	0.11490379873564863	0.0	0.0	0.15310610238901906	0.14574001084314703	0.31090616667116117	0.0	0.0	0.0	0.0	0.0	0.0	0.0	0.0	0.12285794171240388	0.0	0.0	0.15248597964862012	0.0	0.0	0.0	0.0	0.0	0.0	0.0	0.0	0.0	0.0	0.0	0.0	0.0	0.0	0.0	0.0	0.0	0.0	0.0	0.0	0.0	0.0	0.0	0.0	0.0	0.0	0.0	0.0	0.0	0.0	0.0	0.0	0.0	0.0	0.0	0.0	0.0	0.0	0.0	0.0	0.0	0.0
Syn.Breast-AdenoCA::S.4	0.07945686493383841	0.0	0.0	0.13974691165454814	0.0	0.0	0.0	0.0	0.0	0.0649422775291147	0.0	0.0	0.08341983127502833	0.0	0.23195117197830262	0.0	0.0	0.40048294262916784	0.0	0.0	0.0	0.0	0.0	0.0	0.0	0.0	0.0	0.0	0.0	0.0	0.0	0.0	0.0	0.0	0.0	0.0	0.0	0.0	0.0	0.0	0.0	0.0	0.0	0.0	0.0	0.0	0.0	0.0	0.0	0.0	0.0	0.0	0.0	0.0	0.0	0.0	0.0	0.0	0.0	0.0
Syn.Breast-AdenoCA::S.5	0.17042738746075153	0.0	0.0	0.17306262291908686	0.40189731224871633	0.11612661387103237	0.0	0.0	0.0	0.0	0.0	0.0	0.0	0.0	0.0	0.0	0.0	0.1384860635004129	0.0	0.0	0.0	0.0	0.0	0.0	0.0	0.0	0.0	0.0	0.0	0.0	0.0	0.0	0.0	0.0	0.0	0.0	0.0	0.0	0.0	0.0	0.0	0.0	0.0	0.0	0.0	0.0	0.0	0.0	0.0	0.0	0.0	0.0	0.0	0.0	0.0	0.0	0.0	0.0	0.0	0.0
Syn.Breast-AdenoCA::S.6	0.0816925890473757	0.09990850858431043	0.0	0.08961701286105225	0.0	0.039837066751879306	0.0	0.0	0.0	0.0	0.0	0.0	0.0	0.0	0.6889448227553824	0.0	0.0	0.0	0.0	0.0	0.0	0.0	0.0	0.0	0.0	0.0	0.0	0.0	0.0	0.0	0.0	0.0	0.0	0.0	0.0	0.0	0.0	0.0	0.0	0.0	0.0	0.0	0.0	0.0	0.0	0.0	0.0	0.0	0.0	0.0	0.0	0.0	0.0	0.0	0.0	0.0	0.0	0.0	0.0	0.0
Syn.Breast-AdenoCA::S.7	0.13726788251775315	0.0	0.0	0.11915808896034796	0.09767588394345668	0.27979424780598194	0.3661038967724601	0.0	0.0	0.0	0.0	0.0	0.0	0.0	0.0	0.0	0.0	0.0	0.0	0.0	0.0	0.0	0.0	0.0	0.0	0.0	0.0	0.0	0.0	0.0	0.0	0.0	0.0	0.0	0.0	0.0	0.0	0.0	0.0	0.0	0.0	0.0	0.0	0.0	0.0	0.0	0.0	0.0	0.0	0.0	0.0	0.0	0.0	0.0	0.0	0.0	0.0	0.0	0.0	0.0
Syn.Breast-AdenoCA::S.8	0.06796628299470911	0.0	0.0	0.11851458487561031	0.0	0.0956738883605402	0.4682026222939823	0.0	0.0	0.0	0.0	0.07941426683536915	0.059750626902428064	0.0	0.11047772773736099	0.0	0.0	0.0	0.0	0.0	0.0	0.0	0.0	0.0	0.0	0.0	0.0	0.0	0.0	0.0	0.0	0.0	0.0	0.0	0.0	0.0	0.0	0.0	0.0	0.0	0.0	0.0	0.0	0.0	0.0	0.0	0.0	0.0	0.0	0.0	0.0	0.0	0.0	0.0	0.0	0.0	0.0	0.0	0.0	0.0
Syn.Breast-AdenoCA::S.9	0.08371779464801993	0.0	0.0	0.12606901689388889	0.07087022715832103	0.0	0.05488119318755872	0.0	0.0	0.057743197984199565	0.0	0.0	0.0	0.0	0.3062392059539329	0.0	0.0	0.1833843150173759	0.1170950491567031	0.0	0.0	0.0	0.0	0.0	0.0	0.0	0.0	0.0	0.0	0.0	0.0	0.0	0.0	0.0	0.0	0.0	0.0	0.0	0.0	0.0	0.0	0.0	0.0	0.0	0.0	0.0	0.0	0.0	0.0	0.0	0.0	0.0	0.0	0.0	0.0	0.0	0.0	0.0	0.0	0.0
Syn.Breast-AdenoCA::S.10	0.08423122823788791	0.0	0.0	0.06920151384229528	0.455021846459597	0.0	0.09820583198968784	0.0	0.0	0.0	0.0	0.0	0.0	0.0	0.2933395794705319	0.0	0.0	0.0	0.0	0.0	0.0	0.0	0.0	0.0	0.0	0.0	0.0	0.0	0.0	0.0	0.0	0.0	0.0	0.0	0.0	0.0	0.0	0.0	0.0	0.0	0.0	0.0	0.0	0.0	0.0	0.0	0.0	0.0	0.0	0.0	0.0	0.0	0.0	0.0	0.0	0.0	0.0	0.0	0.0	0.0
Syn.Breast-AdenoCA::S.11	0.07430850290134657	0.0	0.13974117482638876	0.15801306956578198	0.0	0.10278566936305482	0.16325853567738835	0.0	0.0	0.0	0.0	0.0	0.05686145399772901	0.0	0.221805395709046	0.0	0.0	0.0	0.08322619795926453	0.0	0.0	0.0	0.0	0.0	0.0	0.0	0.0	0.0	0.0	0.0	0.0	0.0	0.0	0.0	0.0	0.0	0.0	0.0	0.0	0.0	0.0	0.0	0.0	0.0	0.0	0.0	0.0	0.0	0.0	0.0	0.0	0.0	0.0	0.0	0.0	0.0	0.0	0.0	0.0	0.0
Syn.Breast-AdenoCA::S.12	0.27458594258063607	0.0	0.0	0.1046267843603592	0.0	0.0	0.0	0.0	0.0	0.06319589156331229	0.0	0.0	0.058401415381897304	0.11054350802165973	0.24660017539456477	0.0	0.14204628269757066	0.0	0.0	0.0	0.0	0.0	0.0	0.0	0.0	0.0	0.0	0.0	0.0	0.0	0.0	0.0	0.0	0.0	0.0	0.0	0.0	0.0	0.0	0.0	0.0	0.0	0.0	0.0	0.0	0.0	0.0	0.0	0.0	0.0	0.0	0.0	0.0	0.0	0.0	0.0	0.0	0.0	0.0	0.0
Syn.Breast-AdenoCA::S.13	0.1599044760151677	0.0	0.0	0.12535613550922858	0.0	0.1726518144290202	0.0876629332980697	0.0	0.0	0.0	0.0	0.05567507564621892	0.06345015160497303	0.0	0.0	0.13842291256955716	0.11670827085418631	0.0	0.08016823007357843	0.0	0.0	0.0	0.0	0.0	0.0	0.0	0.0	0.0	0.0	0.0	0.0	0.0	0.0	0.0	0.0	0.0	0.0	0.0	0.0	0.0	0.0	0.0	0.0	0.0	0.0	0.0	0.0	0.0	0.0	0.0	0.0	0.0	0.0	0.0	0.0	0.0	0.0	0.0	0.0	0.0
Syn.Breast-AdenoCA::S.14	0.089434831741048	0.137001525762434	0.0	0.0959917449120482	0.12029632372400931	0.13604866194873463	0.0	0.0	0.0	0.0	0.0	0.0	0.11164927454727445	0.0	0.1773021190684003	0.0	0.0	0.0	0.1322755182960512	0.0	0.0	0.0	0.0	0.0	0.0	0.0	0.0	0.0	0.0	0.0	0.0	0.0	0.0	0.0	0.0	0.0	0.0	0.0	0.0	0.0	0.0	0.0	0.0	0.0	0.0	0.0	0.0	0.0	0.0	0.0	0.0	0.0	0.0	0.0	0.0	0.0	0.0	0.0	0.0	0.0
Syn.Breast-AdenoCA::S.15	0.06478758729927353	0.0	0.0	0.0693031678294414	0.2633772604189293	0.11249635793129531	0.0	0.0	0.0	0.0	0.19184053907588025	0.0	0.0582944150299967	0.1458897545577712	0.0	0.0	0.0	0.0940109178574124	0.0	0.0	0.0	0.0	0.0	0.0	0.0	0.0	0.0	0.0	0.0	0.0	0.0	0.0	0.0	0.0	0.0	0.0	0.0	0.0	0.0	0.0	0.0	0.0	0.0	0.0	0.0	0.0	0.0	0.0	0.0	0.0	0.0	0.0	0.0	0.0	0.0	0.0	0.0	0.0	0.0	0.0
Syn.Breast-AdenoCA::S.16	0.14514668966178118	0.14955601359693693	0.13243422427066695	0.19209012658330352	0.058326666624717916	0.04011509882571268	0.0	0.06900413134248974	0.0	0.0	0.15396804230911945	0.0	0.0	0.0	0.0	0.0	0.0	0.0	0.05935900678527169	0.0	0.0	0.0	0.0	0.0	0.0	0.0	0.0	0.0	0.0	0.0	0.0	0.0	0.0	0.0	0.0	0.0	0.0	0.0	0.0	0.0	0.0	0.0	0.0	0.0	0.0	0.0	0.0	0.0	0.0	0.0	0.0	0.0	0.0	0.0	0.0	0.0	0.0	0.0	0.0	0.0
Syn.Breast-AdenoCA::S.17	0.03307225514873613	0.0	0.0	0.05429084351113333	0.0	0.1331449040223505	0.03246718296459668	0.0	0.08518693466343155	0.097467957072167	0.0	0.0	0.0	0.10122450531390705	0.2937315973061571	0.0	0.0	0.16941381999752073	0.0	0.0	0.0	0.0	0.0	0.0	0.0	0.0	0.0	0.0	0.0	0.0	0.0	0.0	0.0	0.0	0.0	0.0	0.0	0.0	0.0	0.0	0.0	0.0	0.0	0.0	0.0	0.0	0.0	0.0	0.0	0.0	0.0	0.0	0.0	0.0	0.0	0.0	0.0	0.0	0.0	0.0
Syn.Breast-AdenoCA::S.18	0.01617799452275249	0.0	0.0	0.13119768230283227	0.0	0.0	0.8526243231744152	0.0	0.0	0.0	0.0	0.0	0.0	0.0	0.0	0.0	0.0	0.0	0.0	0.0	0.0	0.0	0.0	0.0	0.0	0.0	0.0	0.0	0.0	0.0	0.0	0.0	0.0	0.0	0.0	0.0	0.0	0.0	0.0	0.0	0.0	0.0	0.0	0.0	0.0	0.0	0.0	0.0	0.0	0.0	0.0	0.0	0.0	0.0	0.0	0.0	0.0	0.0	0.0	0.0
Syn.Breast-AdenoCA::S.19	0.034003042091841594	0.14168724108046643	0.0	0.06805270483054768	0.0	0.07586640619565227	0.0	0.0	0.0	0.0	0.0	0.0	0.0	0.41979325026445885	0.2605973555370332	0.0	0.0	0.0	0.0	0.0	0.0	0.0	0.0	0.0	0.0	0.0	0.0	0.0	0.0	0.0	0.0	0.0	0.0	0.0	0.0	0.0	0.0	0.0	0.0	0.0	0.0	0.0	0.0	0.0	0.0	0.0	0.0	0.0	0.0	0.0	0.0	0.0	0.0	0.0	0.0	0.0	0.0	0.0	0.0	0.0
Syn.Breast-AdenoCA::S.20	0.12348671925423682	0.0	0.0	0.22743022961586973	0.0	0.0	0.0	0.0	0.0	0.0	0.0	0.08586288091690952	0.09046232214194173	0.0	0.4727578480710422	0.0	0.0	0.0	0.0	0.0	0.0	0.0	0.0	0.0	0.0	0.0	0.0	0.0	0.0	0.0	0.0	0.0	0.0	0.0	0.0	0.0	0.0	0.0	0.0	0.0	0.0	0.0	0.0	0.0	0.0	0.0	0.0	0.0	0.0	0.0	0.0	0.0	0.0	0.0	0.0	0.0	0.0	0.0	0.0	0.0
Syn.Breast-AdenoCA::S.21	0.035535738238237136	0.0	0.0	0.13550743521567837	0.18145982121874593	0.0	0.1090672819232088	0.0	0.0	0.0	0.0	0.0	0.04609479960507013	0.0	0.4046622566253169	0.0	0.0	0.0	0.08767266717374275	0.0	0.0	0.0	0.0	0.0	0.0	0.0	0.0	0.0	0.0	0.0	0.0	0.0	0.0	0.0	0.0	0.0	0.0	0.0	0.0	0.0	0.0	0.0	0.0	0.0	0.0	0.0	0.0	0.0	0.0	0.0	0.0	0.0	0.0	0.0	0.0	0.0	0.0	0.0	0.0	0.0
Syn.Breast-AdenoCA::S.22	0.1198279700257344	0.0	0.0	0.15170347869144782	0.123589301386703	0.0	0.07605656851781804	0.0	0.0	0.0	0.09570386055207644	0.0	0.11830448186266349	0.12739470687800633	0.18741963208555046	0.0	0.0	0.0	0.0	0.0	0.0	0.0	0.0	0.0	0.0	0.0	0.0	0.0	0.0	0.0	0.0	0.0	0.0	0.0	0.0	0.0	0.0	0.0	0.0	0.0	0.0	0.0	0.0	0.0	0.0	0.0	0.0	0.0	0.0	0.0	0.0	0.0	0.0	0.0	0.0	0.0	0.0	0.0	0.0	0.0
Syn.Breast-AdenoCA::S.23	0.03316205072185705	0.0	0.0	0.10043161069983328	0.0	0.05214933603576194	0.15708694252027872	0.0	0.0	0.0	0.06353930603580236	0.0	0.0	0.0	0.5936307539864667	0.0	0.0	0.0	0.0	0.0	0.0	0.0	0.0	0.0	0.0	0.0	0.0	0.0	0.0	0.0	0.0	0.0	0.0	0.0	0.0	0.0	0.0	0.0	0.0	0.0	0.0	0.0	0.0	0.0	0.0	0.0	0.0	0.0	0.0	0.0	0.0	0.0	0.0	0.0	0.0	0.0	0.0	0.0	0.0	0.0
Syn.Breast-AdenoCA::S.24	0.08902485167826979	0.0	0.0	0.06664833909935654	0.1546930578918977	0.0	0.27831196705240624	0.06061862152491849	0.0	0.0	0.0	0.12416575183676247	0.06421389002154235	0.0	0.0	0.0	0.0	0.0	0.16232352089484645	0.0	0.0	0.0	0.0	0.0	0.0	0.0	0.0	0.0	0.0	0.0	0.0	0.0	0.0	0.0	0.0	0.0	0.0	0.0	0.0	0.0	0.0	0.0	0.0	0.0	0.0	0.0	0.0	0.0	0.0	0.0	0.0	0.0	0.0	0.0	0.0	0.0	0.0	0.0	0.0	0.0
Syn.Breast-AdenoCA::S.25	0.2004890672007264	0.0	0.11884287186393858	0.09481404538819112	0.0	0.0	0.0	0.0	0.0	0.0	0.0	0.0	0.14029706309162934	0.0	0.0	0.0	0.19698662484789964	0.09740855187536127	0.15116177573225373	0.0	0.0	0.0	0.0	0.0	0.0	0.0	0.0	0.0	0.0	0.0	0.0	0.0	0.0	0.0	0.0	0.0	0.0	0.0	0.0	0.0	0.0	0.0	0.0	0.0	0.0	0.0	0.0	0.0	0.0	0.0	0.0	0.0	0.0	0.0	0.0	0.0	0.0	0.0	0.0	0.0
Syn.Breast-AdenoCA::S.26	0.10046163567496413	0.0	0.0	0.11944504451164906	0.19827960073070613	0.04831662458552724	0.0	0.12499495639929699	0.0	0.0	0.0	0.0	0.1081410002410981	0.0	0.05290622509827406	0.0	0.0	0.15341957121932703	0.09403534153915732	0.0	0.0	0.0	0.0	0.0	0.0	0.0	0.0	0.0	0.0	0.0	0.0	0.0	0.0	0.0	0.0	0.0	0.0	0.0	0.0	0.0	0.0	0.0	0.0	0.0	0.0	0.0	0.0	0.0	0.0	0.0	0.0	0.0	0.0	0.0	0.0	0.0	0.0	0.0	0.0	0.0
Syn.Breast-AdenoCA::S.27	0.030335903894885913	0.0	0.23682217243151302	0.04696258802208954	0.1346583330586104	0.10115018180120527	0.0728357974249991	0.0	0.0	0.0	0.0	0.0	0.0	0.20811501363030505	0.16912000973639157	0.0	0.0	0.0	0.0	0.0	0.0	0.0	0.0	0.0	0.0	0.0	0.0	0.0	0.0	0.0	0.0	0.0	0.0	0.0	0.0	0.0	0.0	0.0	0.0	0.0	0.0	0.0	0.0	0.0	0.0	0.0	0.0	0.0	0.0	0.0	0.0	0.0	0.0	0.0	0.0	0.0	0.0	0.0	0.0	0.0
Syn.Breast-AdenoCA::S.28	0.08486960427619894	0.06756571250805705	0.07675046663023213	0.1715659181044928	0.0	0.0	0.0	0.13270790176901284	0.05620840112379692	0.0	0.07404949171442413	0.07357252905820394	0.08916556963703368	0.0	0.07179797709626463	0.0	0.0	0.0	0.10174642808228294	0.0	0.0	0.0	0.0	0.0	0.0	0.0	0.0	0.0	0.0	0.0	0.0	0.0	0.0	0.0	0.0	0.0	0.0	0.0	0.0	0.0	0.0	0.0	0.0	0.0	0.0	0.0	0.0	0.0	0.0	0.0	0.0	0.0	0.0	0.0	0.0	0.0	0.0	0.0	0.0	0.0
Syn.Breast-AdenoCA::S.29	0.051393877422409584	0.0	0.0	0.15714339572276514	0.17255960483736082	0.0	0.0	0.0	0.0	0.0	0.0	0.0	0.0	0.0	0.5216921293834085	0.0	0.0	0.0	0.09721099263405598	0.0	0.0	0.0	0.0	0.0	0.0	0.0	0.0	0.0	0.0	0.0	0.0	0.0	0.0	0.0	0.0	0.0	0.0	0.0	0.0	0.0	0.0	0.0	0.0	0.0	0.0	0.0	0.0	0.0	0.0	0.0	0.0	0.0	0.0	0.0	0.0	0.0	0.0	0.0	0.0	0.0
Syn.Breast-AdenoCA::S.30	0.18749307198994813	0.0	0.0	0.20233793712208178	0.17426844042543385	0.0	0.0	0.0	0.0	0.0370812751998402	0.0	0.0	0.11278445199215056	0.0	0.13186035248223638	0.0	0.0	0.0	0.1541744707883091	0.0	0.0	0.0	0.0	0.0	0.0	0.0	0.0	0.0	0.0	0.0	0.0	0.0	0.0	0.0	0.0	0.0	0.0	0.0	0.0	0.0	0.0	0.0	0.0	0.0	0.0	0.0	0.0	0.0	0.0	0.0	0.0	0.0	0.0	0.0	0.0	0.0	0.0	0.0	0.0	0.0
Syn.Breast-AdenoCA::S.31	0.3657535344672907	0.0	0.0	0.19105800724419447	0.09410513209878459	0.059532713478363135	0.0	0.0	0.0	0.0	0.0	0.0	0.0	0.1782286363476014	0.11132197636376569	0.0	0.0	0.0	0.0	0.0	0.0	0.0	0.0	0.0	0.0	0.0	0.0	0.0	0.0	0.0	0.0	0.0	0.0	0.0	0.0	0.0	0.0	0.0	0.0	0.0	0.0	0.0	0.0	0.0	0.0	0.0	0.0	0.0	0.0	0.0	0.0	0.0	0.0	0.0	0.0	0.0	0.0	0.0	0.0	0.0
Syn.Breast-AdenoCA::S.32	0.0728193163556121	0.0	0.0	0.14223414192799866	0.0	0.0	0.18179048926241181	0.0	0.07781735731477495	0.0	0.0	0.0	0.07449932116205164	0.2654601481677341	0.18537922580941668	0.0	0.0	0.0	0.0	0.0	0.0	0.0	0.0	0.0	0.0	0.0	0.0	0.0	0.0	0.0	0.0	0.0	0.0	0.0	0.0	0.0	0.0	0.0	0.0	0.0	0.0	0.0	0.0	0.0	0.0	0.0	0.0	0.0	0.0	0.0	0.0	0.0	0.0	0.0	0.0	0.0	0.0	0.0	0.0	0.0
Syn.Breast-AdenoCA::S.33	0.16628727230707188	0.0	0.0	0.09711737619512625	0.0	0.2694699153608595	0.07292207075172494	0.0396343550435045	0.0	0.0	0.0	0.0	0.0	0.07230154506733788	0.13522252749598465	0.0	0.0	0.0	0.14704493777839042	0.0	0.0	0.0	0.0	0.0	0.0	0.0	0.0	0.0	0.0	0.0	0.0	0.0	0.0	0.0	0.0	0.0	0.0	0.0	0.0	0.0	0.0	0.0	0.0	0.0	0.0	0.0	0.0	0.0	0.0	0.0	0.0	0.0	0.0	0.0	0.0	0.0	0.0	0.0	0.0	0.0
Syn.Breast-AdenoCA::S.34	0.024060931937760918	0.0	0.0	0.21866537161229696	0.0	0.0	0.0	0.0	0.0	0.0	0.0	0.0	0.0	0.0	0.7572736964499421	0.0	0.0	0.0	0.0	0.0	0.0	0.0	0.0	0.0	0.0	0.0	0.0	0.0	0.0	0.0	0.0	0.0	0.0	0.0	0.0	0.0	0.0	0.0	0.0	0.0	0.0	0.0	0.0	0.0	0.0	0.0	0.0	0.0	0.0	0.0	0.0	0.0	0.0	0.0	0.0	0.0	0.0	0.0	0.0	0.0
Syn.Breast-AdenoCA::S.35	0.027372915206691915	0.0	0.0	0.10116825589678988	0.0	0.0	0.6087219574906009	0.0	0.0	0.0	0.0	0.0	0.0	0.0	0.26273687140591745	0.0	0.0	0.0	0.0	0.0	0.0	0.0	0.0	0.0	0.0	0.0	0.0	0.0	0.0	0.0	0.0	0.0	0.0	0.0	0.0	0.0	0.0	0.0	0.0	0.0	0.0	0.0	0.0	0.0	0.0	0.0	0.0	0.0	0.0	0.0	0.0	0.0	0.0	0.0	0.0	0.0	0.0	0.0	0.0	0.0
Syn.Breast-AdenoCA::S.36	0.12772500426438055	0.0	0.0	0.09706078765345542	0.0	0.19244754824946156	0.0	0.044198137341388444	0.0	0.0	0.0	0.0	0.10953880242964534	0.15209778100803834	0.18345883042958058	0.0	0.0	0.09347310862404984	0.0	0.0	0.0	0.0	0.0	0.0	0.0	0.0	0.0	0.0	0.0	0.0	0.0	0.0	0.0	0.0	0.0	0.0	0.0	0.0	0.0	0.0	0.0	0.0	0.0	0.0	0.0	0.0	0.0	0.0	0.0	0.0	0.0	0.0	0.0	0.0	0.0	0.0	0.0	0.0	0.0	0.0
Syn.Breast-AdenoCA::S.37	0.06385037595797817	0.0	0.0	0.15058705660787047	0.3761668163682797	0.0	0.30633911721056784	0.0	0.0	0.0	0.0	0.0	0.0	0.0	0.0	0.0	0.0	0.10305663385530388	0.0	0.0	0.0	0.0	0.0	0.0	0.0	0.0	0.0	0.0	0.0	0.0	0.0	0.0	0.0	0.0	0.0	0.0	0.0	0.0	0.0	0.0	0.0	0.0	0.0	0.0	0.0	0.0	0.0	0.0	0.0	0.0	0.0	0.0	0.0	0.0	0.0	0.0	0.0	0.0	0.0	0.0
Syn.Breast-AdenoCA::S.38	0.1068310139001809	0.0	0.0	0.08935815209072315	0.0	0.09262610444821033	0.0	0.0	0.0	0.0	0.0	0.0	0.05432580507076956	0.05287756999623211	0.3412546558167366	0.0	0.0	0.09343095948901765	0.16929573918812976	0.0	0.0	0.0	0.0	0.0	0.0	0.0	0.0	0.0	0.0	0.0	0.0	0.0	0.0	0.0	0.0	0.0	0.0	0.0	0.0	0.0	0.0	0.0	0.0	0.0	0.0	0.0	0.0	0.0	0.0	0.0	0.0	0.0	0.0	0.0	0.0	0.0	0.0	0.0	0.0	0.0
Syn.Breast-AdenoCA::S.39	0.07337443059375758	0.22206429949584905	0.0	0.1403357871768255	0.0	0.22007789168684386	0.0	0.0	0.0	0.0	0.0	0.07307430473185335	0.06245398046523795	0.0	0.0	0.0	0.0	0.12783533515987544	0.08078397068975732	0.0	0.0	0.0	0.0	0.0	0.0	0.0	0.0	0.0	0.0	0.0	0.0	0.0	0.0	0.0	0.0	0.0	0.0	0.0	0.0	0.0	0.0	0.0	0.0	0.0	0.0	0.0	0.0	0.0	0.0	0.0	0.0	0.0	0.0	0.0	0.0	0.0	0.0	0.0	0.0	0.0
Syn.Breast-AdenoCA::S.40	0.05030925498904011	0.0	0.0	0.09244413857379759	0.0	0.05609217294022198	0.0	0.0	0.0	0.054151727896043673	0.10411172564010006	0.0	0.0986270451560345	0.0	0.5442639348047622	0.0	0.0	0.0	0.0	0.0	0.0	0.0	0.0	0.0	0.0	0.0	0.0	0.0	0.0	0.0	0.0	0.0	0.0	0.0	0.0	0.0	0.0	0.0	0.0	0.0	0.0	0.0	0.0	0.0	0.0	0.0	0.0	0.0	0.0	0.0	0.0	0.0	0.0	0.0	0.0	0.0	0.0	0.0	0.0	0.0
Syn.Breast-AdenoCA::S.41	0.11415222241108064	0.21473431310658558	0.0	0.1639359365936294	0.1812535382222978	0.0	0.11691647171557648	0.0	0.0	0.0	0.0	0.0	0.05194647033810321	0.0	0.1570610476127268	0.0	0.0	0.0	0.0	0.0	0.0	0.0	0.0	0.0	0.0	0.0	0.0	0.0	0.0	0.0	0.0	0.0	0.0	0.0	0.0	0.0	0.0	0.0	0.0	0.0	0.0	0.0	0.0	0.0	0.0	0.0	0.0	0.0	0.0	0.0	0.0	0.0	0.0	0.0	0.0	0.0	0.0	0.0	0.0	0.0
Syn.Breast-AdenoCA::S.42	0.0930951115986914	0.13934083647394524	0.17682245722219433	0.11136522540837737	0.0	0.0	0.11181460948689714	0.0	0.0	0.0	0.13492886964566303	0.0	0.03913810212315803	0.0	0.06251914394740707	0.0	0.0	0.13097564409366638	0.0	0.0	0.0	0.0	0.0	0.0	0.0	0.0	0.0	0.0	0.0	0.0	0.0	0.0	0.0	0.0	0.0	0.0	0.0	0.0	0.0	0.0	0.0	0.0	0.0	0.0	0.0	0.0	0.0	0.0	0.0	0.0	0.0	0.0	0.0	0.0	0.0	0.0	0.0	0.0	0.0	0.0
Syn.Breast-AdenoCA::S.43	0.0381694346061694	0.0	0.0	0.07724887545265899	0.0	0.0	0.2483058794433872	0.0	0.0	0.0	0.10176901671359541	0.0	0.0	0.1751827052203335	0.3593240885638556	0.0	0.0	0.0	0.0	0.0	0.0	0.0	0.0	0.0	0.0	0.0	0.0	0.0	0.0	0.0	0.0	0.0	0.0	0.0	0.0	0.0	0.0	0.0	0.0	0.0	0.0	0.0	0.0	0.0	0.0	0.0	0.0	0.0	0.0	0.0	0.0	0.0	0.0	0.0	0.0	0.0	0.0	0.0	0.0	0.0
Syn.Breast-AdenoCA::S.44	0.03932024698450383	0.0	0.0	0.037572470405954204	0.36124399365594995	0.07467831444987212	0.0	0.0	0.0	0.0	0.0	0.0	0.07245700886612672	0.1521687338737918	0.2625592317638014	0.0	0.0	0.0	0.0	0.0	0.0	0.0	0.0	0.0	0.0	0.0	0.0	0.0	0.0	0.0	0.0	0.0	0.0	0.0	0.0	0.0	0.0	0.0	0.0	0.0	0.0	0.0	0.0	0.0	0.0	0.0	0.0	0.0	0.0	0.0	0.0	0.0	0.0	0.0	0.0	0.0	0.0	0.0	0.0	0.0
Syn.Breast-AdenoCA::S.45	0.1953620079071883	0.07913076328373438	0.0	0.09171704447684474	0.06921095591582922	0.07929038166515301	0.0	0.0	0.0	0.08893322469070877	0.0	0.05609980169510262	0.03451554401503171	0.0	0.20101116947951675	0.0	0.10472910687089038	0.0	0.0	0.0	0.0	0.0	0.0	0.0	0.0	0.0	0.0	0.0	0.0	0.0	0.0	0.0	0.0	0.0	0.0	0.0	0.0	0.0	0.0	0.0	0.0	0.0	0.0	0.0	0.0	0.0	0.0	0.0	0.0	0.0	0.0	0.0	0.0	0.0	0.0	0.0	0.0	0.0	0.0	0.0
Syn.Breast-AdenoCA::S.46	0.08928310801188837	0.0	0.0	0.08546462215194446	0.13768350183399747	0.12799214606300777	0.0	0.0	0.0	0.0	0.0	0.0	0.0	0.1328806410689875	0.07248478514581155	0.08176496190784226	0.0	0.27244623381652056	0.0	0.0	0.0	0.0	0.0	0.0	0.0	0.0	0.0	0.0	0.0	0.0	0.0	0.0	0.0	0.0	0.0	0.0	0.0	0.0	0.0	0.0	0.0	0.0	0.0	0.0	0.0	0.0	0.0	0.0	0.0	0.0	0.0	0.0	0.0	0.0	0.0	0.0	0.0	0.0	0.0	0.0
Syn.Breast-AdenoCA::S.47	0.029541292760408833	0.0	0.15346512166775153	0.11631447417246307	0.0	0.0	0.09381897152965735	0.0	0.0	0.07822870287829456	0.0	0.0	0.07005237517622266	0.0	0.13821525528263948	0.0	0.0	0.32036380653256263	0.0	0.0	0.0	0.0	0.0	0.0	0.0	0.0	0.0	0.0	0.0	0.0	0.0	0.0	0.0	0.0	0.0	0.0	0.0	0.0	0.0	0.0	0.0	0.0	0.0	0.0	0.0	0.0	0.0	0.0	0.0	0.0	0.0	0.0	0.0	0.0	0.0	0.0	0.0	0.0	0.0	0.0
Syn.Breast-AdenoCA::S.48	0.08713420400950518	0.0662503127119433	0.14813211691682318	0.07037239390900485	0.0	0.11790337280719443	0.07368431445155027	0.04252459909083273	0.0	0.0757193232846884	0.0	0.0	0.063195376160977	0.0	0.25508398665748055	0.0	0.0	0.0	0.0	0.0	0.0	0.0	0.0	0.0	0.0	0.0	0.0	0.0	0.0	0.0	0.0	0.0	0.0	0.0	0.0	0.0	0.0	0.0	0.0	0.0	0.0	0.0	0.0	0.0	0.0	0.0	0.0	0.0	0.0	0.0	0.0	0.0	0.0	0.0	0.0	0.0	0.0	0.0	0.0	0.0
Syn.Breast-AdenoCA::S.49	0.08015457933941658	0.1387745296043478	0.0	0.13962160534243137	0.0	0.09586819966570728	0.3947380135324231	0.0	0.0	0.0	0.0	0.0	0.0	0.0	0.15084307251567378	0.0	0.0	0.0	0.0	0.0	0.0	0.0	0.0	0.0	0.0	0.0	0.0	0.0	0.0	0.0	0.0	0.0	0.0	0.0	0.0	0.0	0.0	0.0	0.0	0.0	0.0	0.0	0.0	0.0	0.0	0.0	0.0	0.0	0.0	0.0	0.0	0.0	0.0	0.0	0.0	0.0	0.0	0.0	0.0	0.0
Syn.Breast-AdenoCA::S.50	0.06559377595938821	0.18080685393779386	0.0	0.21052860835444714	0.0	0.0	0.0	0.0	0.0	0.0	0.0	0.0	0.0	0.5430707617483708	0.0	0.0	0.0	0.0	0.0	0.0	0.0	0.0	0.0	0.0	0.0	0.0	0.0	0.0	0.0	0.0	0.0	0.0	0.0	0.0	0.0	0.0	0.0	0.0	0.0	0.0	0.0	0.0	0.0	0.0	0.0	0.0	0.0	0.0	0.0	0.0	0.0	0.0	0.0	0.0	0.0	0.0	0.0	0.0	0.0	0.0
Syn.Breast-AdenoCA::S.51	0.08965521398890317	0.10800499528497708	0.0	0.13371515479148696	0.12829137017303935	0.0	0.0	0.0	0.0	0.0	0.0	0.0	0.07449324757544785	0.1421451411479644	0.32369487703818123	0.0	0.0	0.0	0.0	0.0	0.0	0.0	0.0	0.0	0.0	0.0	0.0	0.0	0.0	0.0	0.0	0.0	0.0	0.0	0.0	0.0	0.0	0.0	0.0	0.0	0.0	0.0	0.0	0.0	0.0	0.0	0.0	0.0	0.0	0.0	0.0	0.0	0.0	0.0	0.0	0.0	0.0	0.0	0.0	0.0
Syn.Breast-AdenoCA::S.52	0.30883422320098963	0.0	0.0	0.16684676756496777	0.0	0.0	0.0	0.0	0.0	0.0	0.06401294780486062	0.0	0.0	0.0	0.17320450371994872	0.0	0.0	0.2871015577092332	0.0	0.0	0.0	0.0	0.0	0.0	0.0	0.0	0.0	0.0	0.0	0.0	0.0	0.0	0.0	0.0	0.0	0.0	0.0	0.0	0.0	0.0	0.0	0.0	0.0	0.0	0.0	0.0	0.0	0.0	0.0	0.0	0.0	0.0	0.0	0.0	0.0	0.0	0.0	0.0	0.0	0.0
Syn.Breast-AdenoCA::S.53	0.02018880273134349	0.0	0.0	0.0500926361487324	0.078337837079879	0.0	0.8513807240400451	0.0	0.0	0.0	0.0	0.0	0.0	0.0	0.0	0.0	0.0	0.0	0.0	0.0	0.0	0.0	0.0	0.0	0.0	0.0	0.0	0.0	0.0	0.0	0.0	0.0	0.0	0.0	0.0	0.0	0.0	0.0	0.0	0.0	0.0	0.0	0.0	0.0	0.0	0.0	0.0	0.0	0.0	0.0	0.0	0.0	0.0	0.0	0.0	0.0	0.0	0.0	0.0	0.0
Syn.Breast-AdenoCA::S.54	0.09201165299265845	0.0	0.0	8.485756439690486e-16	0.05638495125162358	0.15158145731943784	0.0	0.0	0.0	0.06294409149205982	0.0	0.0	0.0591374442165568	0.14639714937336934	0.13358041821982422	0.0	0.0	0.21955634591425177	0.07840648922021723	0.0	0.0	0.0	0.0	0.0	0.0	0.0	0.0	0.0	0.0	0.0	0.0	0.0	0.0	0.0	0.0	0.0	0.0	0.0	0.0	0.0	0.0	0.0	0.0	0.0	0.0	0.0	0.0	0.0	0.0	0.0	0.0	0.0	0.0	0.0	0.0	0.0	0.0	0.0	0.0	0.0
Syn.Breast-AdenoCA::S.55	0.1102533157677527	0.12071811758368915	0.0	0.12624288062283648	0.1861337970685797	0.0730111108964499	0.0	0.0	0.0	0.0	0.05537151883368694	0.0	0.0	0.0	0.32826925922700506	0.0	0.0	0.0	0.0	0.0	0.0	0.0	0.0	0.0	0.0	0.0	0.0	0.0	0.0	0.0	0.0	0.0	0.0	0.0	0.0	0.0	0.0	0.0	0.0	0.0	0.0	0.0	0.0	0.0	0.0	0.0	0.0	0.0	0.0	0.0	0.0	0.0	0.0	0.0	0.0	0.0	0.0	0.0	0.0	0.0
Syn.Breast-AdenoCA::S.56	0.1282460467103218	0.0	0.0	0.19105708767044602	0.0	0.1698700847644836	0.0	0.0	0.0	0.0	0.0	0.0	0.07701231090809263	0.04200232610009748	0.11695809373730158	0.0	0.0	0.0	0.050763520998895265	0.22409052911036167	0.0	0.0	0.0	0.0	0.0	0.0	0.0	0.0	0.0	0.0	0.0	0.0	0.0	0.0	0.0	0.0	0.0	0.0	0.0	0.0	0.0	0.0	0.0	0.0	0.0	0.0	0.0	0.0	0.0	0.0	0.0	0.0	0.0	0.0	0.0	0.0	0.0	0.0	0.0	0.0
Syn.Breast-AdenoCA::S.57	0.03333249765591471	0.0	0.2033442497624237	0.09233346534618497	0.07367285089075996	0.0	0.1654918249374963	0.0	0.0	0.0	0.0	0.0	0.0	0.0	0.43182511140722035	0.0	0.0	0.0	0.0	0.0	0.0	0.0	0.0	0.0	0.0	0.0	0.0	0.0	0.0	0.0	0.0	0.0	0.0	0.0	0.0	0.0	0.0	0.0	0.0	0.0	0.0	0.0	0.0	0.0	0.0	0.0	0.0	0.0	0.0	0.0	0.0	0.0	0.0	0.0	0.0	0.0	0.0	0.0	0.0	0.0
Syn.Breast-AdenoCA::S.58	0.1150413049485809	0.07360596467072018	0.0	0.039611781996948044	0.09817338299255744	0.1722954305282416	0.0	0.0	0.0	0.22641920821004388	0.0	0.0	0.0	0.0	0.0	0.0	0.0	0.12540647175407735	0.14944645489883054	0.0	0.0	0.0	0.0	0.0	0.0	0.0	0.0	0.0	0.0	0.0	0.0	0.0	0.0	0.0	0.0	0.0	0.0	0.0	0.0	0.0	0.0	0.0	0.0	0.0	0.0	0.0	0.0	0.0	0.0	0.0	0.0	0.0	0.0	0.0	0.0	0.0	0.0	0.0	0.0	0.0
Syn.Breast-AdenoCA::S.59	0.19138032668222824	0.0	0.0	0.09267445957288337	0.0	0.0	0.053565793822632435	0.0	0.0	0.06944692946206278	0.07657103354682494	0.0	0.0	0.05125914084725829	0.19194232551066975	0.0	0.0	0.1618720619209743	0.1112879286344658	0.0	0.0	0.0	0.0	0.0	0.0	0.0	0.0	0.0	0.0	0.0	0.0	0.0	0.0	0.0	0.0	0.0	0.0	0.0	0.0	0.0	0.0	0.0	0.0	0.0	0.0	0.0	0.0	0.0	0.0	0.0	0.0	0.0	0.0	0.0	0.0	0.0	0.0	0.0	0.0	0.0
Syn.Breast-AdenoCA::S.60	0.12492958319951529	0.0	0.0	0.22933236697754567	0.14462987146367876	0.1088618118016684	0.0	0.0	0.0	0.033561100245706875	0.0	0.0	0.0	0.19592754672496418	0.0	0.0	0.0	0.0	0.16275771958692073	0.0	0.0	0.0	0.0	0.0	0.0	0.0	0.0	0.0	0.0	0.0	0.0	0.0	0.0	0.0	0.0	0.0	0.0	0.0	0.0	0.0	0.0	0.0	0.0	0.0	0.0	0.0	0.0	0.0	0.0	0.0	0.0	0.0	0.0	0.0	0.0	0.0	0.0	0.0	0.0	0.0
Syn.Breast-AdenoCA::S.61	0.04239165374407888	0.05416576345390996	0.0	0.09630648271264665	0.3520295089358931	0.0	0.0	0.0	0.0	0.07337549307451333	0.0	0.0	0.0	0.0	0.22477106486202925	0.0	0.0	0.15696003321692892	0.0	0.0	0.0	0.0	0.0	0.0	0.0	0.0	0.0	0.0	0.0	0.0	0.0	0.0	0.0	0.0	0.0	0.0	0.0	0.0	0.0	0.0	0.0	0.0	0.0	0.0	0.0	0.0	0.0	0.0	0.0	0.0	0.0	0.0	0.0	0.0	0.0	0.0	0.0	0.0	0.0	0.0
Syn.Breast-AdenoCA::S.62	0.0556707394189661	0.0	0.0	0.04133699704095843	0.43033991212289996	0.0	0.06284088360198788	0.0	0.0	0.09985304822988969	0.0	0.1492858563202383	0.07133499691269236	0.0	0.0	0.0	0.0	0.0	0.08933756635236731	0.0	0.0	0.0	0.0	0.0	0.0	0.0	0.0	0.0	0.0	0.0	0.0	0.0	0.0	0.0	0.0	0.0	0.0	0.0	0.0	0.0	0.0	0.0	0.0	0.0	0.0	0.0	0.0	0.0	0.0	0.0	0.0	0.0	0.0	0.0	0.0	0.0	0.0	0.0	0.0	0.0
Syn.Breast-AdenoCA::S.63	0.08911854650318489	0.0	0.0	0.02194368952876405	0.0	0.08652406378543188	0.0	0.0	0.0	0.0679667708592972	0.0	0.0	0.04512347794302341	0.051600235315651596	0.21087273061890588	0.0	0.10817209956486637	0.19720908258471648	0.12146930329615829	0.0	0.0	0.0	0.0	0.0	0.0	0.0	0.0	0.0	0.0	0.0	0.0	0.0	0.0	0.0	0.0	0.0	0.0	0.0	0.0	0.0	0.0	0.0	0.0	0.0	0.0	0.0	0.0	0.0	0.0	0.0	0.0	0.0	0.0	0.0	0.0	0.0	0.0	0.0	0.0	0.0
Syn.Breast-AdenoCA::S.64	0.0801477525981415	0.0	0.0	0.09543283530588725	0.0	0.09660707823442674	0.1300045053318643	0.0	0.0	0.08625842519929407	0.0	0.0	0.07372286323938684	0.2823275043116046	0.0	0.0	0.15549903577939464	0.0	0.0	0.0	0.0	0.0	0.0	0.0	0.0	0.0	0.0	0.0	0.0	0.0	0.0	0.0	0.0	0.0	0.0	0.0	0.0	0.0	0.0	0.0	0.0	0.0	0.0	0.0	0.0	0.0	0.0	0.0	0.0	0.0	0.0	0.0	0.0	0.0	0.0	0.0	0.0	0.0	0.0	0.0
Syn.Breast-AdenoCA::S.65	0.02990899896318446	0.312348494464058	0.0	0.13495212549872684	0.0	0.0	0.0	0.0	0.0	0.0	0.0	0.0	0.0	0.0	0.41633703442547754	0.0	0.0	0.10645334664855313	0.0	0.0	0.0	0.0	0.0	0.0	0.0	0.0	0.0	0.0	0.0	0.0	0.0	0.0	0.0	0.0	0.0	0.0	0.0	0.0	0.0	0.0	0.0	0.0	0.0	0.0	0.0	0.0	0.0	0.0	0.0	0.0	0.0	0.0	0.0	0.0	0.0	0.0	0.0	0.0	0.0	0.0
Syn.Breast-AdenoCA::S.66	0.062405458806409304	0.0	0.0	0.20708612861277506	0.20581979150608967	0.17124747744026117	0.09712803343899033	0.0	0.0	0.0	0.04793955627329548	0.0	0.0	0.0	0.20837355392217885	0.0	0.0	0.0	0.0	0.0	0.0	0.0	0.0	0.0	0.0	0.0	0.0	0.0	0.0	0.0	0.0	0.0	0.0	0.0	0.0	0.0	0.0	0.0	0.0	0.0	0.0	0.0	0.0	0.0	0.0	0.0	0.0	0.0	0.0	0.0	0.0	0.0	0.0	0.0	0.0	0.0	0.0	0.0	0.0	0.0
Syn.Breast-AdenoCA::S.67	0.05042174374910223	0.08773425964271232	0.0	0.10378753386042162	0.09478517804600756	0.04529647763376079	0.0	0.0	0.0	0.0	0.0	0.0	0.0	0.0	0.6179748070679955	0.0	0.0	0.0	0.0	0.0	0.0	0.0	0.0	0.0	0.0	0.0	0.0	0.0	0.0	0.0	0.0	0.0	0.0	0.0	0.0	0.0	0.0	0.0	0.0	0.0	0.0	0.0	0.0	0.0	0.0	0.0	0.0	0.0	0.0	0.0	0.0	0.0	0.0	0.0	0.0	0.0	0.0	0.0	0.0	0.0
Syn.Breast-AdenoCA::S.68	0.0825848746802353	0.0	0.1642166608288036	0.13659565452139727	0.0	0.0	0.23222958265658994	0.0	0.0	0.0	0.0	0.07206258032950744	0.0	0.0	0.07431146100673355	0.0	0.0	0.15986710636741716	0.07813207960931566	0.0	0.0	0.0	0.0	0.0	0.0	0.0	0.0	0.0	0.0	0.0	0.0	0.0	0.0	0.0	0.0	0.0	0.0	0.0	0.0	0.0	0.0	0.0	0.0	0.0	0.0	0.0	0.0	0.0	0.0	0.0	0.0	0.0	0.0	0.0	0.0	0.0	0.0	0.0	0.0	0.0
Syn.Breast-AdenoCA::S.69	0.05767690006494511	0.0	0.3261193658192235	0.10397882951836113	0.3184403143528868	0.0	0.12353289391848493	0.0	0.0	0.07025169632609858	0.0	0.0	0.0	0.0	0.0	0.0	0.0	0.0	0.0	0.0	0.0	0.0	0.0	0.0	0.0	0.0	0.0	0.0	0.0	0.0	0.0	0.0	0.0	0.0	0.0	0.0	0.0	0.0	0.0	0.0	0.0	0.0	0.0	0.0	0.0	0.0	0.0	0.0	0.0	0.0	0.0	0.0	0.0	0.0	0.0	0.0	0.0	0.0	0.0	0.0
Syn.Breast-AdenoCA::S.70	0.15849040415430507	0.0	0.0	0.04229619809245635	0.12730476159712215	0.12346452358434878	0.0	0.0	0.0	0.0751145568165814	0.0	0.0	0.0	0.07665541940779218	0.18412307296247002	0.0	0.1387831326694558	0.0737679307154682	0.0	0.0	0.0	0.0	0.0	0.0	0.0	0.0	0.0	0.0	0.0	0.0	0.0	0.0	0.0	0.0	0.0	0.0	0.0	0.0	0.0	0.0	0.0	0.0	0.0	0.0	0.0	0.0	0.0	0.0	0.0	0.0	0.0	0.0	0.0	0.0	0.0	0.0	0.0	0.0	0.0	0.0
Syn.Breast-AdenoCA::S.71	0.07793132488257848	0.050790050013038004	0.0	0.08837194368375487	0.0	0.05577377921530254	0.0	0.0	0.0	0.0	0.0	0.0	0.0	0.11457296260156001	0.47964096338275675	0.0	0.0	0.13291897622100937	0.0	0.0	0.0	0.0	0.0	0.0	0.0	0.0	0.0	0.0	0.0	0.0	0.0	0.0	0.0	0.0	0.0	0.0	0.0	0.0	0.0	0.0	0.0	0.0	0.0	0.0	0.0	0.0	0.0	0.0	0.0	0.0	0.0	0.0	0.0	0.0	0.0	0.0	0.0	0.0	0.0	0.0
Syn.Breast-AdenoCA::S.72	0.07809181169586274	0.09139902601984635	0.0	0.09151876947096661	0.0	0.23738834809089612	0.025053677196268668	0.0	0.0	0.0	0.0	0.0	0.0	0.08179895870631662	0.24759382651399248	0.0	0.0	0.14715558230585038	0.0	0.0	0.0	0.0	0.0	0.0	0.0	0.0	0.0	0.0	0.0	0.0	0.0	0.0	0.0	0.0	0.0	0.0	0.0	0.0	0.0	0.0	0.0	0.0	0.0	0.0	0.0	0.0	0.0	0.0	0.0	0.0	0.0	0.0	0.0	0.0	0.0	0.0	0.0	0.0	0.0	0.0
Syn.Breast-AdenoCA::S.73	0.08140434627210749	0.0	0.13363563569309264	0.035993958999578156	0.1970913484919143	0.15621084530156149	0.0	0.04668532654849276	0.0	0.0	0.0	0.0	0.05644003900710721	0.12432059478123471	0.09819258071712333	0.0	0.0	0.07002532418778794	0.0	0.0	0.0	0.0	0.0	0.0	0.0	0.0	0.0	0.0	0.0	0.0	0.0	0.0	0.0	0.0	0.0	0.0	0.0	0.0	0.0	0.0	0.0	0.0	0.0	0.0	0.0	0.0	0.0	0.0	0.0	0.0	0.0	0.0	0.0	0.0	0.0	0.0	0.0	0.0	0.0	0.0
Syn.Breast-AdenoCA::S.74	0.06309515640511194	0.07785480200929991	0.0	0.09112121271986966	0.11123906184895983	0.0626084549839782	0.0	0.0	0.0	0.0	0.0	0.0	0.0	0.10070061665543063	0.4933806953773498	0.0	0.0	0.0	0.0	0.0	0.0	0.0	0.0	0.0	0.0	0.0	0.0	0.0	0.0	0.0	0.0	0.0	0.0	0.0	0.0	0.0	0.0	0.0	0.0	0.0	0.0	0.0	0.0	0.0	0.0	0.0	0.0	0.0	0.0	0.0	0.0	0.0	0.0	0.0	0.0	0.0	0.0	0.0	0.0	0.0
Syn.Breast-AdenoCA::S.75	0.12174248867714553	0.0	0.0	0.06196168365813787	0.0	0.06632077246932487	0.1892283996534541	0.0	0.0	0.0	0.0	0.0	0.0938213267768002	0.0	0.0	0.0	0.13429006574550162	0.1524916131294096	0.1801436498902261	0.0	0.0	0.0	0.0	0.0	0.0	0.0	0.0	0.0	0.0	0.0	0.0	0.0	0.0	0.0	0.0	0.0	0.0	0.0	0.0	0.0	0.0	0.0	0.0	0.0	0.0	0.0	0.0	0.0	0.0	0.0	0.0	0.0	0.0	0.0	0.0	0.0	0.0	0.0	0.0	0.0
Syn.Breast-AdenoCA::S.76	0.05609789084085478	0.10843840478890372	0.0	0.07182848447478753	0.0	0.08306033379335613	0.0	0.0	0.11502465038878659	0.10638060822044139	0.0	0.0	0.0	0.0	0.1819245554313392	0.0	0.0	0.18718549711728058	0.09005957494424996	0.0	0.0	0.0	0.0	0.0	0.0	0.0	0.0	0.0	0.0	0.0	0.0	0.0	0.0	0.0	0.0	0.0	0.0	0.0	0.0	0.0	0.0	0.0	0.0	0.0	0.0	0.0	0.0	0.0	0.0	0.0	0.0	0.0	0.0	0.0	0.0	0.0	0.0	0.0	0.0	0.0
Syn.Breast-AdenoCA::S.77	0.20733061402380845	0.09206579269873875	0.0	0.05765624916763634	0.0	0.0	0.2090577435287031	0.0	0.0	0.0	0.05536521793371291	0.0	0.0	0.0	0.2778886790837098	0.0	0.0	0.0	0.1006357035636906	0.0	0.0	0.0	0.0	0.0	0.0	0.0	0.0	0.0	0.0	0.0	0.0	0.0	0.0	0.0	0.0	0.0	0.0	0.0	0.0	0.0	0.0	0.0	0.0	0.0	0.0	0.0	0.0	0.0	0.0	0.0	0.0	0.0	0.0	0.0	0.0	0.0	0.0	0.0	0.0	0.0
Syn.Breast-AdenoCA::S.78	0.045309290505434675	0.17459080955384332	0.0	0.2085297202213365	0.0	0.07020918518834	0.07138787005042095	0.03972667942130589	0.0	0.0	0.0	0.0	0.047021268586914154	0.0	0.3432251764724046	0.0	0.0	0.0	0.0	0.0	0.0	0.0	0.0	0.0	0.0	0.0	0.0	0.0	0.0	0.0	0.0	0.0	0.0	0.0	0.0	0.0	0.0	0.0	0.0	0.0	0.0	0.0	0.0	0.0	0.0	0.0	0.0	0.0	0.0	0.0	0.0	0.0	0.0	0.0	0.0	0.0	0.0	0.0	0.0	0.0
Syn.Breast-AdenoCA::S.79	0.07028598792039735	0.1783097066798666	0.0	0.04556222228251473	0.0	0.07869106020621731	0.0	0.0	0.0	0.10345663091769902	0.0	0.0	0.14620249381347253	0.0	0.26511264284364566	0.0	0.0	0.0	0.11237925533618665	0.0	0.0	0.0	0.0	0.0	0.0	0.0	0.0	0.0	0.0	0.0	0.0	0.0	0.0	0.0	0.0	0.0	0.0	0.0	0.0	0.0	0.0	0.0	0.0	0.0	0.0	0.0	0.0	0.0	0.0	0.0	0.0	0.0	0.0	0.0	0.0	0.0	0.0	0.0	0.0	0.0
Syn.Breast-AdenoCA::S.80	0.10292801266364024	0.0	0.19054294949217132	0.18805606702566144	0.0	0.13646842012920352	0.0	0.0	0.0	0.0	0.0	0.0	0.0	0.0	0.3820045506893235	0.0	0.0	0.0	0.0	0.0	0.0	0.0	0.0	0.0	0.0	0.0	0.0	0.0	0.0	0.0	0.0	0.0	0.0	0.0	0.0	0.0	0.0	0.0	0.0	0.0	0.0	0.0	0.0	0.0	0.0	0.0	0.0	0.0	0.0	0.0	0.0	0.0	0.0	0.0	0.0	0.0	0.0	0.0	0.0	0.0
Syn.Breast-AdenoCA::S.81	0.10755281929243715	0.0	0.1480015869137033	0.13397984531521231	0.0	0.0	0.0	0.0	0.0	0.0	0.0	0.0	0.1278233352083183	0.31481896437220747	0.07582604091422829	0.0	0.0	0.0	0.09199740798389325	0.0	0.0	0.0	0.0	0.0	0.0	0.0	0.0	0.0	0.0	0.0	0.0	0.0	0.0	0.0	0.0	0.0	0.0	0.0	0.0	0.0	0.0	0.0	0.0	0.0	0.0	0.0	0.0	0.0	0.0	0.0	0.0	0.0	0.0	0.0	0.0	0.0	0.0	0.0	0.0	0.0
Syn.Breast-AdenoCA::S.82	0.06171338785161329	0.0	0.0	0.15245828487118349	0.18272816973905753	0.14086290633326867	0.21876159062447342	0.0	0.0	0.0	0.0	0.0	0.0	0.0	0.24347566058040368	0.0	0.0	0.0	0.0	0.0	0.0	0.0	0.0	0.0	0.0	0.0	0.0	0.0	0.0	0.0	0.0	0.0	0.0	0.0	0.0	0.0	0.0	0.0	0.0	0.0	0.0	0.0	0.0	0.0	0.0	0.0	0.0	0.0	0.0	0.0	0.0	0.0	0.0	0.0	0.0	0.0	0.0	0.0	0.0	0.0
Syn.Breast-AdenoCA::S.83	0.14137694965815964	0.09779193210990435	0.0	0.10360394272591436	0.12139469530103317	0.0	0.12113770090652269	0.0	0.0	0.07447913993289888	0.0	0.0	0.0	0.0	0.3402156393655669	0.0	0.0	0.0	0.0	0.0	0.0	0.0	0.0	0.0	0.0	0.0	0.0	0.0	0.0	0.0	0.0	0.0	0.0	0.0	0.0	0.0	0.0	0.0	0.0	0.0	0.0	0.0	0.0	0.0	0.0	0.0	0.0	0.0	0.0	0.0	0.0	0.0	0.0	0.0	0.0	0.0	0.0	0.0	0.0	0.0
Syn.Breast-AdenoCA::S.84	0.1151791492444034	0.0	0.0	0.1414439174360796	0.2017157105157104	0.14993398251601187	0.110552498387978	0.0	0.0	0.0	0.0	0.0	0.051689862517278584	0.0	0.229484879382538	0.0	0.0	0.0	0.0	0.0	0.0	0.0	0.0	0.0	0.0	0.0	0.0	0.0	0.0	0.0	0.0	0.0	0.0	0.0	0.0	0.0	0.0	0.0	0.0	0.0	0.0	0.0	0.0	0.0	0.0	0.0	0.0	0.0	0.0	0.0	0.0	0.0	0.0	0.0	0.0	0.0	0.0	0.0	0.0	0.0
Syn.Breast-AdenoCA::S.85	0.06474786830178464	0.09669301135859877	0.0	0.0831457805785877	0.08501231642019796	0.1570345872008403	0.0	0.0	0.0	0.0	0.0	0.0	0.0	0.0	0.11365936182420057	0.0	0.2002552432377419	0.09194520698707488	0.10750662409097331	0.0	0.0	0.0	0.0	0.0	0.0	0.0	0.0	0.0	0.0	0.0	0.0	0.0	0.0	0.0	0.0	0.0	0.0	0.0	0.0	0.0	0.0	0.0	0.0	0.0	0.0	0.0	0.0	0.0	0.0	0.0	0.0	0.0	0.0	0.0	0.0	0.0	0.0	0.0	0.0	0.0
Syn.Breast-AdenoCA::S.86	0.019789963755764774	0.0	0.0	0.17861299307783762	0.0	0.049614624994261294	0.0	0.0	0.0	0.0	0.0	0.0	0.0	0.0	0.605507875207863	0.0	0.0	0.14647454296427329	0.0	0.0	0.0	0.0	0.0	0.0	0.0	0.0	0.0	0.0	0.0	0.0	0.0	0.0	0.0	0.0	0.0	0.0	0.0	0.0	0.0	0.0	0.0	0.0	0.0	0.0	0.0	0.0	0.0	0.0	0.0	0.0	0.0	0.0	0.0	0.0	0.0	0.0	0.0	0.0	0.0	0.0
Syn.Breast-AdenoCA::S.87	0.1376800748005757	0.0	0.0	0.2036528570607171	0.0	0.1045772746760049	0.0	0.0	0.0	0.04797869562056934	0.0	0.0	0.13176064258531525	0.1612385675527432	0.2131118877040746	0.0	0.0	0.0	0.0	0.0	0.0	0.0	0.0	0.0	0.0	0.0	0.0	0.0	0.0	0.0	0.0	0.0	0.0	0.0	0.0	0.0	0.0	0.0	0.0	0.0	0.0	0.0	0.0	0.0	0.0	0.0	0.0	0.0	0.0	0.0	0.0	0.0	0.0	0.0	0.0	0.0	0.0	0.0	0.0	0.0
Syn.Breast-AdenoCA::S.88	0.10997460014661145	0.0	0.0	0.046731540142886815	0.0	0.11176274951617725	0.0	0.0	0.0	0.1068953748438293	0.055365532789189716	0.0	0.061359246192311326	0.0	0.24489855907809172	0.0	0.0	0.09681580293140739	0.16619659435949508	0.0	0.0	0.0	0.0	0.0	0.0	0.0	0.0	0.0	0.0	0.0	0.0	0.0	0.0	0.0	0.0	0.0	0.0	0.0	0.0	0.0	0.0	0.0	0.0	0.0	0.0	0.0	0.0	0.0	0.0	0.0	0.0	0.0	0.0	0.0	0.0	0.0	0.0	0.0	0.0	0.0
Syn.Breast-AdenoCA::S.89	0.0637971879805353	0.0	0.08265732074279762	0.08396863223327684	0.20658716130335622	0.0	0.0	0.059932700912165314	0.0	0.0	0.05911439816033708	0.06724943545727761	0.05880811660451893	0.07627653406456217	0.0525494508645459	0.0	0.0	0.1890590616766269	0.0	0.0	0.0	0.0	0.0	0.0	0.0	0.0	0.0	0.0	0.0	0.0	0.0	0.0	0.0	0.0	0.0	0.0	0.0	0.0	0.0	0.0	0.0	0.0	0.0	0.0	0.0	0.0	0.0	0.0	0.0	0.0	0.0	0.0	0.0	0.0	0.0	0.0	0.0	0.0	0.0	0.0
Syn.Breast-AdenoCA::S.90	0.044132910554139024	0.0	0.0	0.11151441905997686	0.0	0.0	0.5715278481020991	0.0	0.0	0.06875216197918282	0.0	0.0	0.0	0.0	0.20407266030460225	0.0	0.0	0.0	0.0	0.0	0.0	0.0	0.0	0.0	0.0	0.0	0.0	0.0	0.0	0.0	0.0	0.0	0.0	0.0	0.0	0.0	0.0	0.0	0.0	0.0	0.0	0.0	0.0	0.0	0.0	0.0	0.0	0.0	0.0	0.0	0.0	0.0	0.0	0.0	0.0	0.0	0.0	0.0	0.0	0.0
Syn.Breast-AdenoCA::S.91	0.10467451851523712	0.113604788755047	0.0	0.25107699439117437	0.0	0.0	0.10597265184148001	0.05639424545877734	0.0	0.0	0.0	0.0	0.05170811263075763	0.0	0.3165686884075265	0.0	0.0	0.0	0.0	0.0	0.0	0.0	0.0	0.0	0.0	0.0	0.0	0.0	0.0	0.0	0.0	0.0	0.0	0.0	0.0	0.0	0.0	0.0	0.0	0.0	0.0	0.0	0.0	0.0	0.0	0.0	0.0	0.0	0.0	0.0	0.0	0.0	0.0	0.0	0.0	0.0	0.0	0.0	0.0	0.0
Syn.Breast-AdenoCA::S.92	0.11341035975827694	0.07224035538670884	0.0	0.07437672883097998	0.0	0.1093601716269597	0.04095142546054483	0.04935705822063602	0.0	0.0	0.0	0.0	0.0	0.13581718444667945	0.26719794237377076	0.0	0.0	0.1372887738954433	0.0	0.0	0.0	0.0	0.0	0.0	0.0	0.0	0.0	0.0	0.0	0.0	0.0	0.0	0.0	0.0	0.0	0.0	0.0	0.0	0.0	0.0	0.0	0.0	0.0	0.0	0.0	0.0	0.0	0.0	0.0	0.0	0.0	0.0	0.0	0.0	0.0	0.0	0.0	0.0	0.0	0.0
Syn.Breast-AdenoCA::S.93	0.0811807045554301	0.12052061918924903	0.0	0.1576379892761013	0.26662104456824476	0.16052554838629207	0.0	0.0	0.0	0.0	0.0	0.0	0.0	0.0	0.21351409402468274	0.0	0.0	0.0	0.0	0.0	0.0	0.0	0.0	0.0	0.0	0.0	0.0	0.0	0.0	0.0	0.0	0.0	0.0	0.0	0.0	0.0	0.0	0.0	0.0	0.0	0.0	0.0	0.0	0.0	0.0	0.0	0.0	0.0	0.0	0.0	0.0	0.0	0.0	0.0	0.0	0.0	0.0	0.0	0.0	0.0
Syn.Breast-AdenoCA::S.94	0.1098043819722269	0.0069654538555609675	0.0	0.11719486498177227	0.0	0.0	0.052170564101705175	0.10440171500697812	0.0	0.0	0.0	0.0	0.15240746136939215	0.07540704833688863	0.0	0.0	0.0	0.38164851037547576	0.0	0.0	0.0	0.0	0.0	0.0	0.0	0.0	0.0	0.0	0.0	0.0	0.0	0.0	0.0	0.0	0.0	0.0	0.0	0.0	0.0	0.0	0.0	0.0	0.0	0.0	0.0	0.0	0.0	0.0	0.0	0.0	0.0	0.0	0.0	0.0	0.0	0.0	0.0	0.0	0.0	0.0
Syn.Breast-AdenoCA::S.95	0.0573413142428499	0.09098711215596787	0.0	0.140064674839326	0.482813396916767	0.07864074815525507	0.0	0.0	0.0	0.0	0.0	0.0	0.0	0.0	0.0	0.0	0.15015275368983427	0.0	0.0	0.0	0.0	0.0	0.0	0.0	0.0	0.0	0.0	0.0	0.0	0.0	0.0	0.0	0.0	0.0	0.0	0.0	0.0	0.0	0.0	0.0	0.0	0.0	0.0	0.0	0.0	0.0	0.0	0.0	0.0	0.0	0.0	0.0	0.0	0.0	0.0	0.0	0.0	0.0	0.0	0.0
Syn.Breast-AdenoCA::S.96	0.08064597143572175	0.09742908114947518	0.0	0.08607153098795475	0.18174264903261267	0.12716475704575747	0.0	0.0	0.0	0.0	0.06665955512454531	0.0	0.0	0.0635187564916366	0.07489810921400711	0.1515718705079207	0.0	0.07029771901036834	0.0	0.0	0.0	0.0	0.0	0.0	0.0	0.0	0.0	0.0	0.0	0.0	0.0	0.0	0.0	0.0	0.0	0.0	0.0	0.0	0.0	0.0	0.0	0.0	0.0	0.0	0.0	0.0	0.0	0.0	0.0	0.0	0.0	0.0	0.0	0.0	0.0	0.0	0.0	0.0	0.0	0.0
Syn.Breast-AdenoCA::S.97	0.32327121413951343	0.0	0.0	0.21037132806807748	0.08313240147491857	0.0	0.0	0.0	0.0	0.0	0.0	0.10230870953865975	0.0	0.0	0.14605061399127892	0.0	0.0	0.0	0.1348657327875519	0.0	0.0	0.0	0.0	0.0	0.0	0.0	0.0	0.0	0.0	0.0	0.0	0.0	0.0	0.0	0.0	0.0	0.0	0.0	0.0	0.0	0.0	0.0	0.0	0.0	0.0	0.0	0.0	0.0	0.0	0.0	0.0	0.0	0.0	0.0	0.0	0.0	0.0	0.0	0.0	0.0
Syn.Breast-AdenoCA::S.98	0.09780064430270195	0.0	0.0	0.06912416170187732	0.19488953176715978	0.0	0.0	0.0	0.0	0.0	0.0	0.0	0.0	0.07484063872263932	0.2804816210772604	0.0	0.10925465659440563	0.1736087458339556	0.0	0.0	0.0	0.0	0.0	0.0	0.0	0.0	0.0	0.0	0.0	0.0	0.0	0.0	0.0	0.0	0.0	0.0	0.0	0.0	0.0	0.0	0.0	0.0	0.0	0.0	0.0	0.0	0.0	0.0	0.0	0.0	0.0	0.0	0.0	0.0	0.0	0.0	0.0	0.0	0.0	0.0
Syn.Breast-AdenoCA::S.99	0.0817306871872278	0.0	0.22832687519145742	0.11102719291776898	0.04347125966904019	0.1791935977318536	0.0	0.0	0.0	0.09757209538605562	0.0	0.0	0.0	0.0	0.25867829191659625	0.0	0.0	0.0	0.0	0.0	0.0	0.0	0.0	0.0	0.0	0.0	0.0	0.0	0.0	0.0	0.0	0.0	0.0	0.0	0.0	0.0	0.0	0.0	0.0	0.0	0.0	0.0	0.0	0.0	0.0	0.0	0.0	0.0	0.0	0.0	0.0	0.0	0.0	0.0	0.0	0.0	0.0	0.0	0.0	0.0
Syn.Breast-AdenoCA::S.100	0.07139658540436084	0.12917529711578493	0.0	0.11645092551795229	0.35096565050708306	0.045439228804150966	0.0	0.0	0.0	0.0	0.0	0.0	0.1311881791148175	0.0	0.0	0.0	0.0	0.0	0.1553841335358505	0.0	0.0	0.0	0.0	0.0	0.0	0.0	0.0	0.0	0.0	0.0	0.0	0.0	0.0	0.0	0.0	0.0	0.0	0.0	0.0	0.0	0.0	0.0	0.0	0.0	0.0	0.0	0.0	0.0	0.0	0.0	0.0	0.0	0.0	0.0	0.0	0.0	0.0	0.0	0.0	0.0
Syn.Breast-AdenoCA::S.101	0.09002286097960233	0.0	0.0	0.1489913505447945	0.10197795395979958	0.0	0.26641520421389125	0.0	0.0	0.0	0.0	0.0	0.0	0.0	0.29021325284970373	0.0	0.0	0.0	0.10237937745220874	0.0	0.0	0.0	0.0	0.0	0.0	0.0	0.0	0.0	0.0	0.0	0.0	0.0	0.0	0.0	0.0	0.0	0.0	0.0	0.0	0.0	0.0	0.0	0.0	0.0	0.0	0.0	0.0	0.0	0.0	0.0	0.0	0.0	0.0	0.0	0.0	0.0	0.0	0.0	0.0	0.0
Syn.Breast-AdenoCA::S.102	0.05538677786312465	0.14666586310416338	0.0	0.025610658047559662	0.18129152390203868	0.09249017364396063	0.09384767981884068	0.05821219511636223	0.0	0.0	0.0	0.0	0.04065185964784672	0.07068028801410256	0.14155178643285843	0.0	0.0	0.0	0.09361119440914237	0.0	0.0	0.0	0.0	0.0	0.0	0.0	0.0	0.0	0.0	0.0	0.0	0.0	0.0	0.0	0.0	0.0	0.0	0.0	0.0	0.0	0.0	0.0	0.0	0.0	0.0	0.0	0.0	0.0	0.0	0.0	0.0	0.0	0.0	0.0	0.0	0.0	0.0	0.0	0.0	0.0
Syn.Breast-AdenoCA::S.103	0.04304509711540062	0.0	0.0	0.020416608603862768	0.09340573371880898	0.16376718689604647	0.0	0.0	0.0	0.07101036468499493	0.0	0.0	0.0	0.0	0.42213062465066054	0.0	0.1190976506768103	0.06712673365341545	0.0	0.0	0.0	0.0	0.0	0.0	0.0	0.0	0.0	0.0	0.0	0.0	0.0	0.0	0.0	0.0	0.0	0.0	0.0	0.0	0.0	0.0	0.0	0.0	0.0	0.0	0.0	0.0	0.0	0.0	0.0	0.0	0.0	0.0	0.0	0.0	0.0	0.0	0.0	0.0	0.0	0.0
Syn.Breast-AdenoCA::S.104	0.04938183132099093	0.0	0.0	0.11536256798911233	0.0	0.0	0.0	0.0	0.0	0.0	0.0	0.0	0.0	0.0	0.8352556006898968	0.0	0.0	0.0	0.0	0.0	0.0	0.0	0.0	0.0	0.0	0.0	0.0	0.0	0.0	0.0	0.0	0.0	0.0	0.0	0.0	0.0	0.0	0.0	0.0	0.0	0.0	0.0	0.0	0.0	0.0	0.0	0.0	0.0	0.0	0.0	0.0	0.0	0.0	0.0	0.0	0.0	0.0	0.0	0.0	0.0
Syn.Breast-AdenoCA::S.105	0.09980131743563435	0.0	0.10458687420270814	0.17288085668615671	0.13081821222847648	0.0495325271398591	0.0	0.0	0.0	0.0	0.0	0.0	0.0361423992601282	0.0	0.40623781304703693	0.0	0.0	0.0	0.0	0.0	0.0	0.0	0.0	0.0	0.0	0.0	0.0	0.0	0.0	0.0	0.0	0.0	0.0	0.0	0.0	0.0	0.0	0.0	0.0	0.0	0.0	0.0	0.0	0.0	0.0	0.0	0.0	0.0	0.0	0.0	0.0	0.0	0.0	0.0	0.0	0.0	0.0	0.0	0.0	0.0
Syn.Breast-AdenoCA::S.106	0.11042009124759057	0.0	0.0	0.09406094666695539	0.0	0.06760194138849766	0.07613071914192064	0.0	0.0	0.0	0.06851358524398762	0.0	0.0	0.0	0.47628035558717907	0.10699236072386901	0.0	0.0	0.0	0.0	0.0	0.0	0.0	0.0	0.0	0.0	0.0	0.0	0.0	0.0	0.0	0.0	0.0	0.0	0.0	0.0	0.0	0.0	0.0	0.0	0.0	0.0	0.0	0.0	0.0	0.0	0.0	0.0	0.0	0.0	0.0	0.0	0.0	0.0	0.0	0.0	0.0	0.0	0.0	0.0
Syn.Breast-AdenoCA::S.107	0.04704628998252149	0.0	0.0	0.09755445390513458	0.33267160898483394	0.25860483780399085	0.1402314840701607	0.0	0.0	0.05834003330841031	0.0	0.0	0.0	0.0	0.06555129194494821	0.0	0.0	0.0	0.0	0.0	0.0	0.0	0.0	0.0	0.0	0.0	0.0	0.0	0.0	0.0	0.0	0.0	0.0	0.0	0.0	0.0	0.0	0.0	0.0	0.0	0.0	0.0	0.0	0.0	0.0	0.0	0.0	0.0	0.0	0.0	0.0	0.0	0.0	0.0	0.0	0.0	0.0	0.0	0.0	0.0
Syn.Breast-AdenoCA::S.108	0.16471572468177928	0.0	0.0	0.041708696322298046	0.0	0.05325597794589935	0.0	0.0	0.0	0.0	0.25494844277913586	0.0	0.0	0.13937163242561773	0.10097859279870383	0.0	0.0	0.09623353657414281	0.14878739647242303	0.0	0.0	0.0	0.0	0.0	0.0	0.0	0.0	0.0	0.0	0.0	0.0	0.0	0.0	0.0	0.0	0.0	0.0	0.0	0.0	0.0	0.0	0.0	0.0	0.0	0.0	0.0	0.0	0.0	0.0	0.0	0.0	0.0	0.0	0.0	0.0	0.0	0.0	0.0	0.0	0.0
Syn.Breast-AdenoCA::S.109	0.04087200639487117	0.20630183705854946	0.0	0.12331305507294549	0.2339937803106107	0.08655786565566966	0.0	0.0	0.0	0.0	0.0	0.0	0.04299025777341607	0.0	0.0	0.0	0.0	0.13302739347306936	0.13294380426086808	0.0	0.0	0.0	0.0	0.0	0.0	0.0	0.0	0.0	0.0	0.0	0.0	0.0	0.0	0.0	0.0	0.0	0.0	0.0	0.0	0.0	0.0	0.0	0.0	0.0	0.0	0.0	0.0	0.0	0.0	0.0	0.0	0.0	0.0	0.0	0.0	0.0	0.0	0.0	0.0	0.0
Syn.Breast-AdenoCA::S.110	0.011992260975219158	0.23908413020135247	0.0	0.05402501907879645	0.6948985897446319	0.0	0.0	0.0	0.0	0.0	0.0	0.0	0.0	0.0	0.0	0.0	0.0	0.0	0.0	0.0	0.0	0.0	0.0	0.0	0.0	0.0	0.0	0.0	0.0	0.0	0.0	0.0	0.0	0.0	0.0	0.0	0.0	0.0	0.0	0.0	0.0	0.0	0.0	0.0	0.0	0.0	0.0	0.0	0.0	0.0	0.0	0.0	0.0	0.0	0.0	0.0	0.0	0.0	0.0	0.0
Syn.Breast-AdenoCA::S.111	0.09194408233137191	0.0	0.0	0.13024737788790347	0.0	0.15109205778715065	0.0	0.030924667983814727	0.2620997194931419	0.0	0.0	0.0	0.1118746937575821	0.0	0.05036127622384376	0.0	0.0	0.17145612453519146	0.0	0.0	0.0	0.0	0.0	0.0	0.0	0.0	0.0	0.0	0.0	0.0	0.0	0.0	0.0	0.0	0.0	0.0	0.0	0.0	0.0	0.0	0.0	0.0	0.0	0.0	0.0	0.0	0.0	0.0	0.0	0.0	0.0	0.0	0.0	0.0	0.0	0.0	0.0	0.0	0.0	0.0
Syn.Breast-AdenoCA::S.112	0.13651944609826994	0.0	0.41659440490077043	0.240669900672561	0.0	0.0	0.0	0.0	0.0	0.0	0.09355302010743859	0.0	0.0	0.0	0.11266322822095992	0.0	0.0	0.0	0.0	0.0	0.0	0.0	0.0	0.0	0.0	0.0	0.0	0.0	0.0	0.0	0.0	0.0	0.0	0.0	0.0	0.0	0.0	0.0	0.0	0.0	0.0	0.0	0.0	0.0	0.0	0.0	0.0	0.0	0.0	0.0	0.0	0.0	0.0	0.0	0.0	0.0	0.0	0.0	0.0	0.0
Syn.Breast-AdenoCA::S.113	0.06188101129433997	0.381019455777584	0.0	0.2835518147563279	0.0	0.15384553482749466	0.0	0.0	0.0	0.0	0.0	0.0	0.1197021833442534	0.0	0.0	0.0	0.0	0.0	0.0	0.0	0.0	0.0	0.0	0.0	0.0	0.0	0.0	0.0	0.0	0.0	0.0	0.0	0.0	0.0	0.0	0.0	0.0	0.0	0.0	0.0	0.0	0.0	0.0	0.0	0.0	0.0	0.0	0.0	0.0	0.0	0.0	0.0	0.0	0.0	0.0	0.0	0.0	0.0	0.0	0.0
Syn.Breast-AdenoCA::S.114	0.12792154450147994	0.06135521260931756	0.0	0.1684538305899875	0.1571191319274218	0.16285093965256878	0.0	0.04867897205158376	0.0	0.0	0.0	0.0	0.0	0.0	0.05108510964565901	0.0	0.0	0.09714942341754959	0.12538583560443212	0.0	0.0	0.0	0.0	0.0	0.0	0.0	0.0	0.0	0.0	0.0	0.0	0.0	0.0	0.0	0.0	0.0	0.0	0.0	0.0	0.0	0.0	0.0	0.0	0.0	0.0	0.0	0.0	0.0	0.0	0.0	0.0	0.0	0.0	0.0	0.0	0.0	0.0	0.0	0.0	0.0
Syn.Breast-AdenoCA::S.115	0.03297097081165594	0.16349960786345952	0.0	0.08551222196179338	0.0	0.0	0.18012984157139855	0.0	0.0	0.0	0.0	0.0	0.0	0.0	0.19324611137963288	0.0	0.0	0.34464124641205973	0.0	0.0	0.0	0.0	0.0	0.0	0.0	0.0	0.0	0.0	0.0	0.0	0.0	0.0	0.0	0.0	0.0	0.0	0.0	0.0	0.0	0.0	0.0	0.0	0.0	0.0	0.0	0.0	0.0	0.0	0.0	0.0	0.0	0.0	0.0	0.0	0.0	0.0	0.0	0.0	0.0	0.0
Syn.Breast-AdenoCA::S.116	0.1405254582129204	0.0	0.0	0.10942897577926888	0.21807467447553988	0.0	0.0	0.0	0.0	0.0	0.0	0.0	0.13096527726704152	0.24231249820054213	0.1586931160646873	0.0	0.0	0.0	0.0	0.0	0.0	0.0	0.0	0.0	0.0	0.0	0.0	0.0	0.0	0.0	0.0	0.0	0.0	0.0	0.0	0.0	0.0	0.0	0.0	0.0	0.0	0.0	0.0	0.0	0.0	0.0	0.0	0.0	0.0	0.0	0.0	0.0	0.0	0.0	0.0	0.0	0.0	0.0	0.0	0.0
Syn.Breast-AdenoCA::S.117	0.16773651277720938	0.0	0.0	0.19868396854354925	0.046464869871317635	0.05396423520895851	0.0	0.0	0.0	0.0	0.0	0.07466907197046034	0.0	0.0	0.1486180301761815	0.0	0.1630852864345254	0.0	0.14677802501779788	0.0	0.0	0.0	0.0	0.0	0.0	0.0	0.0	0.0	0.0	0.0	0.0	0.0	0.0	0.0	0.0	0.0	0.0	0.0	0.0	0.0	0.0	0.0	0.0	0.0	0.0	0.0	0.0	0.0	0.0	0.0	0.0	0.0	0.0	0.0	0.0	0.0	0.0	0.0	0.0	0.0
Syn.Breast-AdenoCA::S.118	0.18963405971919292	0.0	0.16640297008959465	0.16808660800646127	0.0	0.12510901757758439	0.16333149345778544	0.0	0.0	0.0	0.0	0.0	0.0	0.0	0.0	0.0	0.0	0.0	0.18743585114938133	0.0	0.0	0.0	0.0	0.0	0.0	0.0	0.0	0.0	0.0	0.0	0.0	0.0	0.0	0.0	0.0	0.0	0.0	0.0	0.0	0.0	0.0	0.0	0.0	0.0	0.0	0.0	0.0	0.0	0.0	0.0	0.0	0.0	0.0	0.0	0.0	0.0	0.0	0.0	0.0	0.0
Syn.Breast-AdenoCA::S.119	0.03403667133703499	0.0	0.0	0.2403435100562231	0.16480627928582323	0.0	0.0	0.0	0.0	0.07977718867212093	0.0	0.0	0.0	0.0	0.48103635064879774	0.0	0.0	0.0	0.0	0.0	0.0	0.0	0.0	0.0	0.0	0.0	0.0	0.0	0.0	0.0	0.0	0.0	0.0	0.0	0.0	0.0	0.0	0.0	0.0	0.0	0.0	0.0	0.0	0.0	0.0	0.0	0.0	0.0	0.0	0.0	0.0	0.0	0.0	0.0	0.0	0.0	0.0	0.0	0.0	0.0
Syn.Breast-AdenoCA::S.120	0.07661839138115896	0.0	0.0	0.1546289569098612	0.0	0.0	0.0	0.0	0.0	0.0	0.0	0.0	0.06849858933375738	0.20690788920922998	0.49334617316599244	0.0	0.0	0.0	0.0	0.0	0.0	0.0	0.0	0.0	0.0	0.0	0.0	0.0	0.0	0.0	0.0	0.0	0.0	0.0	0.0	0.0	0.0	0.0	0.0	0.0	0.0	0.0	0.0	0.0	0.0	0.0	0.0	0.0	0.0	0.0	0.0	0.0	0.0	0.0	0.0	0.0	0.0	0.0	0.0	0.0
Syn.Breast-AdenoCA::S.121	0.11940245711360661	0.08372853992713944	0.0	0.07632825432268633	0.0	0.0	0.0	0.0	0.0	0.0	0.06334150404743015	0.0	0.0	0.37327537887589046	0.28392386571324696	0.0	0.0	0.0	0.0	0.0	0.0	0.0	0.0	0.0	0.0	0.0	0.0	0.0	0.0	0.0	0.0	0.0	0.0	0.0	0.0	0.0	0.0	0.0	0.0	0.0	0.0	0.0	0.0	0.0	0.0	0.0	0.0	0.0	0.0	0.0	0.0	0.0	0.0	0.0	0.0	0.0	0.0	0.0	0.0	0.0
Syn.Breast-AdenoCA::S.122	0.08325384258612824	0.0	0.0	0.028804549016245042	0.2427740781340641	0.10444197553142955	0.0	0.0	0.0	0.0	0.0	0.0	0.03603824712381296	0.1034736524258843	0.11822416800848193	0.0	0.08241988926945011	0.09238613181012041	0.10818346609438335	0.0	0.0	0.0	0.0	0.0	0.0	0.0	0.0	0.0	0.0	0.0	0.0	0.0	0.0	0.0	0.0	0.0	0.0	0.0	0.0	0.0	0.0	0.0	0.0	0.0	0.0	0.0	0.0	0.0	0.0	0.0	0.0	0.0	0.0	0.0	0.0	0.0	0.0	0.0	0.0	0.0
Syn.Breast-AdenoCA::S.123	0.04113756794962826	0.05752192195823927	0.0	0.0814537256958223	0.10797005991214671	0.2249908068116107	0.0	0.0	0.0	0.0	0.047391886319997925	0.0	0.0	0.0	0.4395340313525548	0.0	0.0	0.0	0.0	0.0	0.0	0.0	0.0	0.0	0.0	0.0	0.0	0.0	0.0	0.0	0.0	0.0	0.0	0.0	0.0	0.0	0.0	0.0	0.0	0.0	0.0	0.0	0.0	0.0	0.0	0.0	0.0	0.0	0.0	0.0	0.0	0.0	0.0	0.0	0.0	0.0	0.0	0.0	0.0	0.0
Syn.Breast-AdenoCA::S.124	0.058723275665253497	0.42486730103094156	0.0	0.12468992684725803	0.0	0.12996862298036801	0.07831634117535148	0.0	0.0	0.0	0.0	0.0	0.0	0.0	0.0	0.0	0.0	0.0	0.18343453230082757	0.0	0.0	0.0	0.0	0.0	0.0	0.0	0.0	0.0	0.0	0.0	0.0	0.0	0.0	0.0	0.0	0.0	0.0	0.0	0.0	0.0	0.0	0.0	0.0	0.0	0.0	0.0	0.0	0.0	0.0	0.0	0.0	0.0	0.0	0.0	0.0	0.0	0.0	0.0	0.0	0.0
Syn.Breast-AdenoCA::S.125	0.1597209078205982	0.0	0.0	0.1275039798525541	0.0	0.22328718384375662	0.0	0.0	0.0	0.0	0.0540945322002882	0.0	0.10925777075171564	0.0	0.2450491599061376	0.0	0.0	0.0	0.0810864656249496	0.0	0.0	0.0	0.0	0.0	0.0	0.0	0.0	0.0	0.0	0.0	0.0	0.0	0.0	0.0	0.0	0.0	0.0	0.0	0.0	0.0	0.0	0.0	0.0	0.0	0.0	0.0	0.0	0.0	0.0	0.0	0.0	0.0	0.0	0.0	0.0	0.0	0.0	0.0	0.0	0.0
Syn.Breast-AdenoCA::S.126	0.0618428173022108	0.0	0.0	0.20491334606808156	0.21573477396470964	0.0	0.0	0.0	0.0	0.023971289284614512	0.0	0.0	0.10342038615734572	0.12819203613351887	0.26192535108951887	0.0	0.0	0.0	0.0	0.0	0.0	0.0	0.0	0.0	0.0	0.0	0.0	0.0	0.0	0.0	0.0	0.0	0.0	0.0	0.0	0.0	0.0	0.0	0.0	0.0	0.0	0.0	0.0	0.0	0.0	0.0	0.0	0.0	0.0	0.0	0.0	0.0	0.0	0.0	0.0	0.0	0.0	0.0	0.0	0.0
Syn.Breast-AdenoCA::S.127	0.021526995515987215	0.0	0.0	0.157606193248338	0.0	0.0	0.0	0.0	0.0	0.0	0.0	0.0	0.0	0.0	0.8208668112356747	0.0	0.0	0.0	0.0	0.0	0.0	0.0	0.0	0.0	0.0	0.0	0.0	0.0	0.0	0.0	0.0	0.0	0.0	0.0	0.0	0.0	0.0	0.0	0.0	0.0	0.0	0.0	0.0	0.0	0.0	0.0	0.0	0.0	0.0	0.0	0.0	0.0	0.0	0.0	0.0	0.0	0.0	0.0	0.0	0.0
Syn.Breast-AdenoCA::S.128	0.09366320287669862	0.07493056547024622	0.0	0.17067491201679202	0.12021643797960269	0.22801022911017357	0.0	0.0	0.0	0.0	0.0	0.0	0.10709613754460152	0.0	0.10879034007290063	0.0	0.0	0.09661817492898452	0.0	0.0	0.0	0.0	0.0	0.0	0.0	0.0	0.0	0.0	0.0	0.0	0.0	0.0	0.0	0.0	0.0	0.0	0.0	0.0	0.0	0.0	0.0	0.0	0.0	0.0	0.0	0.0	0.0	0.0	0.0	0.0	0.0	0.0	0.0	0.0	0.0	0.0	0.0	0.0	0.0	0.0
Syn.Breast-AdenoCA::S.129	0.08570505619999644	0.0	0.0	0.2005742296927699	0.0	0.0	0.0	0.0667440615438805	0.0	0.04911320784167873	0.0	0.0	0.08228624161143247	0.0	0.29665970561642535	0.21891749749381656	0.0	0.0	0.0	0.0	0.0	0.0	0.0	0.0	0.0	0.0	0.0	0.0	0.0	0.0	0.0	0.0	0.0	0.0	0.0	0.0	0.0	0.0	0.0	0.0	0.0	0.0	0.0	0.0	0.0	0.0	0.0	0.0	0.0	0.0	0.0	0.0	0.0	0.0	0.0	0.0	0.0	0.0	0.0	0.0
Syn.Breast-AdenoCA::S.130	0.06540048661470556	0.0	0.0	0.10495625447963568	0.1286401767691546	0.0	0.0	0.06601898311505809	0.0	0.054675872519341646	0.0	0.0	0.0	0.0	0.0	0.0	0.0	0.5803082265021045	0.0	0.0	0.0	0.0	0.0	0.0	0.0	0.0	0.0	0.0	0.0	0.0	0.0	0.0	0.0	0.0	0.0	0.0	0.0	0.0	0.0	0.0	0.0	0.0	0.0	0.0	0.0	0.0	0.0	0.0	0.0	0.0	0.0	0.0	0.0	0.0	0.0	0.0	0.0	0.0	0.0	0.0
Syn.Breast-AdenoCA::S.131	0.03759827548001333	0.1929841410013327	0.0	0.10662803412820196	0.0	0.06570145799652112	0.0	0.056861828461452324	0.0	0.0	0.057525060748774004	0.0	0.0	0.0	0.05474585211853429	0.0	0.2182500852449113	0.20970526482025895	0.0	0.0	0.0	0.0	0.0	0.0	0.0	0.0	0.0	0.0	0.0	0.0	0.0	0.0	0.0	0.0	0.0	0.0	0.0	0.0	0.0	0.0	0.0	0.0	0.0	0.0	0.0	0.0	0.0	0.0	0.0	0.0	0.0	0.0	0.0	0.0	0.0	0.0	0.0	0.0	0.0	0.0
Syn.Breast-AdenoCA::S.132	0.13472414614271067	0.0	0.0	0.09125166445143135	0.0	0.252459730806925	0.033161932765385836	0.0	0.0	0.0	0.0	0.06672449329014433	0.0	0.06272881576610222	0.10098787864578619	0.0	0.0	0.2579613381315143	0.0	0.0	0.0	0.0	0.0	0.0	0.0	0.0	0.0	0.0	0.0	0.0	0.0	0.0	0.0	0.0	0.0	0.0	0.0	0.0	0.0	0.0	0.0	0.0	0.0	0.0	0.0	0.0	0.0	0.0	0.0	0.0	0.0	0.0	0.0	0.0	0.0	0.0	0.0	0.0	0.0	0.0
Syn.Breast-AdenoCA::S.133	0.17745661394340984	0.0	0.0	0.25203830381791775	0.0	0.051407474514953956	0.0	0.0	0.10136402565541615	0.09504479947890916	0.0	0.0	0.0	0.0	0.3226887825893932	0.0	0.0	0.0	0.0	0.0	0.0	0.0	0.0	0.0	0.0	0.0	0.0	0.0	0.0	0.0	0.0	0.0	0.0	0.0	0.0	0.0	0.0	0.0	0.0	0.0	0.0	0.0	0.0	0.0	0.0	0.0	0.0	0.0	0.0	0.0	0.0	0.0	0.0	0.0	0.0	0.0	0.0	0.0	0.0	0.0
Syn.Breast-AdenoCA::S.134	0.13651037765877042	0.07157620136489559	0.0	0.10157471598406534	0.0	0.19930177842075877	0.0	0.0	0.0	0.09127149220387157	0.08840240900965494	0.0	0.0627165406464141	0.08467042565872765	0.0	0.0	0.0	0.0	0.1639760590528418	0.0	0.0	0.0	0.0	0.0	0.0	0.0	0.0	0.0	0.0	0.0	0.0	0.0	0.0	0.0	0.0	0.0	0.0	0.0	0.0	0.0	0.0	0.0	0.0	0.0	0.0	0.0	0.0	0.0	0.0	0.0	0.0	0.0	0.0	0.0	0.0	0.0	0.0	0.0	0.0	0.0
Syn.Breast-AdenoCA::S.135	0.1147998173992042	0.04198000463670725	0.0	0.10189425892534361	0.09049522793576192	0.11462597846807032	0.09783882073730561	0.0	0.0	0.0	0.07812346787193743	0.0	0.0	0.0	0.124629740503584	0.0	0.0	0.23561268352208564	0.0	0.0	0.0	0.0	0.0	0.0	0.0	0.0	0.0	0.0	0.0	0.0	0.0	0.0	0.0	0.0	0.0	0.0	0.0	0.0	0.0	0.0	0.0	0.0	0.0	0.0	0.0	0.0	0.0	0.0	0.0	0.0	0.0	0.0	0.0	0.0	0.0	0.0	0.0	0.0	0.0	0.0
Syn.Breast-AdenoCA::S.136	0.060008791487845575	0.0	0.0	0.1355761456235179	0.0	0.0	0.5765909219597766	0.0	0.0	0.0	0.0	0.0	0.0	0.0	0.0	0.0	0.0	0.22782414092885991	0.0	0.0	0.0	0.0	0.0	0.0	0.0	0.0	0.0	0.0	0.0	0.0	0.0	0.0	0.0	0.0	0.0	0.0	0.0	0.0	0.0	0.0	0.0	0.0	0.0	0.0	0.0	0.0	0.0	0.0	0.0	0.0	0.0	0.0	0.0	0.0	0.0	0.0	0.0	0.0	0.0	0.0
Syn.Breast-AdenoCA::S.137	0.23976235606317053	0.0	0.0	0.0006832406508697578	0.0	0.06056899421953329	0.10621382375984552	0.07657119262860441	0.0	0.07305264653000185	0.0984310632437211	0.0	0.0	0.0	0.0902623831684417	0.0	0.12393726403269231	0.0644068506415004	0.06611018506161902	0.0	0.0	0.0	0.0	0.0	0.0	0.0	0.0	0.0	0.0	0.0	0.0	0.0	0.0	0.0	0.0	0.0	0.0	0.0	0.0	0.0	0.0	0.0	0.0	0.0	0.0	0.0	0.0	0.0	0.0	0.0	0.0	0.0	0.0	0.0	0.0	0.0	0.0	0.0	0.0	0.0
Syn.Breast-AdenoCA::S.138	0.04930021587435065	0.0	0.0	0.06136844989649604	0.1117103950091446	0.0	0.0	0.13886163225354572	0.0	0.0	0.0	0.0	0.10697541498927443	0.10543262972305133	0.0	0.0	0.22849966797281762	0.07781076570532197	0.12004082857599746	0.0	0.0	0.0	0.0	0.0	0.0	0.0	0.0	0.0	0.0	0.0	0.0	0.0	0.0	0.0	0.0	0.0	0.0	0.0	0.0	0.0	0.0	0.0	0.0	0.0	0.0	0.0	0.0	0.0	0.0	0.0	0.0	0.0	0.0	0.0	0.0	0.0	0.0	0.0	0.0	0.0
Syn.Breast-AdenoCA::S.139	0.030344565043046758	0.0	0.0	0.10322237214837764	0.21630518992196074	0.05341650904482023	0.0	0.0	0.0	0.03210105148733499	0.0	0.0	0.11590329930094455	0.062498388403628605	0.0	0.0	0.23097248101281662	0.0	0.15523614363706978	0.0	0.0	0.0	0.0	0.0	0.0	0.0	0.0	0.0	0.0	0.0	0.0	0.0	0.0	0.0	0.0	0.0	0.0	0.0	0.0	0.0	0.0	0.0	0.0	0.0	0.0	0.0	0.0	0.0	0.0	0.0	0.0	0.0	0.0	0.0	0.0	0.0	0.0	0.0	0.0	0.0
Syn.Breast-AdenoCA::S.140	0.06646163680062876	0.11096691428983443	0.0	0.1187888723871628	0.0	0.0	0.17990079619180452	0.0	0.0	0.0	0.0	0.0	0.0	0.0	0.3788757830686123	0.0	0.14500599726195726	0.0	0.0	0.0	0.0	0.0	0.0	0.0	0.0	0.0	0.0	0.0	0.0	0.0	0.0	0.0	0.0	0.0	0.0	0.0	0.0	0.0	0.0	0.0	0.0	0.0	0.0	0.0	0.0	0.0	0.0	0.0	0.0	0.0	0.0	0.0	0.0	0.0	0.0	0.0	0.0	0.0	0.0	0.0
Syn.Breast-AdenoCA::S.141	0.13487344020121375	0.0	0.0	0.09984207487173635	0.2338517100253899	0.0	0.12758009664132264	0.03863885574965932	0.0	0.0	0.0	0.0	0.1037804609153463	0.0	0.0	0.0	0.16521258593477345	0.0	0.09622077566055827	0.0	0.0	0.0	0.0	0.0	0.0	0.0	0.0	0.0	0.0	0.0	0.0	0.0	0.0	0.0	0.0	0.0	0.0	0.0	0.0	0.0	0.0	0.0	0.0	0.0	0.0	0.0	0.0	0.0	0.0	0.0	0.0	0.0	0.0	0.0	0.0	0.0	0.0	0.0	0.0	0.0
Syn.Breast-AdenoCA::S.142	0.08758717695586887	0.0	0.0	0.09773052932620391	0.0	0.1215070527973818	0.15376526910619068	0.0	0.0	0.047446456180373256	0.0	0.0	0.0	0.08422462252715703	0.19481184562883605	0.0	0.12550606606325393	0.0	0.0874209814147345	0.0	0.0	0.0	0.0	0.0	0.0	0.0	0.0	0.0	0.0	0.0	0.0	0.0	0.0	0.0	0.0	0.0	0.0	0.0	0.0	0.0	0.0	0.0	0.0	0.0	0.0	0.0	0.0	0.0	0.0	0.0	0.0	0.0	0.0	0.0	0.0	0.0	0.0	0.0	0.0	0.0
Syn.Breast-AdenoCA::S.143	0.022472392433582192	0.0	0.0	0.12320908329786674	0.11881496607881252	0.0	0.10528246870643576	0.0	0.0	0.0	0.0	0.0	0.043205800609501695	0.0	0.49565570441361945	0.0	0.0	0.0	0.0913595844601816	0.0	0.0	0.0	0.0	0.0	0.0	0.0	0.0	0.0	0.0	0.0	0.0	0.0	0.0	0.0	0.0	0.0	0.0	0.0	0.0	0.0	0.0	0.0	0.0	0.0	0.0	0.0	0.0	0.0	0.0	0.0	0.0	0.0	0.0	0.0	0.0	0.0	0.0	0.0	0.0	0.0
Syn.Breast-AdenoCA::S.144	0.15908857788425426	0.011051523151251456	0.0	0.23391836315601996	0.0	0.0	0.0	0.0	0.0	0.0	0.0	0.0	0.0	0.0	0.0	0.0	0.0	0.5959415358084743	0.0	0.0	0.0	0.0	0.0	0.0	0.0	0.0	0.0	0.0	0.0	0.0	0.0	0.0	0.0	0.0	0.0	0.0	0.0	0.0	0.0	0.0	0.0	0.0	0.0	0.0	0.0	0.0	0.0	0.0	0.0	0.0	0.0	0.0	0.0	0.0	0.0	0.0	0.0	0.0	0.0	0.0
Syn.Breast-AdenoCA::S.145	0.04630731383260121	0.0	0.0	0.14467440766263293	0.2520434108668914	0.08592117599625121	0.0	0.0	0.0	0.0	0.0	0.0	0.06151441404679897	0.0	0.2200305721649419	0.0	0.0	0.1895087054298824	0.0	0.0	0.0	0.0	0.0	0.0	0.0	0.0	0.0	0.0	0.0	0.0	0.0	0.0	0.0	0.0	0.0	0.0	0.0	0.0	0.0	0.0	0.0	0.0	0.0	0.0	0.0	0.0	0.0	0.0	0.0	0.0	0.0	0.0	0.0	0.0	0.0	0.0	0.0	0.0	0.0	0.0
Syn.Breast-AdenoCA::S.146	0.08706160555537101	0.0	0.0	0.16928678334351296	0.0	0.1577506981306724	0.4805752063291716	0.036707457206025265	0.0	0.0	0.0	0.06861824943524684	0.0	0.0	0.0	0.0	0.0	0.0	0.0	0.0	0.0	0.0	0.0	0.0	0.0	0.0	0.0	0.0	0.0	0.0	0.0	0.0	0.0	0.0	0.0	0.0	0.0	0.0	0.0	0.0	0.0	0.0	0.0	0.0	0.0	0.0	0.0	0.0	0.0	0.0	0.0	0.0	0.0	0.0	0.0	0.0	0.0	0.0	0.0	0.0
Syn.Breast-AdenoCA::S.147	0.07775890442063582	0.14712513622071846	0.0	0.083059708536863	0.0	0.23636329854192453	0.0	0.0	0.0	0.0	0.0	0.0	0.0	0.1073844084879158	0.0	0.0	0.0	0.23637051521106087	0.11193802858088159	0.0	0.0	0.0	0.0	0.0	0.0	0.0	0.0	0.0	0.0	0.0	0.0	0.0	0.0	0.0	0.0	0.0	0.0	0.0	0.0	0.0	0.0	0.0	0.0	0.0	0.0	0.0	0.0	0.0	0.0	0.0	0.0	0.0	0.0	0.0	0.0	0.0	0.0	0.0	0.0	0.0
Syn.Breast-AdenoCA::S.148	0.07074994347611521	0.0	0.0	0.18273450922377885	0.0	0.06614990271836607	0.0	0.0	0.0	0.06340269875899607	0.0	0.08640901400743006	0.0	0.0	0.27088629663285113	0.0	0.0	0.0	0.2596676351824625	0.0	0.0	0.0	0.0	0.0	0.0	0.0	0.0	0.0	0.0	0.0	0.0	0.0	0.0	0.0	0.0	0.0	0.0	0.0	0.0	0.0	0.0	0.0	0.0	0.0	0.0	0.0	0.0	0.0	0.0	0.0	0.0	0.0	0.0	0.0	0.0	0.0	0.0	0.0	0.0	0.0
Syn.Breast-AdenoCA::S.149	0.02399909381172482	0.0	0.0	0.0823002367940747	0.43949579831811225	0.0	0.3151202585173967	0.0	0.0	0.0	0.0	0.0	0.0	0.0	0.13908461255869142	0.0	0.0	0.0	0.0	0.0	0.0	0.0	0.0	0.0	0.0	0.0	0.0	0.0	0.0	0.0	0.0	0.0	0.0	0.0	0.0	0.0	0.0	0.0	0.0	0.0	0.0	0.0	0.0	0.0	0.0	0.0	0.0	0.0	0.0	0.0	0.0	0.0	0.0	0.0	0.0	0.0	0.0	0.0	0.0	0.0
Syn.Breast-AdenoCA::S.150	0.034717500809016144	0.050384711458391795	0.0	0.04580270025647541	0.0	0.16409514197474617	0.0	0.0	0.0	0.13332030258249258	0.13900793031563838	0.0	0.07637066923941278	0.0	0.15988971251073983	0.0	0.0	0.11034665785392644	0.08606467299916054	0.0	0.0	0.0	0.0	0.0	0.0	0.0	0.0	0.0	0.0	0.0	0.0	0.0	0.0	0.0	0.0	0.0	0.0	0.0	0.0	0.0	0.0	0.0	0.0	0.0	0.0	0.0	0.0	0.0	0.0	0.0	0.0	0.0	0.0	0.0	0.0	0.0	0.0	0.0	0.0	0.0
Syn.Breast-AdenoCA::S.151	0.16485250953568914	0.0	0.0	0.13940106115986287	0.0	0.018142851881445824	0.0	0.0	0.0	0.0	0.0	0.0	0.0	0.0	0.6776035774230021	0.0	0.0	0.0	0.0	0.0	0.0	0.0	0.0	0.0	0.0	0.0	0.0	0.0	0.0	0.0	0.0	0.0	0.0	0.0	0.0	0.0	0.0	0.0	0.0	0.0	0.0	0.0	0.0	0.0	0.0	0.0	0.0	0.0	0.0	0.0	0.0	0.0	0.0	0.0	0.0	0.0	0.0	0.0	0.0	0.0
Syn.Breast-AdenoCA::S.152	0.09949694078018573	0.0	0.0	0.18204039767971422	0.0	0.0	0.5758726536585757	0.0	0.0	0.0	0.0	0.0	0.0	0.0	0.14259000788152437	0.0	0.0	0.0	0.0	0.0	0.0	0.0	0.0	0.0	0.0	0.0	0.0	0.0	0.0	0.0	0.0	0.0	0.0	0.0	0.0	0.0	0.0	0.0	0.0	0.0	0.0	0.0	0.0	0.0	0.0	0.0	0.0	0.0	0.0	0.0	0.0	0.0	0.0	0.0	0.0	0.0	0.0	0.0	0.0	0.0
Syn.Breast-AdenoCA::S.153	0.15127437460153112	0.0	0.0	0.1577112946962828	0.0	0.18064017883374303	0.09228613092685611	0.039628587417222416	0.0	0.0	0.0	0.0	0.06940995831476184	0.0	0.3090494752096025	0.0	0.0	0.0	0.0	0.0	0.0	0.0	0.0	0.0	0.0	0.0	0.0	0.0	0.0	0.0	0.0	0.0	0.0	0.0	0.0	0.0	0.0	0.0	0.0	0.0	0.0	0.0	0.0	0.0	0.0	0.0	0.0	0.0	0.0	0.0	0.0	0.0	0.0	0.0	0.0	0.0	0.0	0.0	0.0	0.0
Syn.Breast-AdenoCA::S.154	0.059316641909374405	0.0	0.0	0.0663569602672175	0.06437690335553968	0.19792464907118792	0.0	0.0	0.0	0.0	0.0	0.0	0.08966851713715425	0.0	0.1721405554419774	0.0	0.11841544444316437	0.12923309436698516	0.10256723400739945	0.0	0.0	0.0	0.0	0.0	0.0	0.0	0.0	0.0	0.0	0.0	0.0	0.0	0.0	0.0	0.0	0.0	0.0	0.0	0.0	0.0	0.0	0.0	0.0	0.0	0.0	0.0	0.0	0.0	0.0	0.0	0.0	0.0	0.0	0.0	0.0	0.0	0.0	0.0	0.0	0.0
Syn.Breast-AdenoCA::S.155	0.1722518095143266	0.0	0.0	0.1322070477881687	0.0	0.10494239820329766	0.03919722485118339	0.0	0.09568092009160496	0.0	0.0	0.0	0.0	0.0	0.330338522450816	0.0	0.0	0.12538207710060265	0.0	0.0	0.0	0.0	0.0	0.0	0.0	0.0	0.0	0.0	0.0	0.0	0.0	0.0	0.0	0.0	0.0	0.0	0.0	0.0	0.0	0.0	0.0	0.0	0.0	0.0	0.0	0.0	0.0	0.0	0.0	0.0	0.0	0.0	0.0	0.0	0.0	0.0	0.0	0.0	0.0	0.0
Syn.Breast-AdenoCA::S.156	0.01651908328999702	0.0	0.0	0.12994296448238096	0.0	0.0	0.0	0.0	0.0	0.0	0.0	0.0	0.0	0.0	0.8535379522276221	0.0	0.0	0.0	0.0	0.0	0.0	0.0	0.0	0.0	0.0	0.0	0.0	0.0	0.0	0.0	0.0	0.0	0.0	0.0	0.0	0.0	0.0	0.0	0.0	0.0	0.0	0.0	0.0	0.0	0.0	0.0	0.0	0.0	0.0	0.0	0.0	0.0	0.0	0.0	0.0	0.0	0.0	0.0	0.0	0.0
Syn.Breast-AdenoCA::S.157	0.13346843722478713	0.10592106805191047	0.0	0.04923833863130453	0.0	0.0	0.09869978328621905	0.0	0.0	0.10163077436819459	0.12010392418827859	0.0	0.0	0.0	0.2873898400832173	0.0	0.0	0.0	0.10354783416608855	0.0	0.0	0.0	0.0	0.0	0.0	0.0	0.0	0.0	0.0	0.0	0.0	0.0	0.0	0.0	0.0	0.0	0.0	0.0	0.0	0.0	0.0	0.0	0.0	0.0	0.0	0.0	0.0	0.0	0.0	0.0	0.0	0.0	0.0	0.0	0.0	0.0	0.0	0.0	0.0	0.0
Syn.Breast-AdenoCA::S.158	0.045846946948573976	0.2924174099113109	0.0	0.08616831509993723	0.05744099134878179	0.0	0.0	0.0	0.0	0.0	0.0	0.0	0.0	0.19089394756183925	0.3272323891295569	0.0	0.0	0.0	0.0	0.0	0.0	0.0	0.0	0.0	0.0	0.0	0.0	0.0	0.0	0.0	0.0	0.0	0.0	0.0	0.0	0.0	0.0	0.0	0.0	0.0	0.0	0.0	0.0	0.0	0.0	0.0	0.0	0.0	0.0	0.0	0.0	0.0	0.0	0.0	0.0	0.0	0.0	0.0	0.0	0.0
Syn.Breast-AdenoCA::S.159	0.16319273920255714	0.0	0.2550741834946162	0.15890839543222465	0.08242647509699162	0.0	0.0	0.0	0.0	0.0	0.0	0.0	0.0	0.0	0.20056250708828824	0.0	0.0	0.1398356996853222	0.0	0.0	0.0	0.0	0.0	0.0	0.0	0.0	0.0	0.0	0.0	0.0	0.0	0.0	0.0	0.0	0.0	0.0	0.0	0.0	0.0	0.0	0.0	0.0	0.0	0.0	0.0	0.0	0.0	0.0	0.0	0.0	0.0	0.0	0.0	0.0	0.0	0.0	0.0	0.0	0.0	0.0
Syn.Breast-AdenoCA::S.160	0.17135117553281348	0.07465300535187003	0.0	0.09285583024842599	0.1331774995799886	0.0927241943058263	0.0	0.0	0.0	0.0	0.0	0.0790568134258463	0.047082702875958136	0.0	0.0	0.0	0.09940385272380835	0.10815997811695484	0.10153494783850789	0.0	0.0	0.0	0.0	0.0	0.0	0.0	0.0	0.0	0.0	0.0	0.0	0.0	0.0	0.0	0.0	0.0	0.0	0.0	0.0	0.0	0.0	0.0	0.0	0.0	0.0	0.0	0.0	0.0	0.0	0.0	0.0	0.0	0.0	0.0	0.0	0.0	0.0	0.0	0.0	0.0
Syn.Breast-AdenoCA::S.161	0.03125633215794995	0.0	0.0	0.19077235355145586	0.606213154504703	0.0	0.0	0.0	0.0	0.0	0.054853820464330155	0.0	0.0	0.0	0.0	0.0	0.0	0.11690433932156093	0.0	0.0	0.0	0.0	0.0	0.0	0.0	0.0	0.0	0.0	0.0	0.0	0.0	0.0	0.0	0.0	0.0	0.0	0.0	0.0	0.0	0.0	0.0	0.0	0.0	0.0	0.0	0.0	0.0	0.0	0.0	0.0	0.0	0.0	0.0	0.0	0.0	0.0	0.0	0.0	0.0	0.0
Syn.Breast-AdenoCA::S.162	0.04508770262311888	0.05266394510500714	0.0	0.10800313784516377	0.0	0.08000012112328855	0.060790322912938115	0.0	0.0	0.0	0.0	0.0	0.0	0.0	0.4658620874151502	0.0	0.0	0.11237980027069945	0.07521288270463383	0.0	0.0	0.0	0.0	0.0	0.0	0.0	0.0	0.0	0.0	0.0	0.0	0.0	0.0	0.0	0.0	0.0	0.0	0.0	0.0	0.0	0.0	0.0	0.0	0.0	0.0	0.0	0.0	0.0	0.0	0.0	0.0	0.0	0.0	0.0	0.0	0.0	0.0	0.0	0.0	0.0
Syn.Breast-AdenoCA::S.163	0.06751945853295126	0.0	0.0	0.1805493202873806	0.5266289617586949	0.0	0.0	0.0	0.0	0.0	0.0	0.0	0.09646170835984204	0.1288405510611313	0.0	0.0	0.0	0.0	0.0	0.0	0.0	0.0	0.0	0.0	0.0	0.0	0.0	0.0	0.0	0.0	0.0	0.0	0.0	0.0	0.0	0.0	0.0	0.0	0.0	0.0	0.0	0.0	0.0	0.0	0.0	0.0	0.0	0.0	0.0	0.0	0.0	0.0	0.0	0.0	0.0	0.0	0.0	0.0	0.0	0.0
Syn.Breast-AdenoCA::S.164	0.13378486972412107	0.0	0.10619998317621245	0.06132615732156118	0.2635604654372312	0.1513387572287552	0.0	0.0	0.0	0.0	0.0	0.0	0.0	0.05507347645369692	0.0	0.0	0.0	0.15755828434991725	0.0711580063085047	0.0	0.0	0.0	0.0	0.0	0.0	0.0	0.0	0.0	0.0	0.0	0.0	0.0	0.0	0.0	0.0	0.0	0.0	0.0	0.0	0.0	0.0	0.0	0.0	0.0	0.0	0.0	0.0	0.0	0.0	0.0	0.0	0.0	0.0	0.0	0.0	0.0	0.0	0.0	0.0	0.0
Syn.Breast-AdenoCA::S.165	0.047743967126564583	0.0	0.5419719186159063	0.16195255536570807	0.0	0.0	0.07929057524995467	0.0	0.0	0.0	0.0	0.0	0.02232060599192127	0.0	0.0	0.0	0.14672037764994522	0.0	0.0	0.0	0.0	0.0	0.0	0.0	0.0	0.0	0.0	0.0	0.0	0.0	0.0	0.0	0.0	0.0	0.0	0.0	0.0	0.0	0.0	0.0	0.0	0.0	0.0	0.0	0.0	0.0	0.0	0.0	0.0	0.0	0.0	0.0	0.0	0.0	0.0	0.0	0.0	0.0	0.0	0.0
Syn.Breast-AdenoCA::S.166	0.10377243635394275	0.13714269953979677	0.07611549461865945	0.05496678202724079	0.11738015805361945	0.0	0.0	0.0	0.0	0.0	0.0	0.0	0.05579879837462048	0.1129116167325019	0.34191201429961837	0.0	0.0	0.0	0.0	0.0	0.0	0.0	0.0	0.0	0.0	0.0	0.0	0.0	0.0	0.0	0.0	0.0	0.0	0.0	0.0	0.0	0.0	0.0	0.0	0.0	0.0	0.0	0.0	0.0	0.0	0.0	0.0	0.0	0.0	0.0	0.0	0.0	0.0	0.0	0.0	0.0	0.0	0.0	0.0	0.0
Syn.Breast-AdenoCA::S.167	0.16007151002885903	0.0	0.0	0.09824773107688066	0.14557421877725826	0.0	0.27165528272014794	0.0	0.0	0.0	0.0	0.0	0.06423726589866359	0.1369314709604098	0.0	0.1232825205377808	0.0	0.0	0.0	0.0	0.0	0.0	0.0	0.0	0.0	0.0	0.0	0.0	0.0	0.0	0.0	0.0	0.0	0.0	0.0	0.0	0.0	0.0	0.0	0.0	0.0	0.0	0.0	0.0	0.0	0.0	0.0	0.0	0.0	0.0	0.0	0.0	0.0	0.0	0.0	0.0	0.0	0.0	0.0	0.0
Syn.Breast-AdenoCA::S.168	0.062072418231929265	0.0	0.0	0.1880589254777308	0.29076671303170726	0.0	0.0	0.06952269580501874	0.0	0.0	0.0	0.0	0.0	0.0	0.3895792474536139	0.0	0.0	0.0	0.0	0.0	0.0	0.0	0.0	0.0	0.0	0.0	0.0	0.0	0.0	0.0	0.0	0.0	0.0	0.0	0.0	0.0	0.0	0.0	0.0	0.0	0.0	0.0	0.0	0.0	0.0	0.0	0.0	0.0	0.0	0.0	0.0	0.0	0.0	0.0	0.0	0.0	0.0	0.0	0.0	0.0
Syn.Breast-AdenoCA::S.169	0.034424602018228896	0.17142690115457063	0.3079221119746916	0.08712884910031275	0.20225830730341005	0.0	0.08286340263886895	0.0	0.0	0.0	0.0	0.0	0.0	0.1139758258099172	0.0	0.0	0.0	0.0	0.0	0.0	0.0	0.0	0.0	0.0	0.0	0.0	0.0	0.0	0.0	0.0	0.0	0.0	0.0	0.0	0.0	0.0	0.0	0.0	0.0	0.0	0.0	0.0	0.0	0.0	0.0	0.0	0.0	0.0	0.0	0.0	0.0	0.0	0.0	0.0	0.0	0.0	0.0	0.0	0.0	0.0
Syn.Breast-AdenoCA::S.170	0.07816142688679742	0.0	0.0	0.16204821728758248	0.08242404620572401	0.0	0.06662388333877045	0.0	0.0	0.06594396468336441	0.0	0.12138465400556131	0.048523558629884556	0.0	0.3748902489623155	0.0	0.0	0.0	0.0	0.0	0.0	0.0	0.0	0.0	0.0	0.0	0.0	0.0	0.0	0.0	0.0	0.0	0.0	0.0	0.0	0.0	0.0	0.0	0.0	0.0	0.0	0.0	0.0	0.0	0.0	0.0	0.0	0.0	0.0	0.0	0.0	0.0	0.0	0.0	0.0	0.0	0.0	0.0	0.0	0.0
Syn.Breast-AdenoCA::S.171	0.03184471353599335	0.0	0.0	0.11491149423307376	0.11421187424997116	0.0	0.06346485186997432	0.0	0.0	0.0	0.0	0.0	0.05568847036893819	0.0	0.4748596589855893	0.0	0.0	0.1450189367564599	0.0	0.0	0.0	0.0	0.0	0.0	0.0	0.0	0.0	0.0	0.0	0.0	0.0	0.0	0.0	0.0	0.0	0.0	0.0	0.0	0.0	0.0	0.0	0.0	0.0	0.0	0.0	0.0	0.0	0.0	0.0	0.0	0.0	0.0	0.0	0.0	0.0	0.0	0.0	0.0	0.0	0.0
Syn.Breast-AdenoCA::S.172	0.0486533401527612	0.0	0.16963018785458062	0.057903397745334866	0.06887787452839976	0.06919112743220866	0.052117003226295706	0.06153854437670649	0.0	0.0	0.0	0.0	0.07329742613747903	0.12700062387084315	0.0821161313582944	0.0	0.0	0.18967434331709626	0.0	0.0	0.0	0.0	0.0	0.0	0.0	0.0	0.0	0.0	0.0	0.0	0.0	0.0	0.0	0.0	0.0	0.0	0.0	0.0	0.0	0.0	0.0	0.0	0.0	0.0	0.0	0.0	0.0	0.0	0.0	0.0	0.0	0.0	0.0	0.0	0.0	0.0	0.0	0.0	0.0	0.0
Syn.Breast-AdenoCA::S.173	0.1878429727353639	0.06713276819696716	0.0	0.14988547791128654	0.18599932473530575	0.0	0.0	0.0	0.0	0.09551792030013621	0.0	0.0	0.053846379245260895	0.0	0.25977515687567954	0.0	0.0	0.0	0.0	0.0	0.0	0.0	0.0	0.0	0.0	0.0	0.0	0.0	0.0	0.0	0.0	0.0	0.0	0.0	0.0	0.0	0.0	0.0	0.0	0.0	0.0	0.0	0.0	0.0	0.0	0.0	0.0	0.0	0.0	0.0	0.0	0.0	0.0	0.0	0.0	0.0	0.0	0.0	0.0	0.0
Syn.Breast-AdenoCA::S.174	0.06905853046776009	0.0	0.0	0.1591119924275199	0.08224286077643753	0.0	0.0	0.0	0.07767766907516033	0.0	0.0	0.0	0.058654711634390316	0.03994774397494803	0.27553088875940585	0.0	0.0	0.23777560288437802	0.0	0.0	0.0	0.0	0.0	0.0	0.0	0.0	0.0	0.0	0.0	0.0	0.0	0.0	0.0	0.0	0.0	0.0	0.0	0.0	0.0	0.0	0.0	0.0	0.0	0.0	0.0	0.0	0.0	0.0	0.0	0.0	0.0	0.0	0.0	0.0	0.0	0.0	0.0	0.0	0.0	0.0
Syn.Breast-AdenoCA::S.175	0.06570013553794869	0.0	0.0	0.09687078220521374	0.0748134312110544	0.0	0.461120753980675	0.0	0.0	0.0	0.0	0.0	0.08783410088570813	0.0	0.0	0.12348168956697768	0.0	0.0	0.09017910661242243	0.0	0.0	0.0	0.0	0.0	0.0	0.0	0.0	0.0	0.0	0.0	0.0	0.0	0.0	0.0	0.0	0.0	0.0	0.0	0.0	0.0	0.0	0.0	0.0	0.0	0.0	0.0	0.0	0.0	0.0	0.0	0.0	0.0	0.0	0.0	0.0	0.0	0.0	0.0	0.0	0.0
Syn.Breast-AdenoCA::S.176	0.06643777730673983	0.08415329480624506	0.0	0.11574200056914827	0.0	0.0	0.0	0.0	0.0	0.0	0.0	0.0	0.0	0.0	0.6106036474796747	0.0	0.0	0.0	0.1230632798381922	0.0	0.0	0.0	0.0	0.0	0.0	0.0	0.0	0.0	0.0	0.0	0.0	0.0	0.0	0.0	0.0	0.0	0.0	0.0	0.0	0.0	0.0	0.0	0.0	0.0	0.0	0.0	0.0	0.0	0.0	0.0	0.0	0.0	0.0	0.0	0.0	0.0	0.0	0.0	0.0	0.0
Syn.Breast-AdenoCA::S.177	0.12767114378085445	0.0	0.0	0.10434275595840038	0.10409885646652227	0.0	0.0	0.0	0.0	0.04003697568310626	0.0	0.0	0.04055644846472857	0.0	0.0	0.0	0.0	0.4743885185828405	0.10890530106354765	0.0	0.0	0.0	0.0	0.0	0.0	0.0	0.0	0.0	0.0	0.0	0.0	0.0	0.0	0.0	0.0	0.0	0.0	0.0	0.0	0.0	0.0	0.0	0.0	0.0	0.0	0.0	0.0	0.0	0.0	0.0	0.0	0.0	0.0	0.0	0.0	0.0	0.0	0.0	0.0	0.0
Syn.Breast-AdenoCA::S.178	0.0676294919759569	0.0	0.0	0.07928713709175622	0.19268223861454165	0.0	0.0	0.06492867735286063	0.0	0.0	0.0	0.0	0.0	0.15264296019686455	0.166585402580253	0.0	0.0	0.16614798313543916	0.11009610905232779	0.0	0.0	0.0	0.0	0.0	0.0	0.0	0.0	0.0	0.0	0.0	0.0	0.0	0.0	0.0	0.0	0.0	0.0	0.0	0.0	0.0	0.0	0.0	0.0	0.0	0.0	0.0	0.0	0.0	0.0	0.0	0.0	0.0	0.0	0.0	0.0	0.0	0.0	0.0	0.0	0.0
Syn.Breast-AdenoCA::S.179	0.04086291334532682	0.08107240931164565	0.0	0.06986218774588099	0.08664883811542826	0.0	0.0	0.0	0.0	0.0	0.0	0.0	0.0	0.0	0.6088355859230442	0.0	0.11271806555867409	0.0	0.0	0.0	0.0	0.0	0.0	0.0	0.0	0.0	0.0	0.0	0.0	0.0	0.0	0.0	0.0	0.0	0.0	0.0	0.0	0.0	0.0	0.0	0.0	0.0	0.0	0.0	0.0	0.0	0.0	0.0	0.0	0.0	0.0	0.0	0.0	0.0	0.0	0.0	0.0	0.0	0.0	0.0
Syn.Breast-AdenoCA::S.180	0.05135344160695226	0.16339924055349286	0.12022574162084422	0.05160350450794843	0.06529883917268893	0.21976539051072838	0.0	0.0	0.0	0.0	0.0	0.0	0.13405660945371511	0.08641538229038791	0.10788185028324196	0.0	0.0	0.0	0.0	0.0	0.0	0.0	0.0	0.0	0.0	0.0	0.0	0.0	0.0	0.0	0.0	0.0	0.0	0.0	0.0	0.0	0.0	0.0	0.0	0.0	0.0	0.0	0.0	0.0	0.0	0.0	0.0	0.0	0.0	0.0	0.0	0.0	0.0	0.0	0.0	0.0	0.0	0.0	0.0	0.0
Syn.Breast-AdenoCA::S.181	0.07057345717829476	0.10726409665534403	0.0	0.12933474398337752	0.5783299727712956	0.0	0.0	0.0	0.0	0.0	0.0	0.0	0.11449772941168812	0.0	0.0	0.0	0.0	0.0	0.0	0.0	0.0	0.0	0.0	0.0	0.0	0.0	0.0	0.0	0.0	0.0	0.0	0.0	0.0	0.0	0.0	0.0	0.0	0.0	0.0	0.0	0.0	0.0	0.0	0.0	0.0	0.0	0.0	0.0	0.0	0.0	0.0	0.0	0.0	0.0	0.0	0.0	0.0	0.0	0.0	0.0
Syn.Breast-AdenoCA::S.182	0.04824675780053864	0.0	0.3364386325800057	0.16961957740692174	0.0	0.0	0.1611504073493894	0.0	0.0	0.0	0.0	0.0	0.0	0.0	0.2845446248631446	0.0	0.0	0.0	0.0	0.0	0.0	0.0	0.0	0.0	0.0	0.0	0.0	0.0	0.0	0.0	0.0	0.0	0.0	0.0	0.0	0.0	0.0	0.0	0.0	0.0	0.0	0.0	0.0	0.0	0.0	0.0	0.0	0.0	0.0	0.0	0.0	0.0	0.0	0.0	0.0	0.0	0.0	0.0	0.0	0.0
Syn.Breast-AdenoCA::S.183	0.2508742656999579	0.0	0.0	0.2498647559839029	0.0	0.0	0.1824291536979083	0.0	0.0	0.0	0.0	0.0	0.09920450096240387	0.0	0.21762732365582696	0.0	0.0	0.0	0.0	0.0	0.0	0.0	0.0	0.0	0.0	0.0	0.0	0.0	0.0	0.0	0.0	0.0	0.0	0.0	0.0	0.0	0.0	0.0	0.0	0.0	0.0	0.0	0.0	0.0	0.0	0.0	0.0	0.0	0.0	0.0	0.0	0.0	0.0	0.0	0.0	0.0	0.0	0.0	0.0	0.0
Syn.Breast-AdenoCA::S.184	0.13147005683867127	0.0	0.0	0.07110877642920453	0.0	0.08962815410936809	0.0	0.0	0.0	0.04846804909632563	0.0	0.0	0.10397586543839044	0.04796581489840072	0.43686138560908394	0.0	0.0	0.0	0.07052189758055531	0.0	0.0	0.0	0.0	0.0	0.0	0.0	0.0	0.0	0.0	0.0	0.0	0.0	0.0	0.0	0.0	0.0	0.0	0.0	0.0	0.0	0.0	0.0	0.0	0.0	0.0	0.0	0.0	0.0	0.0	0.0	0.0	0.0	0.0	0.0	0.0	0.0	0.0	0.0	0.0	0.0
Syn.Breast-AdenoCA::S.185	0.07725840389995695	0.0	0.13611006313457688	0.039915443956371074	0.0870978207461242	0.057264078263258085	0.0	0.0	0.0	0.0	0.0	0.0	0.13215850895743927	0.09671757798534464	0.0	0.0	0.0	0.23127099502378304	0.1422071080331457	0.0	0.0	0.0	0.0	0.0	0.0	0.0	0.0	0.0	0.0	0.0	0.0	0.0	0.0	0.0	0.0	0.0	0.0	0.0	0.0	0.0	0.0	0.0	0.0	0.0	0.0	0.0	0.0	0.0	0.0	0.0	0.0	0.0	0.0	0.0	0.0	0.0	0.0	0.0	0.0	0.0
Syn.Breast-AdenoCA::S.186	0.06942587372284396	0.06354965577817119	0.0	0.1633553276645755	0.10193849928491154	0.0	0.0	0.0	0.0	0.0	0.0	0.0	0.044750533269857486	0.0	0.2031718807564916	0.0	0.0	0.3538082295231486	0.0	0.0	0.0	0.0	0.0	0.0	0.0	0.0	0.0	0.0	0.0	0.0	0.0	0.0	0.0	0.0	0.0	0.0	0.0	0.0	0.0	0.0	0.0	0.0	0.0	0.0	0.0	0.0	0.0	0.0	0.0	0.0	0.0	0.0	0.0	0.0	0.0	0.0	0.0	0.0	0.0	0.0
Syn.Breast-AdenoCA::S.187	0.061975713022313535	0.0	0.0	0.17439357645580328	0.533780165549833	0.0	0.0	0.0	0.0	0.0	0.0	0.0	0.0	0.0	0.2298505449720501	0.0	0.0	0.0	0.0	0.0	0.0	0.0	0.0	0.0	0.0	0.0	0.0	0.0	0.0	0.0	0.0	0.0	0.0	0.0	0.0	0.0	0.0	0.0	0.0	0.0	0.0	0.0	0.0	0.0	0.0	0.0	0.0	0.0	0.0	0.0	0.0	0.0	0.0	0.0	0.0	0.0	0.0	0.0	0.0	0.0
Syn.Breast-AdenoCA::S.188	0.12130632699014379	0.0	0.0	0.05218627758345191	0.0	0.0828123588052367	0.0	0.044484196087880734	0.0	0.0	0.14725477683254354	0.0	0.0	0.04982391320203389	0.09045768679818011	0.0	0.0	0.1791358873095877	0.1028326755552193	0.1297059008357224	0.0	0.0	0.0	0.0	0.0	0.0	0.0	0.0	0.0	0.0	0.0	0.0	0.0	0.0	0.0	0.0	0.0	0.0	0.0	0.0	0.0	0.0	0.0	0.0	0.0	0.0	0.0	0.0	0.0	0.0	0.0	0.0	0.0	0.0	0.0	0.0	0.0	0.0	0.0	0.0
Syn.Breast-AdenoCA::S.189	0.11074575231544141	0.08447323698496617	0.0	0.07923380479385442	0.19125268196692932	0.06138275567246056	0.0	0.03822481582468861	0.0	0.06379701686779976	0.0	0.05423787600748528	0.0	0.0	0.24360860761011713	0.0	0.0	0.0	0.07304345195625737	0.0	0.0	0.0	0.0	0.0	0.0	0.0	0.0	0.0	0.0	0.0	0.0	0.0	0.0	0.0	0.0	0.0	0.0	0.0	0.0	0.0	0.0	0.0	0.0	0.0	0.0	0.0	0.0	0.0	0.0	0.0	0.0	0.0	0.0	0.0	0.0	0.0	0.0	0.0	0.0	0.0
Syn.Breast-AdenoCA::S.190	0.14762701109082552	0.08908278174141965	0.12901570506360738	0.1395895189241113	0.0	0.0	0.0	0.0	0.11019915421000898	0.0	0.0	0.2123131583747072	0.07994724090422212	0.09222542969109782	0.0	0.0	0.0	0.0	0.0	0.0	0.0	0.0	0.0	0.0	0.0	0.0	0.0	0.0	0.0	0.0	0.0	0.0	0.0	0.0	0.0	0.0	0.0	0.0	0.0	0.0	0.0	0.0	0.0	0.0	0.0	0.0	0.0	0.0	0.0	0.0	0.0	0.0	0.0	0.0	0.0	0.0	0.0	0.0	0.0	0.0
Syn.Breast-AdenoCA::S.191	0.1508390911429536	0.0	0.0	0.10697806499618148	0.0	0.1506510685129545	0.18522717114527837	0.0	0.0	0.0	0.0	0.0	0.0	0.0	0.25600023854507037	0.0	0.0	0.0	0.15030436565756183	0.0	0.0	0.0	0.0	0.0	0.0	0.0	0.0	0.0	0.0	0.0	0.0	0.0	0.0	0.0	0.0	0.0	0.0	0.0	0.0	0.0	0.0	0.0	0.0	0.0	0.0	0.0	0.0	0.0	0.0	0.0	0.0	0.0	0.0	0.0	0.0	0.0	0.0	0.0	0.0	0.0
Syn.Breast-AdenoCA::S.192	0.10373867541464325	0.24600570830995067	0.0	0.208128929534603	0.0	0.0	0.271718195585836	0.0	0.0	0.0	0.0	0.0	0.0	0.17040849115496706	0.0	0.0	0.0	0.0	0.0	0.0	0.0	0.0	0.0	0.0	0.0	0.0	0.0	0.0	0.0	0.0	0.0	0.0	0.0	0.0	0.0	0.0	0.0	0.0	0.0	0.0	0.0	0.0	0.0	0.0	0.0	0.0	0.0	0.0	0.0	0.0	0.0	0.0	0.0	0.0	0.0	0.0	0.0	0.0	0.0	0.0
Syn.Breast-AdenoCA::S.193	0.015663762881791114	0.0	0.0	0.08683035152221721	0.0	0.0	0.8975058855959918	0.0	0.0	0.0	0.0	0.0	0.0	0.0	0.0	0.0	0.0	0.0	0.0	0.0	0.0	0.0	0.0	0.0	0.0	0.0	0.0	0.0	0.0	0.0	0.0	0.0	0.0	0.0	0.0	0.0	0.0	0.0	0.0	0.0	0.0	0.0	0.0	0.0	0.0	0.0	0.0	0.0	0.0	0.0	0.0	0.0	0.0	0.0	0.0	0.0	0.0	0.0	0.0	0.0
Syn.Breast-AdenoCA::S.194	0.026331340113516406	0.05720156902951569	0.0	0.1210756409770219	0.4424528320162926	0.0	0.0	0.0	0.0	0.0	0.0	0.0	0.06383690134307034	0.0585745091131634	0.0	0.0	0.0	0.23052720740741955	0.0	0.0	0.0	0.0	0.0	0.0	0.0	0.0	0.0	0.0	0.0	0.0	0.0	0.0	0.0	0.0	0.0	0.0	0.0	0.0	0.0	0.0	0.0	0.0	0.0	0.0	0.0	0.0	0.0	0.0	0.0	0.0	0.0	0.0	0.0	0.0	0.0	0.0	0.0	0.0	0.0	0.0
Syn.Breast-AdenoCA::S.195	0.08090400840815211	0.0	0.0	0.10046667229767285	0.0	0.09898878000864109	0.03955415063396456	0.04725223670233798	0.0	0.0758001115731609	0.0	0.08709725739161929	0.09192691450720879	0.0	0.08255742499982593	0.11562067171229701	0.0	0.17983177176511947	0.0	0.0	0.0	0.0	0.0	0.0	0.0	0.0	0.0	0.0	0.0	0.0	0.0	0.0	0.0	0.0	0.0	0.0	0.0	0.0	0.0	0.0	0.0	0.0	0.0	0.0	0.0	0.0	0.0	0.0	0.0	0.0	0.0	0.0	0.0	0.0	0.0	0.0	0.0	0.0	0.0	0.0
Syn.Breast-AdenoCA::S.196	0.1472991135656428	0.12256099829349365	0.0	0.09537687457430401	0.27787661943457487	0.0	0.0	0.07389080086504914	0.0	0.06720274471739311	0.0	0.0	0.0	0.0	0.21579284854954248	0.0	0.0	0.0	0.0	0.0	0.0	0.0	0.0	0.0	0.0	0.0	0.0	0.0	0.0	0.0	0.0	0.0	0.0	0.0	0.0	0.0	0.0	0.0	0.0	0.0	0.0	0.0	0.0	0.0	0.0	0.0	0.0	0.0	0.0	0.0	0.0	0.0	0.0	0.0	0.0	0.0	0.0	0.0	0.0	0.0
Syn.Breast-AdenoCA::S.197	0.18545877225503524	0.1085444568569105	0.0	0.15249789235444747	0.14572137819116485	0.07398826598987383	0.0	0.05978500410560061	0.0	0.0	0.0	0.0	0.09046697222945993	0.0	0.1835372580175077	0.0	0.0	0.0	0.0	0.0	0.0	0.0	0.0	0.0	0.0	0.0	0.0	0.0	0.0	0.0	0.0	0.0	0.0	0.0	0.0	0.0	0.0	0.0	0.0	0.0	0.0	0.0	0.0	0.0	0.0	0.0	0.0	0.0	0.0	0.0	0.0	0.0	0.0	0.0	0.0	0.0	0.0	0.0	0.0	0.0
Syn.Breast-AdenoCA::S.198	0.13073953425316276	0.0	0.0	0.1304798100333844	0.14637842500619763	0.0	0.0	0.0	0.0	0.0	0.0	0.0	0.20608896718262398	0.0	0.0	0.0	0.0	0.3863132635246313	0.0	0.0	0.0	0.0	0.0	0.0	0.0	0.0	0.0	0.0	0.0	0.0	0.0	0.0	0.0	0.0	0.0	0.0	0.0	0.0	0.0	0.0	0.0	0.0	0.0	0.0	0.0	0.0	0.0	0.0	0.0	0.0	0.0	0.0	0.0	0.0	0.0	0.0	0.0	0.0	0.0	0.0
