Samples	SBS1	SBS2	SBS3	SBS5	SBS8	SBS12	SBS13	SBS16	SBS17b	SBS18	SBS22	SBS28	SBS30	SBS36	SBS39	SBS40	SBS64	SBS69	SBS70	SBS71	SBS4	SBS6	SBS7a	SBS7b	SBS7c	SBS9	SBS10a	SBS11	SBS14	SBS15	SBS17a	SBS19	SBS21	SBS26	SBS33	SBS35	SBS37	SBS38	SBS60	SBS55	SBS44	SBS61	SBS62	SBS63	SBS65	SBS66	SBS67	SBS68	SBS72	SBS73	SBS74	SBS75	SBS76	SBS77	SBS78	SBS79	SBS80	SBS81	SBS82	SBS83
Syn.Breast-AdenoCA::S.1	0.009135076546488232	0.0	0.0	0.12069543761395955	0.0	0.0	0.0	0.0	0.0	0.0	0.0	0.0	0.0	0.0	0.8701694858395522	0.0	0.0	0.0	0.0	0.0	0.0	0.0	0.0	0.0	0.0	0.0	0.0	0.0	0.0	0.0	0.0	0.0	0.0	0.0	0.0	0.0	0.0	0.0	0.0	0.0	0.0	0.0	0.0	0.0	0.0	0.0	0.0	0.0	0.0	0.0	0.0	0.0	0.0	0.0	0.0	0.0	0.0	0.0	0.0	0.0
Syn.Breast-AdenoCA::S.2	0.031931986483761686	0.0	0.0	0.10952546655535489	0.07877440539932497	0.0	0.0	0.0	0.0	0.0	0.0	0.0	0.0	0.0	0.7797681415615585	0.0	0.0	0.0	0.0	0.0	0.0	0.0	0.0	0.0	0.0	0.0	0.0	0.0	0.0	0.0	0.0	0.0	0.0	0.0	0.0	0.0	0.0	0.0	0.0	0.0	0.0	0.0	0.0	0.0	0.0	0.0	0.0	0.0	0.0	0.0	0.0	0.0	0.0	0.0	0.0	0.0	0.0	0.0	0.0	0.0
Syn.Breast-AdenoCA::S.3	0.11589133825561287	0.0	0.0	0.1556925258501704	0.144661071001489	0.3092942529317688	0.0	0.0	0.0	0.0	0.0	0.0	0.0	0.0	0.11734684981960526	0.0	0.0	0.1571139621413537	0.0	0.0	0.0	0.0	0.0	0.0	0.0	0.0	0.0	0.0	0.0	0.0	0.0	0.0	0.0	0.0	0.0	0.0	0.0	0.0	0.0	0.0	0.0	0.0	0.0	0.0	0.0	0.0	0.0	0.0	0.0	0.0	0.0	0.0	0.0	0.0	0.0	0.0	0.0	0.0	0.0	0.0
Syn.Breast-AdenoCA::S.4	0.09112850545021514	0.0	0.0	0.20050227953878846	0.0	0.0	0.0	0.0	0.0	0.0631636448374398	0.0	0.0	0.10422674250947037	0.0	0.10707256241577856	0.0	0.0	0.43390626524830767	0.0	0.0	0.0	0.0	0.0	0.0	0.0	0.0	0.0	0.0	0.0	0.0	0.0	0.0	0.0	0.0	0.0	0.0	0.0	0.0	0.0	0.0	0.0	0.0	0.0	0.0	0.0	0.0	0.0	0.0	0.0	0.0	0.0	0.0	0.0	0.0	0.0	0.0	0.0	0.0	0.0	0.0
Syn.Breast-AdenoCA::S.5	0.17810557636887045	0.0	0.0	0.1955906110394778	0.3823195151194981	0.1082798621446242	0.0	0.0	0.0	0.0	0.0	0.0	0.0	0.0	0.0	0.0	0.0	0.13570443532752946	0.0	0.0	0.0	0.0	0.0	0.0	0.0	0.0	0.0	0.0	0.0	0.0	0.0	0.0	0.0	0.0	0.0	0.0	0.0	0.0	0.0	0.0	0.0	0.0	0.0	0.0	0.0	0.0	0.0	0.0	0.0	0.0	0.0	0.0	0.0	0.0	0.0	0.0	0.0	0.0	0.0	0.0
Syn.Breast-AdenoCA::S.6	0.08360740590144868	0.10128858258146568	0.0	0.08524224127826585	0.0	0.0376524689201251	0.0	0.0	0.0	0.0	0.0	0.0	0.0	0.0	0.6922093013186946	0.0	0.0	0.0	0.0	0.0	0.0	0.0	0.0	0.0	0.0	0.0	0.0	0.0	0.0	0.0	0.0	0.0	0.0	0.0	0.0	0.0	0.0	0.0	0.0	0.0	0.0	0.0	0.0	0.0	0.0	0.0	0.0	0.0	0.0	0.0	0.0	0.0	0.0	0.0	0.0	0.0	0.0	0.0	0.0	0.0
Syn.Breast-AdenoCA::S.7	0.1357418254468082	0.0	0.0	0.14856325269117493	0.08578037635518636	0.2632109474316073	0.3667035980752232	0.0	0.0	0.0	0.0	0.0	0.0	0.0	0.0	0.0	0.0	0.0	0.0	0.0	0.0	0.0	0.0	0.0	0.0	0.0	0.0	0.0	0.0	0.0	0.0	0.0	0.0	0.0	0.0	0.0	0.0	0.0	0.0	0.0	0.0	0.0	0.0	0.0	0.0	0.0	0.0	0.0	0.0	0.0	0.0	0.0	0.0	0.0	0.0	0.0	0.0	0.0	0.0	0.0
Syn.Breast-AdenoCA::S.8	0.06865172439237427	0.0	0.0	0.14027014885668768	0.0	0.08440784465044077	0.4773987590424318	0.0	0.0	0.0	0.0	0.07890838541019177	0.058916991861760734	0.0	0.09144614578611315	0.0	0.0	0.0	0.0	0.0	0.0	0.0	0.0	0.0	0.0	0.0	0.0	0.0	0.0	0.0	0.0	0.0	0.0	0.0	0.0	0.0	0.0	0.0	0.0	0.0	0.0	0.0	0.0	0.0	0.0	0.0	0.0	0.0	0.0	0.0	0.0	0.0	0.0	0.0	0.0	0.0	0.0	0.0	0.0	0.0
Syn.Breast-AdenoCA::S.9	0.09107078278901601	0.0	0.0	0.18302911550634973	0.0694574893794589	0.0	0.0700706500337112	0.0	0.0	0.049989155936544634	0.0	0.0	0.0	0.0	0.2361985460283636	0.0	0.0	0.18154600131082801	0.1186382590157281	0.0	0.0	0.0	0.0	0.0	0.0	0.0	0.0	0.0	0.0	0.0	0.0	0.0	0.0	0.0	0.0	0.0	0.0	0.0	0.0	0.0	0.0	0.0	0.0	0.0	0.0	0.0	0.0	0.0	0.0	0.0	0.0	0.0	0.0	0.0	0.0	0.0	0.0	0.0	0.0	0.0
Syn.Breast-AdenoCA::S.10	0.08545625595241885	0.0	0.0	0.08377187214905722	0.44717324537170683	0.0	0.09663143529800589	0.0	0.0	0.0	0.0	0.0	0.0	0.0	0.28696719122881137	0.0	0.0	0.0	0.0	0.0	0.0	0.0	0.0	0.0	0.0	0.0	0.0	0.0	0.0	0.0	0.0	0.0	0.0	0.0	0.0	0.0	0.0	0.0	0.0	0.0	0.0	0.0	0.0	0.0	0.0	0.0	0.0	0.0	0.0	0.0	0.0	0.0	0.0	0.0	0.0	0.0	0.0	0.0	0.0	0.0
Syn.Breast-AdenoCA::S.11	0.07532872687065645	0.0	0.11812425455645727	0.17444785853214784	0.0	0.0859083886430676	0.160911235334103	0.0	0.0	0.0	0.0	0.0	0.059956651745633444	0.0	0.2253369436329823	0.0	0.0	0.0	0.09998594068495192	0.0	0.0	0.0	0.0	0.0	0.0	0.0	0.0	0.0	0.0	0.0	0.0	0.0	0.0	0.0	0.0	0.0	0.0	0.0	0.0	0.0	0.0	0.0	0.0	0.0	0.0	0.0	0.0	0.0	0.0	0.0	0.0	0.0	0.0	0.0	0.0	0.0	0.0	0.0	0.0	0.0
Syn.Breast-AdenoCA::S.12	0.283224171575916	0.0	0.0	0.12280554344571987	0.0	0.0	0.0	0.0	0.0	0.06325202551314651	0.0	0.0	0.05475750692078298	0.11221974717422904	0.24779441024334203	0.0	0.11594659512686345	0.0	0.0	0.0	0.0	0.0	0.0	0.0	0.0	0.0	0.0	0.0	0.0	0.0	0.0	0.0	0.0	0.0	0.0	0.0	0.0	0.0	0.0	0.0	0.0	0.0	0.0	0.0	0.0	0.0	0.0	0.0	0.0	0.0	0.0	0.0	0.0	0.0	0.0	0.0	0.0	0.0	0.0	0.0
Syn.Breast-AdenoCA::S.13	0.16595625385255036	0.0	0.0	0.11466552436257396	0.0	0.16924844791452642	0.09202574197654116	0.0	0.0	0.0	0.0	0.051187244691582624	0.07123564645580019	0.0	0.0	0.14475265554804045	0.11038020502999246	0.0	0.08054828016839231	0.0	0.0	0.0	0.0	0.0	0.0	0.0	0.0	0.0	0.0	0.0	0.0	0.0	0.0	0.0	0.0	0.0	0.0	0.0	0.0	0.0	0.0	0.0	0.0	0.0	0.0	0.0	0.0	0.0	0.0	0.0	0.0	0.0	0.0	0.0	0.0	0.0	0.0	0.0	0.0	0.0
Syn.Breast-AdenoCA::S.14	0.09367209047281244	0.13782942196821837	0.0	0.1226959632074321	0.10986596713478172	0.13479637344251	0.0	0.0	0.0	0.0	0.0	0.0	0.11967195513997003	0.0	0.16906356953726112	0.0	0.0	0.0	0.11240465909701416	0.0	0.0	0.0	0.0	0.0	0.0	0.0	0.0	0.0	0.0	0.0	0.0	0.0	0.0	0.0	0.0	0.0	0.0	0.0	0.0	0.0	0.0	0.0	0.0	0.0	0.0	0.0	0.0	0.0	0.0	0.0	0.0	0.0	0.0	0.0	0.0	0.0	0.0	0.0	0.0	0.0
Syn.Breast-AdenoCA::S.15	0.0657883904955805	0.0	0.0	0.08075749826662768	0.26301566261936804	0.10090517218970883	0.0	0.0	0.0	0.0	0.19748786776177707	0.0	0.052458723148539124	0.1481411663087828	0.0	0.0	0.0	0.09144551920961594	0.0	0.0	0.0	0.0	0.0	0.0	0.0	0.0	0.0	0.0	0.0	0.0	0.0	0.0	0.0	0.0	0.0	0.0	0.0	0.0	0.0	0.0	0.0	0.0	0.0	0.0	0.0	0.0	0.0	0.0	0.0	0.0	0.0	0.0	0.0	0.0	0.0	0.0	0.0	0.0	0.0	0.0
Syn.Breast-AdenoCA::S.16	0.14975634471074506	0.14448131681367354	0.13229913898225543	0.21049678009644487	0.03310491519377797	0.022363058740629847	0.0	0.06119970059815548	0.0	0.0	0.16718958477214363	0.0	0.0	0.0	0.0	0.0	0.0	0.0	0.07910916009217431	0.0	0.0	0.0	0.0	0.0	0.0	0.0	0.0	0.0	0.0	0.0	0.0	0.0	0.0	0.0	0.0	0.0	0.0	0.0	0.0	0.0	0.0	0.0	0.0	0.0	0.0	0.0	0.0	0.0	0.0	0.0	0.0	0.0	0.0	0.0	0.0	0.0	0.0	0.0	0.0	0.0
Syn.Breast-AdenoCA::S.17	0.03396305459086438	0.0	0.0	0.0679124429955409	0.0	0.13305411173555529	0.033193271643531835	0.0	0.0862884785862777	0.09664289327405061	0.0	0.0	0.0	0.10352538529606144	0.271749985102802	0.0	0.0	0.17367037677531585	0.0	0.0	0.0	0.0	0.0	0.0	0.0	0.0	0.0	0.0	0.0	0.0	0.0	0.0	0.0	0.0	0.0	0.0	0.0	0.0	0.0	0.0	0.0	0.0	0.0	0.0	0.0	0.0	0.0	0.0	0.0	0.0	0.0	0.0	0.0	0.0	0.0	0.0	0.0	0.0	0.0	0.0
Syn.Breast-AdenoCA::S.18	0.013758382927106348	0.0	0.0	0.13809087471781734	0.0	0.0	0.8481507423550763	0.0	0.0	0.0	0.0	0.0	0.0	0.0	0.0	0.0	0.0	0.0	0.0	0.0	0.0	0.0	0.0	0.0	0.0	0.0	0.0	0.0	0.0	0.0	0.0	0.0	0.0	0.0	0.0	0.0	0.0	0.0	0.0	0.0	0.0	0.0	0.0	0.0	0.0	0.0	0.0	0.0	0.0	0.0	0.0	0.0	0.0	0.0	0.0	0.0	0.0	0.0	0.0	0.0
Syn.Breast-AdenoCA::S.19	0.0332453827376879	0.1382909357817012	0.0	0.09689346919546303	0.0	0.062029620398410104	0.0	0.0	0.0	0.0	0.0	0.0	0.0	0.41327050423319783	0.25627008765353987	0.0	0.0	0.0	0.0	0.0	0.0	0.0	0.0	0.0	0.0	0.0	0.0	0.0	0.0	0.0	0.0	0.0	0.0	0.0	0.0	0.0	0.0	0.0	0.0	0.0	0.0	0.0	0.0	0.0	0.0	0.0	0.0	0.0	0.0	0.0	0.0	0.0	0.0	0.0	0.0	0.0	0.0	0.0	0.0	0.0
Syn.Breast-AdenoCA::S.20	0.12567050761904636	0.0	0.0	0.22025202983546302	0.0	0.0	0.0	0.0	0.0	0.0	0.0	0.08400600962099491	0.08331126343342006	0.0	0.4867601894910756	0.0	0.0	0.0	0.0	0.0	0.0	0.0	0.0	0.0	0.0	0.0	0.0	0.0	0.0	0.0	0.0	0.0	0.0	0.0	0.0	0.0	0.0	0.0	0.0	0.0	0.0	0.0	0.0	0.0	0.0	0.0	0.0	0.0	0.0	0.0	0.0	0.0	0.0	0.0	0.0	0.0	0.0	0.0	0.0	0.0
Syn.Breast-AdenoCA::S.21	0.0387944941486262	0.0	0.0	0.17181294585247892	0.18079540561532162	0.0	0.10964550557829747	0.0	0.0	0.0	0.0	0.0	0.06154581810391413	0.0	0.3407356363950016	0.0	0.0	0.0	0.09667019430635997	0.0	0.0	0.0	0.0	0.0	0.0	0.0	0.0	0.0	0.0	0.0	0.0	0.0	0.0	0.0	0.0	0.0	0.0	0.0	0.0	0.0	0.0	0.0	0.0	0.0	0.0	0.0	0.0	0.0	0.0	0.0	0.0	0.0	0.0	0.0	0.0	0.0	0.0	0.0	0.0	0.0
Syn.Breast-AdenoCA::S.22	0.1252621895027799	0.0	0.0	0.23413834762476737	0.08462690234226912	0.0	0.0	0.0	0.0	0.0	0.09733003413450714	0.0	0.11227854711720969	0.12998325993263973	0.216380719345827	0.0	0.0	0.0	0.0	0.0	0.0	0.0	0.0	0.0	0.0	0.0	0.0	0.0	0.0	0.0	0.0	0.0	0.0	0.0	0.0	0.0	0.0	0.0	0.0	0.0	0.0	0.0	0.0	0.0	0.0	0.0	0.0	0.0	0.0	0.0	0.0	0.0	0.0	0.0	0.0	0.0	0.0	0.0	0.0	0.0
Syn.Breast-AdenoCA::S.23	0.034541297347357496	0.0	0.0	0.11297255951707784	0.0	0.05207079401087831	0.15927254769986932	0.0	0.0	0.0	0.06606489493417711	0.0	0.0	0.0	0.57507790649064	0.0	0.0	0.0	0.0	0.0	0.0	0.0	0.0	0.0	0.0	0.0	0.0	0.0	0.0	0.0	0.0	0.0	0.0	0.0	0.0	0.0	0.0	0.0	0.0	0.0	0.0	0.0	0.0	0.0	0.0	0.0	0.0	0.0	0.0	0.0	0.0	0.0	0.0	0.0	0.0	0.0	0.0	0.0	0.0	0.0
Syn.Breast-AdenoCA::S.24	0.09049795810350629	0.0	0.0	0.1090951260520025	0.13033435276812574	0.0	0.2693270193278157	0.04644451236799742	0.0	0.0	0.0	0.121203760823103	0.0732370304517835	0.0	0.0	0.0	0.0	0.0	0.15986024010566569	0.0	0.0	0.0	0.0	0.0	0.0	0.0	0.0	0.0	0.0	0.0	0.0	0.0	0.0	0.0	0.0	0.0	0.0	0.0	0.0	0.0	0.0	0.0	0.0	0.0	0.0	0.0	0.0	0.0	0.0	0.0	0.0	0.0	0.0	0.0	0.0	0.0	0.0	0.0	0.0	0.0
Syn.Breast-AdenoCA::S.25	0.2068473378341093	0.0	0.109614532376596	0.11443520640473717	0.0	0.0	0.0	0.0	0.0	0.0	0.0	0.0	0.14528311911839095	0.0	0.0	0.0	0.1856956778277798	0.09982732441247578	0.13829680202591083	0.0	0.0	0.0	0.0	0.0	0.0	0.0	0.0	0.0	0.0	0.0	0.0	0.0	0.0	0.0	0.0	0.0	0.0	0.0	0.0	0.0	0.0	0.0	0.0	0.0	0.0	0.0	0.0	0.0	0.0	0.0	0.0	0.0	0.0	0.0	0.0	0.0	0.0	0.0	0.0	0.0
Syn.Breast-AdenoCA::S.26	0.1017679902784399	0.0	0.0	0.14133200320904088	0.1862465193637832	0.04700095682935578	0.0	0.11926053200483885	0.0	0.0	0.0	0.0	0.10986806432896935	0.0	0.05692395802130403	0.0	0.0	0.1505320924214498	0.08706788354281828	0.0	0.0	0.0	0.0	0.0	0.0	0.0	0.0	0.0	0.0	0.0	0.0	0.0	0.0	0.0	0.0	0.0	0.0	0.0	0.0	0.0	0.0	0.0	0.0	0.0	0.0	0.0	0.0	0.0	0.0	0.0	0.0	0.0	0.0	0.0	0.0	0.0	0.0	0.0	0.0	0.0
Syn.Breast-AdenoCA::S.27	0.029142404264558556	0.0	0.21696372221764199	0.055605322925818226	0.14632353880025886	0.10152675458740218	0.0746058133931321	0.0	0.0	0.0	0.0	0.0	0.0	0.2116824566840612	0.1641499871271269	0.0	0.0	0.0	0.0	0.0	0.0	0.0	0.0	0.0	0.0	0.0	0.0	0.0	0.0	0.0	0.0	0.0	0.0	0.0	0.0	0.0	0.0	0.0	0.0	0.0	0.0	0.0	0.0	0.0	0.0	0.0	0.0	0.0	0.0	0.0	0.0	0.0	0.0	0.0	0.0	0.0	0.0	0.0	0.0	0.0
Syn.Breast-AdenoCA::S.28	0.08217083570590475	0.06703468132405996	0.06664783935594956	0.15210949685061093	0.0	0.0	0.0	0.1357256779142912	0.056945094429759924	0.0	0.07614295928575948	0.07148621757112585	0.09036737597822861	0.0	0.08815903660532631	0.0	0.0	0.0	0.11321078497898344	0.0	0.0	0.0	0.0	0.0	0.0	0.0	0.0	0.0	0.0	0.0	0.0	0.0	0.0	0.0	0.0	0.0	0.0	0.0	0.0	0.0	0.0	0.0	0.0	0.0	0.0	0.0	0.0	0.0	0.0	0.0	0.0	0.0	0.0	0.0	0.0	0.0	0.0	0.0	0.0	0.0
Syn.Breast-AdenoCA::S.29	0.05461561256083906	0.0	0.0	0.1662926394845565	0.15757708994782182	0.0	0.0	0.0	0.0	0.0	0.0	0.0	0.0	0.0	0.5264614763865522	0.0	0.0	0.0	0.0950531816202304	0.0	0.0	0.0	0.0	0.0	0.0	0.0	0.0	0.0	0.0	0.0	0.0	0.0	0.0	0.0	0.0	0.0	0.0	0.0	0.0	0.0	0.0	0.0	0.0	0.0	0.0	0.0	0.0	0.0	0.0	0.0	0.0	0.0	0.0	0.0	0.0	0.0	0.0	0.0	0.0	0.0
Syn.Breast-AdenoCA::S.30	0.19987568050508123	0.0	0.0	0.23148561997342332	0.14611770489570805	0.0	0.0	0.0	0.0	0.036953720597297714	0.0	0.0	0.1059079643969004	0.0	0.13642254268878493	0.0	0.0	0.0	0.1432367669428045	0.0	0.0	0.0	0.0	0.0	0.0	0.0	0.0	0.0	0.0	0.0	0.0	0.0	0.0	0.0	0.0	0.0	0.0	0.0	0.0	0.0	0.0	0.0	0.0	0.0	0.0	0.0	0.0	0.0	0.0	0.0	0.0	0.0	0.0	0.0	0.0	0.0	0.0	0.0	0.0	0.0
Syn.Breast-AdenoCA::S.31	0.3642829631959697	0.0	0.0	0.2158281364889452	0.09184123743839218	0.038057947734634	0.0	0.0	0.0	0.0	0.0	0.0	0.0	0.18480247207393435	0.10518724306812456	0.0	0.0	0.0	0.0	0.0	0.0	0.0	0.0	0.0	0.0	0.0	0.0	0.0	0.0	0.0	0.0	0.0	0.0	0.0	0.0	0.0	0.0	0.0	0.0	0.0	0.0	0.0	0.0	0.0	0.0	0.0	0.0	0.0	0.0	0.0	0.0	0.0	0.0	0.0	0.0	0.0	0.0	0.0	0.0	0.0
Syn.Breast-AdenoCA::S.32	0.07546686609797931	0.0	0.0	0.19056443277620655	0.0	0.0	0.19072136847356314	0.0	0.07370353013923404	0.0	0.0	0.0	0.0927448028390647	0.2744499633171757	0.10234903635677639	0.0	0.0	0.0	0.0	0.0	0.0	0.0	0.0	0.0	0.0	0.0	0.0	0.0	0.0	0.0	0.0	0.0	0.0	0.0	0.0	0.0	0.0	0.0	0.0	0.0	0.0	0.0	0.0	0.0	0.0	0.0	0.0	0.0	0.0	0.0	0.0	0.0	0.0	0.0	0.0	0.0	0.0	0.0	0.0	0.0
Syn.Breast-AdenoCA::S.33	0.17475207736561366	0.0	0.0	0.16828757070659178	0.0	0.2598989475148461	0.07712037451099493	0.022793353950237315	0.0	0.0	0.0	0.0	0.0	0.06929925002056159	0.1056043861765805	0.0	0.0	0.0	0.12224403975457411	0.0	0.0	0.0	0.0	0.0	0.0	0.0	0.0	0.0	0.0	0.0	0.0	0.0	0.0	0.0	0.0	0.0	0.0	0.0	0.0	0.0	0.0	0.0	0.0	0.0	0.0	0.0	0.0	0.0	0.0	0.0	0.0	0.0	0.0	0.0	0.0	0.0	0.0	0.0	0.0	0.0
Syn.Breast-AdenoCA::S.34	0.022526372385626332	0.0	0.0	0.18349368067930605	0.0	0.0	0.0	0.0	0.0	0.0	0.0	0.0	0.0	0.0	0.7939799469350677	0.0	0.0	0.0	0.0	0.0	0.0	0.0	0.0	0.0	0.0	0.0	0.0	0.0	0.0	0.0	0.0	0.0	0.0	0.0	0.0	0.0	0.0	0.0	0.0	0.0	0.0	0.0	0.0	0.0	0.0	0.0	0.0	0.0	0.0	0.0	0.0	0.0	0.0	0.0	0.0	0.0	0.0	0.0	0.0	0.0
Syn.Breast-AdenoCA::S.35	0.027755578935272467	0.0	0.0	0.14760193557041615	0.0	0.0	0.609814135456815	0.0	0.0	0.0	0.0	0.0	0.0	0.0	0.21482835003749642	0.0	0.0	0.0	0.0	0.0	0.0	0.0	0.0	0.0	0.0	0.0	0.0	0.0	0.0	0.0	0.0	0.0	0.0	0.0	0.0	0.0	0.0	0.0	0.0	0.0	0.0	0.0	0.0	0.0	0.0	0.0	0.0	0.0	0.0	0.0	0.0	0.0	0.0	0.0	0.0	0.0	0.0	0.0	0.0	0.0
Syn.Breast-AdenoCA::S.36	0.12837266489008822	0.0	0.0	0.1331679561229767	0.0	0.18268879317636702	0.0	0.03512177034426983	0.0	0.0	0.0	0.0	0.10736004955689839	0.1419028712354725	0.17984401858544147	0.0	0.0	0.0915418760884859	0.0	0.0	0.0	0.0	0.0	0.0	0.0	0.0	0.0	0.0	0.0	0.0	0.0	0.0	0.0	0.0	0.0	0.0	0.0	0.0	0.0	0.0	0.0	0.0	0.0	0.0	0.0	0.0	0.0	0.0	0.0	0.0	0.0	0.0	0.0	0.0	0.0	0.0	0.0	0.0	0.0	0.0
Syn.Breast-AdenoCA::S.37	0.0641315565815436	0.0	0.0	0.1745079794109413	0.35119771394649346	0.0	0.31296867978641824	0.0	0.0	0.0	0.0	0.0	0.0	0.0	0.0	0.0	0.0	0.09719407027460344	0.0	0.0	0.0	0.0	0.0	0.0	0.0	0.0	0.0	0.0	0.0	0.0	0.0	0.0	0.0	0.0	0.0	0.0	0.0	0.0	0.0	0.0	0.0	0.0	0.0	0.0	0.0	0.0	0.0	0.0	0.0	0.0	0.0	0.0	0.0	0.0	0.0	0.0	0.0	0.0	0.0	0.0
Syn.Breast-AdenoCA::S.38	0.11109518312915113	0.0	0.0	0.09081561920787438	0.0	0.0991076343848769	0.0	0.0	0.0	0.0	0.0	0.0	0.06515149756140205	0.05856219669277207	0.3234113596048577	0.0	0.0	0.0951792391112541	0.15667727030781187	0.0	0.0	0.0	0.0	0.0	0.0	0.0	0.0	0.0	0.0	0.0	0.0	0.0	0.0	0.0	0.0	0.0	0.0	0.0	0.0	0.0	0.0	0.0	0.0	0.0	0.0	0.0	0.0	0.0	0.0	0.0	0.0	0.0	0.0	0.0	0.0	0.0	0.0	0.0	0.0	0.0
Syn.Breast-AdenoCA::S.39	0.07964968013930253	0.23374950577817172	0.0	0.17925632803509223	0.0	0.2311351774895441	0.0	0.0	0.0	0.0	0.0	0.074149434595123	0.0715067176900446	0.0	0.0	0.0	0.0	0.1305531562727217	0.0	0.0	0.0	0.0	0.0	0.0	0.0	0.0	0.0	0.0	0.0	0.0	0.0	0.0	0.0	0.0	0.0	0.0	0.0	0.0	0.0	0.0	0.0	0.0	0.0	0.0	0.0	0.0	0.0	0.0	0.0	0.0	0.0	0.0	0.0	0.0	0.0	0.0	0.0	0.0	0.0	0.0
Syn.Breast-AdenoCA::S.40	0.05137850602946916	0.0	0.0	0.09836549510948299	0.0	0.05568950105088707	0.0	0.0	0.0	0.052634083966738694	0.10523954444587448	0.0	0.09091449785328151	0.0	0.545778371544266	0.0	0.0	0.0	0.0	0.0	0.0	0.0	0.0	0.0	0.0	0.0	0.0	0.0	0.0	0.0	0.0	0.0	0.0	0.0	0.0	0.0	0.0	0.0	0.0	0.0	0.0	0.0	0.0	0.0	0.0	0.0	0.0	0.0	0.0	0.0	0.0	0.0	0.0	0.0	0.0	0.0	0.0	0.0	0.0	0.0
Syn.Breast-AdenoCA::S.41	0.11709698291380989	0.21913096082282119	0.0	0.181103780485203	0.15331591312808696	0.0	0.12146445947458778	0.0	0.0	0.0	0.0	0.0	0.061673294022686814	0.0	0.14621460915280435	0.0	0.0	0.0	0.0	0.0	0.0	0.0	0.0	0.0	0.0	0.0	0.0	0.0	0.0	0.0	0.0	0.0	0.0	0.0	0.0	0.0	0.0	0.0	0.0	0.0	0.0	0.0	0.0	0.0	0.0	0.0	0.0	0.0	0.0	0.0	0.0	0.0	0.0	0.0	0.0	0.0	0.0	0.0	0.0	0.0
Syn.Breast-AdenoCA::S.42	0.09359129087428113	0.14867308572113408	0.1571521106733391	0.1261684245886016	0.0	0.0	0.12846757681366547	0.0	0.0	0.0	0.1451513615472747	0.0	0.04251698149724315	0.0	0.0507483216603751	0.0	0.0	0.10753084662408563	0.0	0.0	0.0	0.0	0.0	0.0	0.0	0.0	0.0	0.0	0.0	0.0	0.0	0.0	0.0	0.0	0.0	0.0	0.0	0.0	0.0	0.0	0.0	0.0	0.0	0.0	0.0	0.0	0.0	0.0	0.0	0.0	0.0	0.0	0.0	0.0	0.0	0.0	0.0	0.0	0.0	0.0
Syn.Breast-AdenoCA::S.43	0.038238246968639956	0.0	0.0	0.10108916301142844	0.0	0.0	0.24872182590319936	0.0	0.0	0.0	0.10181247062582593	0.0	0.0	0.17468005952943083	0.3354582339614754	0.0	0.0	0.0	0.0	0.0	0.0	0.0	0.0	0.0	0.0	0.0	0.0	0.0	0.0	0.0	0.0	0.0	0.0	0.0	0.0	0.0	0.0	0.0	0.0	0.0	0.0	0.0	0.0	0.0	0.0	0.0	0.0	0.0	0.0	0.0	0.0	0.0	0.0	0.0	0.0	0.0	0.0	0.0	0.0	0.0
Syn.Breast-AdenoCA::S.44	0.03981991947221894	0.0	0.0	0.044645184647464864	0.36256076349676997	0.07630977809763452	0.0	0.0	0.0	0.0	0.0	0.0	0.06879402446864957	0.15237335930070553	0.2554969705165567	0.0	0.0	0.0	0.0	0.0	0.0	0.0	0.0	0.0	0.0	0.0	0.0	0.0	0.0	0.0	0.0	0.0	0.0	0.0	0.0	0.0	0.0	0.0	0.0	0.0	0.0	0.0	0.0	0.0	0.0	0.0	0.0	0.0	0.0	0.0	0.0	0.0	0.0	0.0	0.0	0.0	0.0	0.0	0.0	0.0
Syn.Breast-AdenoCA::S.45	0.19545134063757458	0.07725721106098206	0.0	0.1023676726810888	0.04628335167879439	0.07110015909461787	0.0	0.0	0.0	0.08659545256758584	0.0	0.053476156622366204	0.03310457391871561	0.0	0.2234256649253921	0.0	0.11093841681288255	0.0	0.0	0.0	0.0	0.0	0.0	0.0	0.0	0.0	0.0	0.0	0.0	0.0	0.0	0.0	0.0	0.0	0.0	0.0	0.0	0.0	0.0	0.0	0.0	0.0	0.0	0.0	0.0	0.0	0.0	0.0	0.0	0.0	0.0	0.0	0.0	0.0	0.0	0.0	0.0	0.0	0.0	0.0
Syn.Breast-AdenoCA::S.46	0.0879265847813786	0.0	0.0	0.1061638560861295	0.13499688204348248	0.12837998803816816	0.0	0.0	0.0	0.0	0.0	0.0	0.0	0.13374186858330414	0.05574773445006458	0.07053604233522155	0.0	0.28250704368225094	0.0	0.0	0.0	0.0	0.0	0.0	0.0	0.0	0.0	0.0	0.0	0.0	0.0	0.0	0.0	0.0	0.0	0.0	0.0	0.0	0.0	0.0	0.0	0.0	0.0	0.0	0.0	0.0	0.0	0.0	0.0	0.0	0.0	0.0	0.0	0.0	0.0	0.0	0.0	0.0	0.0	0.0
Syn.Breast-AdenoCA::S.47	0.032813085676224235	0.0	0.1650294697718908	0.16328376469102154	0.0	0.0	0.10505992237080004	0.0	0.0	0.06739726423257508	0.0	0.0	0.07301392011887584	0.0	0.07202387466037143	0.0	0.0	0.321378698478241	0.0	0.0	0.0	0.0	0.0	0.0	0.0	0.0	0.0	0.0	0.0	0.0	0.0	0.0	0.0	0.0	0.0	0.0	0.0	0.0	0.0	0.0	0.0	0.0	0.0	0.0	0.0	0.0	0.0	0.0	0.0	0.0	0.0	0.0	0.0	0.0	0.0	0.0	0.0	0.0	0.0	0.0
Syn.Breast-AdenoCA::S.48	0.08810415883808063	0.06691949232792341	0.1411276459659759	0.07210995084974924	0.0	0.11401848751473125	0.07409238069434104	0.04286023631114176	0.0	0.0735312435767153	0.0	0.0	0.0652912867368073	0.0	0.2619451171845342	0.0	0.0	0.0	0.0	0.0	0.0	0.0	0.0	0.0	0.0	0.0	0.0	0.0	0.0	0.0	0.0	0.0	0.0	0.0	0.0	0.0	0.0	0.0	0.0	0.0	0.0	0.0	0.0	0.0	0.0	0.0	0.0	0.0	0.0	0.0	0.0	0.0	0.0	0.0	0.0	0.0	0.0	0.0	0.0	0.0
Syn.Breast-AdenoCA::S.49	0.07902409227324263	0.1361400415360432	0.0	0.14103224966769004	0.0	0.08872782501907699	0.4186740160758881	0.0	0.0	0.0	0.0	0.0	0.0	0.0	0.1364017754280591	0.0	0.0	0.0	0.0	0.0	0.0	0.0	0.0	0.0	0.0	0.0	0.0	0.0	0.0	0.0	0.0	0.0	0.0	0.0	0.0	0.0	0.0	0.0	0.0	0.0	0.0	0.0	0.0	0.0	0.0	0.0	0.0	0.0	0.0	0.0	0.0	0.0	0.0	0.0	0.0	0.0	0.0	0.0	0.0	0.0
Syn.Breast-AdenoCA::S.50	0.05996513554905843	0.1880130092491264	0.0	0.18855416694408195	0.0	0.0	0.0	0.0	0.0	0.0	0.0	0.0	0.0	0.5634676882577333	0.0	0.0	0.0	0.0	0.0	0.0	0.0	0.0	0.0	0.0	0.0	0.0	0.0	0.0	0.0	0.0	0.0	0.0	0.0	0.0	0.0	0.0	0.0	0.0	0.0	0.0	0.0	0.0	0.0	0.0	0.0	0.0	0.0	0.0	0.0	0.0	0.0	0.0	0.0	0.0	0.0	0.0	0.0	0.0	0.0	0.0
Syn.Breast-AdenoCA::S.51	0.09013272400329267	0.11029297398938934	0.0	0.15856272977918517	0.12144854920359245	0.0	0.0	0.0	0.0	0.0	0.0	0.0	0.075315220746043	0.14582125289207956	0.2984265493864177	0.0	0.0	0.0	0.0	0.0	0.0	0.0	0.0	0.0	0.0	0.0	0.0	0.0	0.0	0.0	0.0	0.0	0.0	0.0	0.0	0.0	0.0	0.0	0.0	0.0	0.0	0.0	0.0	0.0	0.0	0.0	0.0	0.0	0.0	0.0	0.0	0.0	0.0	0.0	0.0	0.0	0.0	0.0	0.0	0.0
Syn.Breast-AdenoCA::S.52	0.31775577578216735	0.0	0.0	0.20557819887694745	0.0	0.0	0.0	0.0	0.0	0.0	0.06933840052576985	0.0	0.0	0.0	0.09879374171342774	0.0	0.0	0.30853388310168767	0.0	0.0	0.0	0.0	0.0	0.0	0.0	0.0	0.0	0.0	0.0	0.0	0.0	0.0	0.0	0.0	0.0	0.0	0.0	0.0	0.0	0.0	0.0	0.0	0.0	0.0	0.0	0.0	0.0	0.0	0.0	0.0	0.0	0.0	0.0	0.0	0.0	0.0	0.0	0.0	0.0	0.0
Syn.Breast-AdenoCA::S.53	0.020134428246358405	0.0	0.0	0.05891269721137532	0.06746212584530425	0.0	0.8534907486969621	0.0	0.0	0.0	0.0	0.0	0.0	0.0	0.0	0.0	0.0	0.0	0.0	0.0	0.0	0.0	0.0	0.0	0.0	0.0	0.0	0.0	0.0	0.0	0.0	0.0	0.0	0.0	0.0	0.0	0.0	0.0	0.0	0.0	0.0	0.0	0.0	0.0	0.0	0.0	0.0	0.0	0.0	0.0	0.0	0.0	0.0	0.0	0.0	0.0	0.0	0.0	0.0	0.0
Syn.Breast-AdenoCA::S.54	0.09863732001011552	0.0	0.0	0.04500494269058	0.0777331558130001	0.1482070961505819	0.0	0.0	0.0	0.05485263172876171	0.0	0.0	0.05983663287224735	0.15508690027304087	0.06617710891875075	0.0	0.0	0.23188628500279881	0.06257792654012302	0.0	0.0	0.0	0.0	0.0	0.0	0.0	0.0	0.0	0.0	0.0	0.0	0.0	0.0	0.0	0.0	0.0	0.0	0.0	0.0	0.0	0.0	0.0	0.0	0.0	0.0	0.0	0.0	0.0	0.0	0.0	0.0	0.0	0.0	0.0	0.0	0.0	0.0	0.0	0.0	0.0
Syn.Breast-AdenoCA::S.55	0.1098869252700789	0.1207719536004481	0.0	0.13084996948034702	0.17405474838470864	0.07043736811528144	0.0	0.0	0.0	0.0	0.0591978790840534	0.0	0.0	0.0	0.3348011560650823	0.0	0.0	0.0	0.0	0.0	0.0	0.0	0.0	0.0	0.0	0.0	0.0	0.0	0.0	0.0	0.0	0.0	0.0	0.0	0.0	0.0	0.0	0.0	0.0	0.0	0.0	0.0	0.0	0.0	0.0	0.0	0.0	0.0	0.0	0.0	0.0	0.0	0.0	0.0	0.0	0.0	0.0	0.0	0.0	0.0
Syn.Breast-AdenoCA::S.56	0.1296266589138533	0.0	0.0	0.20542382167439585	0.0	0.15850072449316563	0.0	0.0	0.0	0.0	0.0	0.0	0.05863134975526826	0.04292174576546262	0.13004176477776966	0.0	0.0	0.0	0.05409317581041269	0.2207607588096721	0.0	0.0	0.0	0.0	0.0	0.0	0.0	0.0	0.0	0.0	0.0	0.0	0.0	0.0	0.0	0.0	0.0	0.0	0.0	0.0	0.0	0.0	0.0	0.0	0.0	0.0	0.0	0.0	0.0	0.0	0.0	0.0	0.0	0.0	0.0	0.0	0.0	0.0	0.0	0.0
Syn.Breast-AdenoCA::S.57	0.03476728968661689	0.0	0.1983593275917327	0.10435967868544023	0.06512117159367779	0.0	0.16259672986066162	0.0	0.0	0.0	0.0	0.0	0.0	0.0	0.4347958025818708	0.0	0.0	0.0	0.0	0.0	0.0	0.0	0.0	0.0	0.0	0.0	0.0	0.0	0.0	0.0	0.0	0.0	0.0	0.0	0.0	0.0	0.0	0.0	0.0	0.0	0.0	0.0	0.0	0.0	0.0	0.0	0.0	0.0	0.0	0.0	0.0	0.0	0.0	0.0	0.0	0.0	0.0	0.0	0.0	0.0
Syn.Breast-AdenoCA::S.58	0.12952216054123322	0.0841123123610523	0.0	0.07565384979236668	0.08210489646705486	0.1552440768240537	0.0	0.0	0.0	0.2342803166273983	0.0	0.0	0.0	0.0	0.0	0.0	0.0	0.12151981766886558	0.11756256971797543	0.0	0.0	0.0	0.0	0.0	0.0	0.0	0.0	0.0	0.0	0.0	0.0	0.0	0.0	0.0	0.0	0.0	0.0	0.0	0.0	0.0	0.0	0.0	0.0	0.0	0.0	0.0	0.0	0.0	0.0	0.0	0.0	0.0	0.0	0.0	0.0	0.0	0.0	0.0	0.0	0.0
Syn.Breast-AdenoCA::S.59	0.19188637589731786	0.0	0.0	0.11880590941521907	0.0	0.0	0.06543602715781383	0.0	0.0	0.06889717935792954	0.075890760727141	0.0	0.0	0.04866389665863376	0.17313742121397527	0.0	0.0	0.1529290931303785	0.10435333644159131	0.0	0.0	0.0	0.0	0.0	0.0	0.0	0.0	0.0	0.0	0.0	0.0	0.0	0.0	0.0	0.0	0.0	0.0	0.0	0.0	0.0	0.0	0.0	0.0	0.0	0.0	0.0	0.0	0.0	0.0	0.0	0.0	0.0	0.0	0.0	0.0	0.0	0.0	0.0	0.0	0.0
Syn.Breast-AdenoCA::S.60	0.1302569940616303	0.0	0.0	0.233069608096573	0.14191290554332087	0.11839620376153591	0.0	0.0	0.0	0.032921762786962676	0.0	0.0	0.0	0.22156448868323103	0.0	0.0	0.0	0.0	0.12187803706674614	0.0	0.0	0.0	0.0	0.0	0.0	0.0	0.0	0.0	0.0	0.0	0.0	0.0	0.0	0.0	0.0	0.0	0.0	0.0	0.0	0.0	0.0	0.0	0.0	0.0	0.0	0.0	0.0	0.0	0.0	0.0	0.0	0.0	0.0	0.0	0.0	0.0	0.0	0.0	0.0	0.0
Syn.Breast-AdenoCA::S.61	0.04614972341241759	0.05676044799430642	0.0	0.10942240949071952	0.35004019783553797	0.0	0.0	0.0	0.0	0.06729910918397196	0.0	0.0	0.0	0.0	0.2102953409309609	0.0	0.0	0.1600327711520856	0.0	0.0	0.0	0.0	0.0	0.0	0.0	0.0	0.0	0.0	0.0	0.0	0.0	0.0	0.0	0.0	0.0	0.0	0.0	0.0	0.0	0.0	0.0	0.0	0.0	0.0	0.0	0.0	0.0	0.0	0.0	0.0	0.0	0.0	0.0	0.0	0.0	0.0	0.0	0.0	0.0	0.0
Syn.Breast-AdenoCA::S.62	0.05812280311706439	0.0	0.0	0.058906632180064346	0.4257471607476212	0.0	0.06195096414115974	0.0	0.0	0.08294465282993176	0.0	0.14284967794260175	0.07148911467968222	0.0	0.0	0.0	0.0	0.0	0.09798899436187462	0.0	0.0	0.0	0.0	0.0	0.0	0.0	0.0	0.0	0.0	0.0	0.0	0.0	0.0	0.0	0.0	0.0	0.0	0.0	0.0	0.0	0.0	0.0	0.0	0.0	0.0	0.0	0.0	0.0	0.0	0.0	0.0	0.0	0.0	0.0	0.0	0.0	0.0	0.0	0.0	0.0
Syn.Breast-AdenoCA::S.63	0.09687074833189473	0.0	0.0	0.034177769069920594	0.0	0.0814884757323933	0.0	0.0	0.0	0.07094598118769214	0.0	0.0	0.05149495739838929	0.05497233980568183	0.19876046167936628	0.0	0.09218421317727031	0.20400451392375316	0.11510053969363837	0.0	0.0	0.0	0.0	0.0	0.0	0.0	0.0	0.0	0.0	0.0	0.0	0.0	0.0	0.0	0.0	0.0	0.0	0.0	0.0	0.0	0.0	0.0	0.0	0.0	0.0	0.0	0.0	0.0	0.0	0.0	0.0	0.0	0.0	0.0	0.0	0.0	0.0	0.0	0.0	0.0
Syn.Breast-AdenoCA::S.64	0.09210318760772374	0.0	0.0	0.11537352558896498	0.0	0.06552661533811696	0.13295093436748484	0.0	0.0	0.07245337704516439	0.0	0.0	0.08784914426705766	0.3024035985857856	0.007463733952028458	0.0	0.12387588324767353	0.0	0.0	0.0	0.0	0.0	0.0	0.0	0.0	0.0	0.0	0.0	0.0	0.0	0.0	0.0	0.0	0.0	0.0	0.0	0.0	0.0	0.0	0.0	0.0	0.0	0.0	0.0	0.0	0.0	0.0	0.0	0.0	0.0	0.0	0.0	0.0	0.0	0.0	0.0	0.0	0.0	0.0	0.0
Syn.Breast-AdenoCA::S.65	0.03247703751386038	0.3341754661873209	0.0	0.1487217593445171	0.0	0.0	0.0	0.0	0.0	0.0	0.0	0.0	0.0	0.0	0.38677513101029776	0.0	0.0	0.09785060594400391	0.0	0.0	0.0	0.0	0.0	0.0	0.0	0.0	0.0	0.0	0.0	0.0	0.0	0.0	0.0	0.0	0.0	0.0	0.0	0.0	0.0	0.0	0.0	0.0	0.0	0.0	0.0	0.0	0.0	0.0	0.0	0.0	0.0	0.0	0.0	0.0	0.0	0.0	0.0	0.0	0.0	0.0
Syn.Breast-AdenoCA::S.66	0.06496832353225446	0.0	0.0	0.2340065546835244	0.20333635701456992	0.16256845036129117	0.09967979105423365	0.0	0.0	0.0	0.05485674063713106	0.0	0.0	0.0	0.18058378271699527	0.0	0.0	0.0	0.0	0.0	0.0	0.0	0.0	0.0	0.0	0.0	0.0	0.0	0.0	0.0	0.0	0.0	0.0	0.0	0.0	0.0	0.0	0.0	0.0	0.0	0.0	0.0	0.0	0.0	0.0	0.0	0.0	0.0	0.0	0.0	0.0	0.0	0.0	0.0	0.0	0.0	0.0	0.0	0.0	0.0
Syn.Breast-AdenoCA::S.67	0.04985088301207538	0.0856212783321754	0.0	0.1058207716710697	0.07859067912501867	0.040430437583253764	0.0	0.0	0.0	0.0	0.0	0.0	0.0	0.0	0.6396859502764071	0.0	0.0	0.0	0.0	0.0	0.0	0.0	0.0	0.0	0.0	0.0	0.0	0.0	0.0	0.0	0.0	0.0	0.0	0.0	0.0	0.0	0.0	0.0	0.0	0.0	0.0	0.0	0.0	0.0	0.0	0.0	0.0	0.0	0.0	0.0	0.0	0.0	0.0	0.0	0.0	0.0	0.0	0.0	0.0	0.0
Syn.Breast-AdenoCA::S.68	0.08042274047035668	0.0	0.16240965335678903	0.14729807515347138	0.0	0.0	0.2326890123995276	0.0	0.0	0.0	0.0	0.07166084930796551	0.0	0.0	0.06168486452745026	0.0	0.0	0.16439076247939519	0.0794440423050445	0.0	0.0	0.0	0.0	0.0	0.0	0.0	0.0	0.0	0.0	0.0	0.0	0.0	0.0	0.0	0.0	0.0	0.0	0.0	0.0	0.0	0.0	0.0	0.0	0.0	0.0	0.0	0.0	0.0	0.0	0.0	0.0	0.0	0.0	0.0	0.0	0.0	0.0	0.0	0.0	0.0
Syn.Breast-AdenoCA::S.69	0.05966931775506555	0.0	0.3143169677336993	0.11470293611628281	0.3200468124007848	0.0	0.12810706369376187	0.0	0.0	0.06315690230040574	0.0	0.0	0.0	0.0	0.0	0.0	0.0	0.0	0.0	0.0	0.0	0.0	0.0	0.0	0.0	0.0	0.0	0.0	0.0	0.0	0.0	0.0	0.0	0.0	0.0	0.0	0.0	0.0	0.0	0.0	0.0	0.0	0.0	0.0	0.0	0.0	0.0	0.0	0.0	0.0	0.0	0.0	0.0	0.0	0.0	0.0	0.0	0.0	0.0	0.0
Syn.Breast-AdenoCA::S.70	0.17925376091935596	0.0	0.0	0.0796890148831118	0.13696073921664273	0.12060855845720266	0.0	0.0	0.0	0.07470481370299219	0.0	0.0	0.0	0.08403059749897163	0.14679347353922284	0.0	0.09655256402510268	0.08140647775739751	0.0	0.0	0.0	0.0	0.0	0.0	0.0	0.0	0.0	0.0	0.0	0.0	0.0	0.0	0.0	0.0	0.0	0.0	0.0	0.0	0.0	0.0	0.0	0.0	0.0	0.0	0.0	0.0	0.0	0.0	0.0	0.0	0.0	0.0	0.0	0.0	0.0	0.0	0.0	0.0	0.0	0.0
Syn.Breast-AdenoCA::S.71	0.07902304013911744	0.05562714066913699	0.0	0.1056392937124236	0.0	0.047605370775602555	0.0	0.0	0.0	0.0	0.0	0.0	0.0	0.11156359596277556	0.471208006799209	0.0	0.0	0.1293335519417348	0.0	0.0	0.0	0.0	0.0	0.0	0.0	0.0	0.0	0.0	0.0	0.0	0.0	0.0	0.0	0.0	0.0	0.0	0.0	0.0	0.0	0.0	0.0	0.0	0.0	0.0	0.0	0.0	0.0	0.0	0.0	0.0	0.0	0.0	0.0	0.0	0.0	0.0	0.0	0.0	0.0	0.0
Syn.Breast-AdenoCA::S.72	0.07651966085906188	0.10282054996590499	0.0	0.09643818934960585	0.0	0.2283326533839805	0.043241717650321775	0.0	0.0	0.0	0.0	0.0	0.0	0.08097946245520814	0.25939623376205256	0.0	0.0	0.1122715325738643	0.0	0.0	0.0	0.0	0.0	0.0	0.0	0.0	0.0	0.0	0.0	0.0	0.0	0.0	0.0	0.0	0.0	0.0	0.0	0.0	0.0	0.0	0.0	0.0	0.0	0.0	0.0	0.0	0.0	0.0	0.0	0.0	0.0	0.0	0.0	0.0	0.0	0.0	0.0	0.0	0.0	0.0
Syn.Breast-AdenoCA::S.73	0.08155675554966547	0.0	0.10957663263393973	0.024758627221939732	0.2031457306148761	0.16105291540611436	0.0	0.04673194371277086	0.0	0.0	0.0	0.0	0.06387377271566275	0.1335727254085476	0.10440001799585873	0.0	0.0	0.07133087874062459	0.0	0.0	0.0	0.0	0.0	0.0	0.0	0.0	0.0	0.0	0.0	0.0	0.0	0.0	0.0	0.0	0.0	0.0	0.0	0.0	0.0	0.0	0.0	0.0	0.0	0.0	0.0	0.0	0.0	0.0	0.0	0.0	0.0	0.0	0.0	0.0	0.0	0.0	0.0	0.0	0.0	0.0
Syn.Breast-AdenoCA::S.74	0.06228995650784433	0.07624489319812162	0.0	0.10359338162446546	0.0952277310851	0.05598020415090935	0.0	0.0	0.0	0.0	0.0	0.0	0.0	0.09917969697530088	0.5074841364582583	0.0	0.0	0.0	0.0	0.0	0.0	0.0	0.0	0.0	0.0	0.0	0.0	0.0	0.0	0.0	0.0	0.0	0.0	0.0	0.0	0.0	0.0	0.0	0.0	0.0	0.0	0.0	0.0	0.0	0.0	0.0	0.0	0.0	0.0	0.0	0.0	0.0	0.0	0.0	0.0	0.0	0.0	0.0	0.0	0.0
Syn.Breast-AdenoCA::S.75	0.12603553270191564	0.0	0.0	0.08344074226195083	0.0	0.054493398891053264	0.18038907254594735	0.0	0.0	0.0	0.0	0.0	0.09387492102874044	0.0	0.0	0.0	0.1257955289918364	0.16988090809629655	0.16608989548225947	0.0	0.0	0.0	0.0	0.0	0.0	0.0	0.0	0.0	0.0	0.0	0.0	0.0	0.0	0.0	0.0	0.0	0.0	0.0	0.0	0.0	0.0	0.0	0.0	0.0	0.0	0.0	0.0	0.0	0.0	0.0	0.0	0.0	0.0	0.0	0.0	0.0	0.0	0.0	0.0	0.0
Syn.Breast-AdenoCA::S.76	0.05821267985017395	0.11278050273673439	0.0	0.09483638357171778	0.0	0.07742580419705239	0.0	0.0	0.11322364618602641	0.0968897218473573	0.0	0.0	0.0	0.0	0.1748798165918682	0.0	0.0	0.18274240705501638	0.08900903796405323	0.0	0.0	0.0	0.0	0.0	0.0	0.0	0.0	0.0	0.0	0.0	0.0	0.0	0.0	0.0	0.0	0.0	0.0	0.0	0.0	0.0	0.0	0.0	0.0	0.0	0.0	0.0	0.0	0.0	0.0	0.0	0.0	0.0	0.0	0.0	0.0	0.0	0.0	0.0	0.0	0.0
Syn.Breast-AdenoCA::S.77	0.21128115151768193	0.08700275437884054	0.0	0.08101958749337977	0.0	0.0	0.22593290882277453	0.0	0.0	0.0	0.05740101438702587	0.0	0.0	0.0	0.2443701592906426	0.0	0.0	0.0	0.09299242410965473	0.0	0.0	0.0	0.0	0.0	0.0	0.0	0.0	0.0	0.0	0.0	0.0	0.0	0.0	0.0	0.0	0.0	0.0	0.0	0.0	0.0	0.0	0.0	0.0	0.0	0.0	0.0	0.0	0.0	0.0	0.0	0.0	0.0	0.0	0.0	0.0	0.0	0.0	0.0	0.0	0.0
Syn.Breast-AdenoCA::S.78	0.047239403940775936	0.17943805369490679	0.0	0.22556627638672772	0.0	0.0582027333780431	0.0769378434221355	0.03921271627312209	0.0	0.0	0.0	0.0	0.048201980312146266	0.0	0.32520099259214263	0.0	0.0	0.0	0.0	0.0	0.0	0.0	0.0	0.0	0.0	0.0	0.0	0.0	0.0	0.0	0.0	0.0	0.0	0.0	0.0	0.0	0.0	0.0	0.0	0.0	0.0	0.0	0.0	0.0	0.0	0.0	0.0	0.0	0.0	0.0	0.0	0.0	0.0	0.0	0.0	0.0	0.0	0.0	0.0	0.0
Syn.Breast-AdenoCA::S.79	0.07224249232295471	0.1750799739709315	0.0	0.07300686385950417	0.0	0.06228852301054278	0.0	0.0	0.0	0.08862624634879955	0.0	0.0	0.14722225549076057	0.0	0.2724442496124098	0.0	0.0	0.0	0.10908939538409693	0.0	0.0	0.0	0.0	0.0	0.0	0.0	0.0	0.0	0.0	0.0	0.0	0.0	0.0	0.0	0.0	0.0	0.0	0.0	0.0	0.0	0.0	0.0	0.0	0.0	0.0	0.0	0.0	0.0	0.0	0.0	0.0	0.0	0.0	0.0	0.0	0.0	0.0	0.0	0.0	0.0
Syn.Breast-AdenoCA::S.80	0.10332696506398359	0.0	0.18135149249039503	0.18054443327493064	0.0	0.12879397268996134	0.0	0.0	0.0	0.0	0.0	0.0	0.0	0.0	0.4059831364807295	0.0	0.0	0.0	0.0	0.0	0.0	0.0	0.0	0.0	0.0	0.0	0.0	0.0	0.0	0.0	0.0	0.0	0.0	0.0	0.0	0.0	0.0	0.0	0.0	0.0	0.0	0.0	0.0	0.0	0.0	0.0	0.0	0.0	0.0	0.0	0.0	0.0	0.0	0.0	0.0	0.0	0.0	0.0	0.0	0.0
Syn.Breast-AdenoCA::S.81	0.1089808348161135	0.0	0.1259542499540012	0.13694498442761613	0.0	0.0	0.0	0.0	0.0	0.0	0.0	0.0	0.13677890193173395	0.3378141034281383	0.09168789677157159	0.0	0.0	0.0	0.06183902867082535	0.0	0.0	0.0	0.0	0.0	0.0	0.0	0.0	0.0	0.0	0.0	0.0	0.0	0.0	0.0	0.0	0.0	0.0	0.0	0.0	0.0	0.0	0.0	0.0	0.0	0.0	0.0	0.0	0.0	0.0	0.0	0.0	0.0	0.0	0.0	0.0	0.0	0.0	0.0	0.0	0.0
Syn.Breast-AdenoCA::S.82	0.061829412344325686	0.0	0.0	0.18418550457047814	0.18348369019281804	0.12814923202402595	0.21782260862046934	0.0	0.0	0.0	0.0	0.0	0.0	0.0	0.22452955224788299	0.0	0.0	0.0	0.0	0.0	0.0	0.0	0.0	0.0	0.0	0.0	0.0	0.0	0.0	0.0	0.0	0.0	0.0	0.0	0.0	0.0	0.0	0.0	0.0	0.0	0.0	0.0	0.0	0.0	0.0	0.0	0.0	0.0	0.0	0.0	0.0	0.0	0.0	0.0	0.0	0.0	0.0	0.0	0.0	0.0
Syn.Breast-AdenoCA::S.83	0.14724594595423451	0.09496978614242872	0.0	0.13925660204127083	0.12371017709184623	0.0	0.13530878483327757	0.0	0.0	0.06385894046397649	0.0	0.0	0.0	0.0	0.2956497634729656	0.0	0.0	0.0	0.0	0.0	0.0	0.0	0.0	0.0	0.0	0.0	0.0	0.0	0.0	0.0	0.0	0.0	0.0	0.0	0.0	0.0	0.0	0.0	0.0	0.0	0.0	0.0	0.0	0.0	0.0	0.0	0.0	0.0	0.0	0.0	0.0	0.0	0.0	0.0	0.0	0.0	0.0	0.0	0.0	0.0
Syn.Breast-AdenoCA::S.84	0.11807057791638602	0.0	0.0	0.1588131051480831	0.1940951832460139	0.15033549914051317	0.11125613802111022	0.0	0.0	0.0	0.0	0.0	0.05646916472064192	0.0	0.21096033180725168	0.0	0.0	0.0	0.0	0.0	0.0	0.0	0.0	0.0	0.0	0.0	0.0	0.0	0.0	0.0	0.0	0.0	0.0	0.0	0.0	0.0	0.0	0.0	0.0	0.0	0.0	0.0	0.0	0.0	0.0	0.0	0.0	0.0	0.0	0.0	0.0	0.0	0.0	0.0	0.0	0.0	0.0	0.0	0.0	0.0
Syn.Breast-AdenoCA::S.85	0.06844037699059366	0.09861783231107106	0.0	0.11483482115128013	0.07191539021814844	0.14373984644060128	0.0	0.0	0.0	0.0	0.0	0.0	0.0	0.0	0.12292922935294877	0.0	0.18859147508697938	0.08878328189686081	0.10214774655151639	0.0	0.0	0.0	0.0	0.0	0.0	0.0	0.0	0.0	0.0	0.0	0.0	0.0	0.0	0.0	0.0	0.0	0.0	0.0	0.0	0.0	0.0	0.0	0.0	0.0	0.0	0.0	0.0	0.0	0.0	0.0	0.0	0.0	0.0	0.0	0.0	0.0	0.0	0.0	0.0	0.0
Syn.Breast-AdenoCA::S.86	0.023076832477156455	0.0	0.0	0.21155709239073403	0.0	0.04159415178873386	0.0	0.0	0.0	0.0	0.0	0.0	0.0	0.0	0.575783986881654	0.0	0.0	0.1479879364617217	0.0	0.0	0.0	0.0	0.0	0.0	0.0	0.0	0.0	0.0	0.0	0.0	0.0	0.0	0.0	0.0	0.0	0.0	0.0	0.0	0.0	0.0	0.0	0.0	0.0	0.0	0.0	0.0	0.0	0.0	0.0	0.0	0.0	0.0	0.0	0.0	0.0	0.0	0.0	0.0	0.0	0.0
Syn.Breast-AdenoCA::S.87	0.1431115843637186	0.0	0.0	0.2267065935151483	0.0	0.07892852727853326	0.0	0.0	0.0	0.047424462314899836	0.0	0.0	0.11658065034534712	0.1709874436358136	0.2162607385465393	0.0	0.0	0.0	0.0	0.0	0.0	0.0	0.0	0.0	0.0	0.0	0.0	0.0	0.0	0.0	0.0	0.0	0.0	0.0	0.0	0.0	0.0	0.0	0.0	0.0	0.0	0.0	0.0	0.0	0.0	0.0	0.0	0.0	0.0	0.0	0.0	0.0	0.0	0.0	0.0	0.0	0.0	0.0	0.0	0.0
Syn.Breast-AdenoCA::S.88	0.11322166487985985	0.0	0.0	0.08191152305677626	0.0	0.10457599833383607	0.0	0.0	0.0	0.0939625639690504	0.05558034573601402	0.0	0.059522148875459924	0.0	0.23470731015922086	0.0	0.0	0.09454233720912487	0.16197610778065777	0.0	0.0	0.0	0.0	0.0	0.0	0.0	0.0	0.0	0.0	0.0	0.0	0.0	0.0	0.0	0.0	0.0	0.0	0.0	0.0	0.0	0.0	0.0	0.0	0.0	0.0	0.0	0.0	0.0	0.0	0.0	0.0	0.0	0.0	0.0	0.0	0.0	0.0	0.0	0.0	0.0
Syn.Breast-AdenoCA::S.89	0.06283491395088668	0.0	0.10041143906341324	0.11196855116462302	0.19823692396155626	0.0	0.0	0.05266828355343705	0.0	0.0	0.05948857022457919	0.06514626170411683	0.055319868672398964	0.07125086143918312	0.026779509579958706	0.0	0.0	0.19589481668584696	0.0	0.0	0.0	0.0	0.0	0.0	0.0	0.0	0.0	0.0	0.0	0.0	0.0	0.0	0.0	0.0	0.0	0.0	0.0	0.0	0.0	0.0	0.0	0.0	0.0	0.0	0.0	0.0	0.0	0.0	0.0	0.0	0.0	0.0	0.0	0.0	0.0	0.0	0.0	0.0	0.0	0.0
Syn.Breast-AdenoCA::S.90	0.04745781316652854	0.0	0.0	0.14599012537645178	0.0	0.0	0.6028569649660362	0.0	0.0	0.06703748933233084	0.0	0.0	0.0	0.0	0.1366576071586526	0.0	0.0	0.0	0.0	0.0	0.0	0.0	0.0	0.0	0.0	0.0	0.0	0.0	0.0	0.0	0.0	0.0	0.0	0.0	0.0	0.0	0.0	0.0	0.0	0.0	0.0	0.0	0.0	0.0	0.0	0.0	0.0	0.0	0.0	0.0	0.0	0.0	0.0	0.0	0.0	0.0	0.0	0.0	0.0	0.0
Syn.Breast-AdenoCA::S.91	0.10870327738072025	0.11203029879795509	0.0	0.2984211644443557	0.0	0.0	0.12153229729649952	0.039781139855104175	0.0	0.0	0.0	0.0	0.05579787912360291	0.0	0.26373394310176235	0.0	0.0	0.0	0.0	0.0	0.0	0.0	0.0	0.0	0.0	0.0	0.0	0.0	0.0	0.0	0.0	0.0	0.0	0.0	0.0	0.0	0.0	0.0	0.0	0.0	0.0	0.0	0.0	0.0	0.0	0.0	0.0	0.0	0.0	0.0	0.0	0.0	0.0	0.0	0.0	0.0	0.0	0.0	0.0	0.0
Syn.Breast-AdenoCA::S.92	0.1130217397816475	0.08512551283278799	0.0	0.11946009715209865	0.0	0.10112459249848336	0.0702917613092264	0.03934989402048893	0.0	0.0	0.0	0.0	0.0	0.12594242608766945	0.2601860801855021	0.0	0.0	0.08549789613209569	0.0	0.0	0.0	0.0	0.0	0.0	0.0	0.0	0.0	0.0	0.0	0.0	0.0	0.0	0.0	0.0	0.0	0.0	0.0	0.0	0.0	0.0	0.0	0.0	0.0	0.0	0.0	0.0	0.0	0.0	0.0	0.0	0.0	0.0	0.0	0.0	0.0	0.0	0.0	0.0	0.0	0.0
Syn.Breast-AdenoCA::S.93	0.08268722399062835	0.12203061725298812	0.0	0.1628564961200839	0.2549811885498317	0.15334095085389182	0.0	0.0	0.0	0.0	0.0	0.0	0.0	0.0	0.22410352323257593	0.0	0.0	0.0	0.0	0.0	0.0	0.0	0.0	0.0	0.0	0.0	0.0	0.0	0.0	0.0	0.0	0.0	0.0	0.0	0.0	0.0	0.0	0.0	0.0	0.0	0.0	0.0	0.0	0.0	0.0	0.0	0.0	0.0	0.0	0.0	0.0	0.0	0.0	0.0	0.0	0.0	0.0	0.0	0.0	0.0
Syn.Breast-AdenoCA::S.94	0.11214123554918547	0.05033988887874218	0.0	0.15720999094815005	0.0	0.0	0.15190274942675638	0.07711659336669807	0.0	0.0	0.0	0.0	0.163972659753768	0.07407864462903005	0.0	0.0	0.0	0.21323823744766995	0.0	0.0	0.0	0.0	0.0	0.0	0.0	0.0	0.0	0.0	0.0	0.0	0.0	0.0	0.0	0.0	0.0	0.0	0.0	0.0	0.0	0.0	0.0	0.0	0.0	0.0	0.0	0.0	0.0	0.0	0.0	0.0	0.0	0.0	0.0	0.0	0.0	0.0	0.0	0.0	0.0	0.0
Syn.Breast-AdenoCA::S.95	0.0661677583719148	0.09364050567876347	0.0	0.1341776086060937	0.48910366949697837	0.07976090761405226	0.0	0.0	0.0	0.0	0.0	0.0	0.0	0.0	0.0	0.0	0.13714955023219738	0.0	0.0	0.0	0.0	0.0	0.0	0.0	0.0	0.0	0.0	0.0	0.0	0.0	0.0	0.0	0.0	0.0	0.0	0.0	0.0	0.0	0.0	0.0	0.0	0.0	0.0	0.0	0.0	0.0	0.0	0.0	0.0	0.0	0.0	0.0	0.0	0.0	0.0	0.0	0.0	0.0	0.0	0.0
Syn.Breast-AdenoCA::S.96	0.07822739974982686	0.09584561939484516	0.0	0.11080676326280808	0.18377359814001942	0.12493111867592932	0.0	0.0	0.0	0.0	0.07224397020928233	0.0	0.0	0.06231476284457228	0.07169170479222875	0.12021298795738002	0.0	0.07995207497310784	0.0	0.0	0.0	0.0	0.0	0.0	0.0	0.0	0.0	0.0	0.0	0.0	0.0	0.0	0.0	0.0	0.0	0.0	0.0	0.0	0.0	0.0	0.0	0.0	0.0	0.0	0.0	0.0	0.0	0.0	0.0	0.0	0.0	0.0	0.0	0.0	0.0	0.0	0.0	0.0	0.0	0.0
Syn.Breast-AdenoCA::S.97	0.32587598319357247	0.0	0.0	0.21210266041115544	0.059150584552903195	0.0	0.0	0.0	0.0	0.0	0.0	0.09760735527336135	0.0	0.0	0.16003712150375832	0.0	0.0	0.0	0.1452262950652492	0.0	0.0	0.0	0.0	0.0	0.0	0.0	0.0	0.0	0.0	0.0	0.0	0.0	0.0	0.0	0.0	0.0	0.0	0.0	0.0	0.0	0.0	0.0	0.0	0.0	0.0	0.0	0.0	0.0	0.0	0.0	0.0	0.0	0.0	0.0	0.0	0.0	0.0	0.0	0.0	0.0
Syn.Breast-AdenoCA::S.98	0.10546895146045611	0.0	0.0	0.09708358300940946	0.2028318614861757	0.0	0.0	0.0	0.0	0.0	0.0	0.0	0.0	0.07540117511724574	0.25613900112548993	0.0	0.08341330778768113	0.17966212001354193	0.0	0.0	0.0	0.0	0.0	0.0	0.0	0.0	0.0	0.0	0.0	0.0	0.0	0.0	0.0	0.0	0.0	0.0	0.0	0.0	0.0	0.0	0.0	0.0	0.0	0.0	0.0	0.0	0.0	0.0	0.0	0.0	0.0	0.0	0.0	0.0	0.0	0.0	0.0	0.0	0.0	0.0
Syn.Breast-AdenoCA::S.99	0.08364636866827439	0.0	0.21897662331534493	0.1251421691583278	0.04892337727218553	0.16915379460279723	0.0	0.0	0.0	0.08477085976772945	0.0	0.0	0.0	0.0	0.2693868072153407	0.0	0.0	0.0	0.0	0.0	0.0	0.0	0.0	0.0	0.0	0.0	0.0	0.0	0.0	0.0	0.0	0.0	0.0	0.0	0.0	0.0	0.0	0.0	0.0	0.0	0.0	0.0	0.0	0.0	0.0	0.0	0.0	0.0	0.0	0.0	0.0	0.0	0.0	0.0	0.0	0.0	0.0	0.0	0.0	0.0
Syn.Breast-AdenoCA::S.100	0.07751637735545946	0.13108279198273265	0.0	0.13798557294269184	0.35611558463725906	0.03894188404036799	0.0	0.0	0.0	0.0	0.0	0.0	0.1429918264002917	0.0	0.0	0.0	0.0	0.0	0.1153659626411973	0.0	0.0	0.0	0.0	0.0	0.0	0.0	0.0	0.0	0.0	0.0	0.0	0.0	0.0	0.0	0.0	0.0	0.0	0.0	0.0	0.0	0.0	0.0	0.0	0.0	0.0	0.0	0.0	0.0	0.0	0.0	0.0	0.0	0.0	0.0	0.0	0.0	0.0	0.0	0.0	0.0
Syn.Breast-AdenoCA::S.101	0.09266970559228901	0.0	0.0	0.17580648519242756	0.08204767547549097	0.0	0.26916320320705617	0.0	0.0	0.0	0.0	0.0	0.0	0.0	0.2813006317755685	0.0	0.0	0.0	0.09901229875716776	0.0	0.0	0.0	0.0	0.0	0.0	0.0	0.0	0.0	0.0	0.0	0.0	0.0	0.0	0.0	0.0	0.0	0.0	0.0	0.0	0.0	0.0	0.0	0.0	0.0	0.0	0.0	0.0	0.0	0.0	0.0	0.0	0.0	0.0	0.0	0.0	0.0	0.0	0.0	0.0	0.0
Syn.Breast-AdenoCA::S.102	0.05712505192569267	0.14876381373390296	0.0	0.033203665065551786	0.17832948893114783	0.09547865406735402	0.0992737886252109	0.05383862034551593	0.0	0.0	0.0	0.0	0.045871801588025785	0.07471150995223609	0.13681756805876216	0.0	0.0	0.0	0.07658603770659977	0.0	0.0	0.0	0.0	0.0	0.0	0.0	0.0	0.0	0.0	0.0	0.0	0.0	0.0	0.0	0.0	0.0	0.0	0.0	0.0	0.0	0.0	0.0	0.0	0.0	0.0	0.0	0.0	0.0	0.0	0.0	0.0	0.0	0.0	0.0	0.0	0.0	0.0	0.0	0.0	0.0
Syn.Breast-AdenoCA::S.103	0.048481841383050416	0.0	0.0	0.032368766815697995	0.10527083186542001	0.16413055679339786	0.0	0.0	0.0	0.06793734905244583	0.0	0.0	0.0	0.0	0.40761588114484565	0.0	0.10541409137439303	0.06878068157074908	0.0	0.0	0.0	0.0	0.0	0.0	0.0	0.0	0.0	0.0	0.0	0.0	0.0	0.0	0.0	0.0	0.0	0.0	0.0	0.0	0.0	0.0	0.0	0.0	0.0	0.0	0.0	0.0	0.0	0.0	0.0	0.0	0.0	0.0	0.0	0.0	0.0	0.0	0.0	0.0	0.0	0.0
Syn.Breast-AdenoCA::S.104	0.04883290650402131	0.0	0.0	0.10622900997634409	0.0	0.0	0.0	0.0	0.0	0.0	0.0	0.0	0.0	0.0	0.8449380835196345	0.0	0.0	0.0	0.0	0.0	0.0	0.0	0.0	0.0	0.0	0.0	0.0	0.0	0.0	0.0	0.0	0.0	0.0	0.0	0.0	0.0	0.0	0.0	0.0	0.0	0.0	0.0	0.0	0.0	0.0	0.0	0.0	0.0	0.0	0.0	0.0	0.0	0.0	0.0	0.0	0.0	0.0	0.0	0.0	0.0
Syn.Breast-AdenoCA::S.105	0.10023291697230556	0.0	0.09766497228469298	0.17366749250043126	0.11790673959204076	0.05083943797679159	0.0	0.0	0.0	0.0	0.0	0.0	0.03543283845945444	0.0	0.4242556022142834	0.0	0.0	0.0	0.0	0.0	0.0	0.0	0.0	0.0	0.0	0.0	0.0	0.0	0.0	0.0	0.0	0.0	0.0	0.0	0.0	0.0	0.0	0.0	0.0	0.0	0.0	0.0	0.0	0.0	0.0	0.0	0.0	0.0	0.0	0.0	0.0	0.0	0.0	0.0	0.0	0.0	0.0	0.0	0.0	0.0
Syn.Breast-AdenoCA::S.106	0.11064336377403265	0.0	0.0	0.12121983767026388	0.0	0.06523595294707953	0.07127247975006737	0.0	0.0	0.0	0.06948609068322205	0.0	0.0	0.0	0.4546757894028185	0.10746648577251611	0.0	0.0	0.0	0.0	0.0	0.0	0.0	0.0	0.0	0.0	0.0	0.0	0.0	0.0	0.0	0.0	0.0	0.0	0.0	0.0	0.0	0.0	0.0	0.0	0.0	0.0	0.0	0.0	0.0	0.0	0.0	0.0	0.0	0.0	0.0	0.0	0.0	0.0	0.0	0.0	0.0	0.0	0.0	0.0
Syn.Breast-AdenoCA::S.107	0.049088734438593185	0.0	0.0	0.1554475727227864	0.34343444249046495	0.2461292261496544	0.1393622385501485	0.0	0.0	0.04483316764479116	0.0	0.0	0.0	0.0	0.021704618003561393	0.0	0.0	0.0	0.0	0.0	0.0	0.0	0.0	0.0	0.0	0.0	0.0	0.0	0.0	0.0	0.0	0.0	0.0	0.0	0.0	0.0	0.0	0.0	0.0	0.0	0.0	0.0	0.0	0.0	0.0	0.0	0.0	0.0	0.0	0.0	0.0	0.0	0.0	0.0	0.0	0.0	0.0	0.0	0.0	0.0
Syn.Breast-AdenoCA::S.108	0.1663149856300063	0.0	0.0	0.0853106538339875	0.0	0.03233825744828199	0.0	0.0	0.0	0.0	0.25206877146864287	0.0	0.0	0.12819578143546143	0.10046643691548018	0.0	0.0	0.09284605914834383	0.14245905411979573	0.0	0.0	0.0	0.0	0.0	0.0	0.0	0.0	0.0	0.0	0.0	0.0	0.0	0.0	0.0	0.0	0.0	0.0	0.0	0.0	0.0	0.0	0.0	0.0	0.0	0.0	0.0	0.0	0.0	0.0	0.0	0.0	0.0	0.0	0.0	0.0	0.0	0.0	0.0	0.0	0.0
Syn.Breast-AdenoCA::S.109	0.045493711647609514	0.2257225837989423	0.0	0.13396965369354197	0.22022649141008546	0.07741112467731737	0.0	0.0	0.0	0.0	0.0	0.0	0.049886648911047236	0.0	0.0	0.0	0.0	0.1264213726410646	0.12086841322039148	0.0	0.0	0.0	0.0	0.0	0.0	0.0	0.0	0.0	0.0	0.0	0.0	0.0	0.0	0.0	0.0	0.0	0.0	0.0	0.0	0.0	0.0	0.0	0.0	0.0	0.0	0.0	0.0	0.0	0.0	0.0	0.0	0.0	0.0	0.0	0.0	0.0	0.0	0.0	0.0	0.0
Syn.Breast-AdenoCA::S.110	0.011754005196517123	0.23782556891803192	0.0	0.06626381855702873	0.6841566073284222	0.0	0.0	0.0	0.0	0.0	0.0	0.0	0.0	0.0	0.0	0.0	0.0	0.0	0.0	0.0	0.0	0.0	0.0	0.0	0.0	0.0	0.0	0.0	0.0	0.0	0.0	0.0	0.0	0.0	0.0	0.0	0.0	0.0	0.0	0.0	0.0	0.0	0.0	0.0	0.0	0.0	0.0	0.0	0.0	0.0	0.0	0.0	0.0	0.0	0.0	0.0	0.0	0.0	0.0	0.0
Syn.Breast-AdenoCA::S.111	0.09362060032887343	0.0	0.0	0.14835142315575847	0.0	0.15080277780088652	0.0	0.028664929665731087	0.2608789265305496	0.0	0.0	0.0	0.11482359555379205	0.0	0.021825851634813414	0.0	0.0	0.18103189532959535	0.0	0.0	0.0	0.0	0.0	0.0	0.0	0.0	0.0	0.0	0.0	0.0	0.0	0.0	0.0	0.0	0.0	0.0	0.0	0.0	0.0	0.0	0.0	0.0	0.0	0.0	0.0	0.0	0.0	0.0	0.0	0.0	0.0	0.0	0.0	0.0	0.0	0.0	0.0	0.0	0.0	0.0
Syn.Breast-AdenoCA::S.112	0.13622657090751408	0.0	0.4018594103767834	0.24592607749311868	0.0	0.0	0.0	0.0	0.0	0.0	0.10135390910836097	0.0	0.0	0.0	0.11463403211422292	0.0	0.0	0.0	0.0	0.0	0.0	0.0	0.0	0.0	0.0	0.0	0.0	0.0	0.0	0.0	0.0	0.0	0.0	0.0	0.0	0.0	0.0	0.0	0.0	0.0	0.0	0.0	0.0	0.0	0.0	0.0	0.0	0.0	0.0	0.0	0.0	0.0	0.0	0.0	0.0	0.0	0.0	0.0	0.0	0.0
Syn.Breast-AdenoCA::S.113	0.06429253960334824	0.40532188844905453	0.0	0.30832436361595306	0.0	0.1076368158669175	0.0	0.0	0.0	0.0	0.0	0.0	0.11442439246472662	0.0	0.0	0.0	0.0	0.0	0.0	0.0	0.0	0.0	0.0	0.0	0.0	0.0	0.0	0.0	0.0	0.0	0.0	0.0	0.0	0.0	0.0	0.0	0.0	0.0	0.0	0.0	0.0	0.0	0.0	0.0	0.0	0.0	0.0	0.0	0.0	0.0	0.0	0.0	0.0	0.0	0.0	0.0	0.0	0.0	0.0	0.0
Syn.Breast-AdenoCA::S.114	0.1348186883626694	0.06748309340368712	0.0	0.20427183695150256	0.13298765625774583	0.16569334337951241	0.0	0.03345743581088023	0.0	0.0	0.0	0.0	0.0	0.0	0.06454797698549235	0.0	0.0	0.09092411442140065	0.10581585442710942	0.0	0.0	0.0	0.0	0.0	0.0	0.0	0.0	0.0	0.0	0.0	0.0	0.0	0.0	0.0	0.0	0.0	0.0	0.0	0.0	0.0	0.0	0.0	0.0	0.0	0.0	0.0	0.0	0.0	0.0	0.0	0.0	0.0	0.0	0.0	0.0	0.0	0.0	0.0	0.0	0.0
Syn.Breast-AdenoCA::S.115	0.03563657967585703	0.1928741782354537	0.0	0.10453114539421887	0.0	0.0	0.23829250776726635	0.0	0.0	0.0	0.0	0.0	0.0	0.0	0.16495106859880093	0.0	0.0	0.2637145203284029	0.0	0.0	0.0	0.0	0.0	0.0	0.0	0.0	0.0	0.0	0.0	0.0	0.0	0.0	0.0	0.0	0.0	0.0	0.0	0.0	0.0	0.0	0.0	0.0	0.0	0.0	0.0	0.0	0.0	0.0	0.0	0.0	0.0	0.0	0.0	0.0	0.0	0.0	0.0	0.0	0.0	0.0
Syn.Breast-AdenoCA::S.116	0.14429438477975612	0.0	0.0	0.11473917997223863	0.195530505896795	0.0	0.0	0.0	0.0	0.0	0.0	0.0	0.12831872578964937	0.2558060557399285	0.16131114782163228	0.0	0.0	0.0	0.0	0.0	0.0	0.0	0.0	0.0	0.0	0.0	0.0	0.0	0.0	0.0	0.0	0.0	0.0	0.0	0.0	0.0	0.0	0.0	0.0	0.0	0.0	0.0	0.0	0.0	0.0	0.0	0.0	0.0	0.0	0.0	0.0	0.0	0.0	0.0	0.0	0.0	0.0	0.0	0.0	0.0
Syn.Breast-AdenoCA::S.117	0.1705191310472829	0.0	0.0	0.23093348560346302	0.02968418251335767	0.035067052018338624	0.0	0.0	0.0	0.0	0.0	0.07503440830947154	0.0	0.0	0.17221897528352717	0.0	0.13554567494421876	0.0	0.15099709028034033	0.0	0.0	0.0	0.0	0.0	0.0	0.0	0.0	0.0	0.0	0.0	0.0	0.0	0.0	0.0	0.0	0.0	0.0	0.0	0.0	0.0	0.0	0.0	0.0	0.0	0.0	0.0	0.0	0.0	0.0	0.0	0.0	0.0	0.0	0.0	0.0	0.0	0.0	0.0	0.0	0.0
Syn.Breast-AdenoCA::S.118	0.1904602309868891	0.0	0.1505397235019791	0.1981659518421982	0.0	0.10589266497388904	0.16123977155557875	0.0	0.0	0.0	0.0	0.0	0.0	0.0	0.0	0.0	0.0	0.0	0.19370165713946583	0.0	0.0	0.0	0.0	0.0	0.0	0.0	0.0	0.0	0.0	0.0	0.0	0.0	0.0	0.0	0.0	0.0	0.0	0.0	0.0	0.0	0.0	0.0	0.0	0.0	0.0	0.0	0.0	0.0	0.0	0.0	0.0	0.0	0.0	0.0	0.0	0.0	0.0	0.0	0.0	0.0
Syn.Breast-AdenoCA::S.119	0.035266847488635594	0.0	0.0	0.21891070181180744	0.13328855193800015	0.0	0.0	0.0	0.0	0.0889979804344053	0.0	0.0	0.0	0.0	0.5235359183271515	0.0	0.0	0.0	0.0	0.0	0.0	0.0	0.0	0.0	0.0	0.0	0.0	0.0	0.0	0.0	0.0	0.0	0.0	0.0	0.0	0.0	0.0	0.0	0.0	0.0	0.0	0.0	0.0	0.0	0.0	0.0	0.0	0.0	0.0	0.0	0.0	0.0	0.0	0.0	0.0	0.0	0.0	0.0	0.0	0.0
Syn.Breast-AdenoCA::S.120	0.07813383585973728	0.0	0.0	0.1726115636670986	0.0	0.0	0.0	0.0	0.0	0.0	0.0	0.0	0.057867190258694245	0.20977519158286426	0.4816122186316055	0.0	0.0	0.0	0.0	0.0	0.0	0.0	0.0	0.0	0.0	0.0	0.0	0.0	0.0	0.0	0.0	0.0	0.0	0.0	0.0	0.0	0.0	0.0	0.0	0.0	0.0	0.0	0.0	0.0	0.0	0.0	0.0	0.0	0.0	0.0	0.0	0.0	0.0	0.0	0.0	0.0	0.0	0.0	0.0	0.0
Syn.Breast-AdenoCA::S.121	0.11993278463798897	0.08386625470198107	0.0	0.09211772784545398	0.0	0.0	0.0	0.0	0.0	0.0	0.06355265168810063	0.0	0.0	0.377501690245188	0.26302889088128745	0.0	0.0	0.0	0.0	0.0	0.0	0.0	0.0	0.0	0.0	0.0	0.0	0.0	0.0	0.0	0.0	0.0	0.0	0.0	0.0	0.0	0.0	0.0	0.0	0.0	0.0	0.0	0.0	0.0	0.0	0.0	0.0	0.0	0.0	0.0	0.0	0.0	0.0	0.0	0.0	0.0	0.0	0.0	0.0	0.0
Syn.Breast-AdenoCA::S.122	0.09074173295822736	0.0	0.0	0.04674921374674669	0.24535990046022796	0.09963216495806754	0.0	0.0	0.0	0.0	0.0	0.0	0.037263111694250166	0.10563954330519905	0.12283196597746898	0.0	0.05897421805037813	0.09165651760403846	0.10115163124539572	0.0	0.0	0.0	0.0	0.0	0.0	0.0	0.0	0.0	0.0	0.0	0.0	0.0	0.0	0.0	0.0	0.0	0.0	0.0	0.0	0.0	0.0	0.0	0.0	0.0	0.0	0.0	0.0	0.0	0.0	0.0	0.0	0.0	0.0	0.0	0.0	0.0	0.0	0.0	0.0	0.0
Syn.Breast-AdenoCA::S.123	0.0420229512721371	0.05940015583897048	0.0	0.07718971572935766	0.11104290648673909	0.22685968165985543	0.0	0.0	0.0	0.0	0.05120710974352472	0.0	0.0	0.0	0.4322774792694154	0.0	0.0	0.0	0.0	0.0	0.0	0.0	0.0	0.0	0.0	0.0	0.0	0.0	0.0	0.0	0.0	0.0	0.0	0.0	0.0	0.0	0.0	0.0	0.0	0.0	0.0	0.0	0.0	0.0	0.0	0.0	0.0	0.0	0.0	0.0	0.0	0.0	0.0	0.0	0.0	0.0	0.0	0.0	0.0	0.0
Syn.Breast-AdenoCA::S.124	0.06416669641141105	0.449125558331874	0.0	0.1445794664024963	0.0	0.09883575885619561	0.08429915446859246	0.0	0.0	0.0	0.0	0.0	0.0	0.0	0.0	0.0	0.0	0.0	0.1589933655294307	0.0	0.0	0.0	0.0	0.0	0.0	0.0	0.0	0.0	0.0	0.0	0.0	0.0	0.0	0.0	0.0	0.0	0.0	0.0	0.0	0.0	0.0	0.0	0.0	0.0	0.0	0.0	0.0	0.0	0.0	0.0	0.0	0.0	0.0	0.0	0.0	0.0	0.0	0.0	0.0	0.0
Syn.Breast-AdenoCA::S.125	0.16323669268046176	0.0	0.0	0.15454338611167137	0.0	0.21545636166680704	0.0	0.0	0.0	0.0	0.056333963574317324	0.0	0.09794786669232829	0.0	0.2520871006524157	0.0	0.0	0.0	0.06039462862199855	0.0	0.0	0.0	0.0	0.0	0.0	0.0	0.0	0.0	0.0	0.0	0.0	0.0	0.0	0.0	0.0	0.0	0.0	0.0	0.0	0.0	0.0	0.0	0.0	0.0	0.0	0.0	0.0	0.0	0.0	0.0	0.0	0.0	0.0	0.0	0.0	0.0	0.0	0.0	0.0	0.0
Syn.Breast-AdenoCA::S.126	0.06311869408425991	0.0	0.0	0.2223241937031528	0.1948074144230838	0.0	0.0	0.0	0.0	0.023686140567888144	0.0	0.0	0.09586782175476646	0.13903247582736963	0.2611632596394793	0.0	0.0	0.0	0.0	0.0	0.0	0.0	0.0	0.0	0.0	0.0	0.0	0.0	0.0	0.0	0.0	0.0	0.0	0.0	0.0	0.0	0.0	0.0	0.0	0.0	0.0	0.0	0.0	0.0	0.0	0.0	0.0	0.0	0.0	0.0	0.0	0.0	0.0	0.0	0.0	0.0	0.0	0.0	0.0	0.0
Syn.Breast-AdenoCA::S.127	0.022479456369987317	0.0	0.0	0.16903423491647554	0.0	0.0	0.0	0.0	0.0	0.0	0.0	0.0	0.0	0.0	0.8084863087135372	0.0	0.0	0.0	0.0	0.0	0.0	0.0	0.0	0.0	0.0	0.0	0.0	0.0	0.0	0.0	0.0	0.0	0.0	0.0	0.0	0.0	0.0	0.0	0.0	0.0	0.0	0.0	0.0	0.0	0.0	0.0	0.0	0.0	0.0	0.0	0.0	0.0	0.0	0.0	0.0	0.0	0.0	0.0	0.0	0.0
Syn.Breast-AdenoCA::S.128	0.09657821575518075	0.08020142935208059	0.0	0.17128678012615836	0.09892904920970742	0.22987049806295298	0.0	0.0	0.0	0.0	0.0	0.0	0.11741218681400402	0.0	0.11166388285456792	0.0	0.0	0.09405795782534791	0.0	0.0	0.0	0.0	0.0	0.0	0.0	0.0	0.0	0.0	0.0	0.0	0.0	0.0	0.0	0.0	0.0	0.0	0.0	0.0	0.0	0.0	0.0	0.0	0.0	0.0	0.0	0.0	0.0	0.0	0.0	0.0	0.0	0.0	0.0	0.0	0.0	0.0	0.0	0.0	0.0	0.0
Syn.Breast-AdenoCA::S.129	0.08678652522041726	0.0	0.0	0.2113498683255864	0.0	0.0	0.0	0.06944659169047504	0.0	0.049362040707805234	0.0	0.0	0.07868541052583682	0.0	0.298748859089189	0.20562070444069036	0.0	0.0	0.0	0.0	0.0	0.0	0.0	0.0	0.0	0.0	0.0	0.0	0.0	0.0	0.0	0.0	0.0	0.0	0.0	0.0	0.0	0.0	0.0	0.0	0.0	0.0	0.0	0.0	0.0	0.0	0.0	0.0	0.0	0.0	0.0	0.0	0.0	0.0	0.0	0.0	0.0	0.0	0.0	0.0
Syn.Breast-AdenoCA::S.130	0.06850742691202721	0.0	0.0	0.12743880556993215	0.0979080750964993	0.0	0.0	0.05395863040613583	0.0	0.05439756446711402	0.0	0.0	0.0	0.0	0.0	0.0	0.0	0.5977894975482916	0.0	0.0	0.0	0.0	0.0	0.0	0.0	0.0	0.0	0.0	0.0	0.0	0.0	0.0	0.0	0.0	0.0	0.0	0.0	0.0	0.0	0.0	0.0	0.0	0.0	0.0	0.0	0.0	0.0	0.0	0.0	0.0	0.0	0.0	0.0	0.0	0.0	0.0	0.0	0.0	0.0	0.0
Syn.Breast-AdenoCA::S.131	0.0434541369806947	0.2039653254837696	0.0	0.14046008610415436	0.0	0.05006577110783536	0.0	0.05381289541573548	0.0	0.0	0.0572851950821346	0.0	0.0	0.0	0.05901519184659277	0.0	0.18997309998459003	0.20196829799449317	0.0	0.0	0.0	0.0	0.0	0.0	0.0	0.0	0.0	0.0	0.0	0.0	0.0	0.0	0.0	0.0	0.0	0.0	0.0	0.0	0.0	0.0	0.0	0.0	0.0	0.0	0.0	0.0	0.0	0.0	0.0	0.0	0.0	0.0	0.0	0.0	0.0	0.0	0.0	0.0	0.0	0.0
Syn.Breast-AdenoCA::S.132	0.13210143703308602	0.0	0.0	0.10319876249892158	0.0	0.24427471212870144	0.039531026599038524	0.0	0.0	0.0	0.0	0.06475784776580634	0.0	0.05791326237766527	0.1054816127598734	0.0	0.0	0.25274133883690747	0.0	0.0	0.0	0.0	0.0	0.0	0.0	0.0	0.0	0.0	0.0	0.0	0.0	0.0	0.0	0.0	0.0	0.0	0.0	0.0	0.0	0.0	0.0	0.0	0.0	0.0	0.0	0.0	0.0	0.0	0.0	0.0	0.0	0.0	0.0	0.0	0.0	0.0	0.0	0.0	0.0	0.0
Syn.Breast-AdenoCA::S.133	0.17691863983021486	0.0	0.0	0.2653772550155633	0.0	0.029158220179247664	0.0	0.0	0.09788825662259969	0.09033014669616811	0.0	0.0	0.0	0.0	0.34032748165620635	0.0	0.0	0.0	0.0	0.0	0.0	0.0	0.0	0.0	0.0	0.0	0.0	0.0	0.0	0.0	0.0	0.0	0.0	0.0	0.0	0.0	0.0	0.0	0.0	0.0	0.0	0.0	0.0	0.0	0.0	0.0	0.0	0.0	0.0	0.0	0.0	0.0	0.0	0.0	0.0	0.0	0.0	0.0	0.0	0.0
Syn.Breast-AdenoCA::S.134	0.14709778250330566	0.07501239580871977	0.0	0.10333185835005602	0.0	0.21163763363365917	0.0	0.0	0.0	0.09575570469472493	0.09142476969702	0.0	0.07112837967185734	0.09623999113417342	0.0	0.0	0.0	0.0	0.1083714845064836	0.0	0.0	0.0	0.0	0.0	0.0	0.0	0.0	0.0	0.0	0.0	0.0	0.0	0.0	0.0	0.0	0.0	0.0	0.0	0.0	0.0	0.0	0.0	0.0	0.0	0.0	0.0	0.0	0.0	0.0	0.0	0.0	0.0	0.0	0.0	0.0	0.0	0.0	0.0	0.0	0.0
Syn.Breast-AdenoCA::S.135	0.11627145078285257	0.05119344917218687	0.0	0.12834110536071075	0.08257555969032399	0.10591579007621339	0.10927203636479688	0.0	0.0	0.0	0.08335693363812847	0.0	0.0	0.0	0.11578143235766113	0.0	0.0	0.20729224255712583	0.0	0.0	0.0	0.0	0.0	0.0	0.0	0.0	0.0	0.0	0.0	0.0	0.0	0.0	0.0	0.0	0.0	0.0	0.0	0.0	0.0	0.0	0.0	0.0	0.0	0.0	0.0	0.0	0.0	0.0	0.0	0.0	0.0	0.0	0.0	0.0	0.0	0.0	0.0	0.0	0.0	0.0
Syn.Breast-AdenoCA::S.136	0.0569397331360137	0.0	0.0	0.14548592762620716	0.0	0.0	0.6569883546174828	0.0	0.0	0.0	0.0	0.0	0.0	0.0	0.0	0.0	0.0	0.14058598462029642	0.0	0.0	0.0	0.0	0.0	0.0	0.0	0.0	0.0	0.0	0.0	0.0	0.0	0.0	0.0	0.0	0.0	0.0	0.0	0.0	0.0	0.0	0.0	0.0	0.0	0.0	0.0	0.0	0.0	0.0	0.0	0.0	0.0	0.0	0.0	0.0	0.0	0.0	0.0	0.0	0.0	0.0
Syn.Breast-AdenoCA::S.137	0.25045989105106087	0.0	0.0	0.03775544115429308	0.0	0.05562507751000231	0.10559621217589477	0.07060967654410931	0.0	0.06706272759060573	0.09761863107352231	0.0	0.0	0.0	0.08263131829360557	0.0	0.10831331029142521	0.06287100628840812	0.061456708027072766	0.0	0.0	0.0	0.0	0.0	0.0	0.0	0.0	0.0	0.0	0.0	0.0	0.0	0.0	0.0	0.0	0.0	0.0	0.0	0.0	0.0	0.0	0.0	0.0	0.0	0.0	0.0	0.0	0.0	0.0	0.0	0.0	0.0	0.0	0.0	0.0	0.0	0.0	0.0	0.0	0.0
Syn.Breast-AdenoCA::S.138	0.05437698385861141	0.0	0.0	0.0936615632147412	0.10751484991291149	0.0	0.0	0.1297399344519784	0.0	0.0	0.0	0.0	0.10974330404616611	0.10407751893248374	0.0	0.0	0.2152440785862108	0.07966428922188007	0.1059774777750167	0.0	0.0	0.0	0.0	0.0	0.0	0.0	0.0	0.0	0.0	0.0	0.0	0.0	0.0	0.0	0.0	0.0	0.0	0.0	0.0	0.0	0.0	0.0	0.0	0.0	0.0	0.0	0.0	0.0	0.0	0.0	0.0	0.0	0.0	0.0	0.0	0.0	0.0	0.0	0.0	0.0
Syn.Breast-AdenoCA::S.139	0.04826635582455452	0.0	0.0	0.16256858080357572	0.2228732816527129	0.04637111183871237	0.0	0.0	0.0	0.03089812267220262	0.0	0.0	0.1275676904069394	0.07929161803472003	0.0	0.0	0.16848018155661149	0.0	0.11368305720997113	0.0	0.0	0.0	0.0	0.0	0.0	0.0	0.0	0.0	0.0	0.0	0.0	0.0	0.0	0.0	0.0	0.0	0.0	0.0	0.0	0.0	0.0	0.0	0.0	0.0	0.0	0.0	0.0	0.0	0.0	0.0	0.0	0.0	0.0	0.0	0.0	0.0	0.0	0.0	0.0	0.0
Syn.Breast-AdenoCA::S.140	0.07159296510672933	0.10859118853286485	0.0	0.1313230847875468	0.0	0.0	0.19059985692097103	0.0	0.0	0.0	0.0	0.0	0.0	0.0	0.3671648285329619	0.0	0.13072807611892595	0.0	0.0	0.0	0.0	0.0	0.0	0.0	0.0	0.0	0.0	0.0	0.0	0.0	0.0	0.0	0.0	0.0	0.0	0.0	0.0	0.0	0.0	0.0	0.0	0.0	0.0	0.0	0.0	0.0	0.0	0.0	0.0	0.0	0.0	0.0	0.0	0.0	0.0	0.0	0.0	0.0	0.0	0.0
Syn.Breast-AdenoCA::S.141	0.14161685236059945	0.0	0.0	0.1646001415644267	0.2068001107806851	0.0	0.12571795661148266	0.023782940439553837	0.0	0.0	0.0	0.0	0.10548110660681018	0.0	0.0	0.0	0.1507275846017954	0.0	0.08127330703464664	0.0	0.0	0.0	0.0	0.0	0.0	0.0	0.0	0.0	0.0	0.0	0.0	0.0	0.0	0.0	0.0	0.0	0.0	0.0	0.0	0.0	0.0	0.0	0.0	0.0	0.0	0.0	0.0	0.0	0.0	0.0	0.0	0.0	0.0	0.0	0.0	0.0	0.0	0.0	0.0	0.0
Syn.Breast-AdenoCA::S.142	0.09240763936017532	0.0	0.0	0.16880292452386061	0.0	0.1051414799003044	0.15585687152639152	0.0	0.0	0.041584477317722295	0.0	0.0	0.0	0.08476547993546675	0.14187122835659274	0.0	0.13044822064452632	0.0	0.07912167843496015	0.0	0.0	0.0	0.0	0.0	0.0	0.0	0.0	0.0	0.0	0.0	0.0	0.0	0.0	0.0	0.0	0.0	0.0	0.0	0.0	0.0	0.0	0.0	0.0	0.0	0.0	0.0	0.0	0.0	0.0	0.0	0.0	0.0	0.0	0.0	0.0	0.0	0.0	0.0	0.0	0.0
Syn.Breast-AdenoCA::S.143	0.02517775567747548	0.0	0.0	0.1435190305148391	0.10375222172715355	0.0	0.10663235843964153	0.0	0.0	0.0	0.0	0.0	0.0529791220011681	0.0	0.4767275574063252	0.0	0.0	0.0	0.09121195423339691	0.0	0.0	0.0	0.0	0.0	0.0	0.0	0.0	0.0	0.0	0.0	0.0	0.0	0.0	0.0	0.0	0.0	0.0	0.0	0.0	0.0	0.0	0.0	0.0	0.0	0.0	0.0	0.0	0.0	0.0	0.0	0.0	0.0	0.0	0.0	0.0	0.0	0.0	0.0	0.0	0.0
Syn.Breast-AdenoCA::S.144	0.15860940432396087	0.046653473246533995	0.0	0.23510815203083907	0.0	0.0	0.0	0.0	0.0	0.0	0.0	0.0	0.0	0.0	0.0	0.0	0.0	0.559628970398666	0.0	0.0	0.0	0.0	0.0	0.0	0.0	0.0	0.0	0.0	0.0	0.0	0.0	0.0	0.0	0.0	0.0	0.0	0.0	0.0	0.0	0.0	0.0	0.0	0.0	0.0	0.0	0.0	0.0	0.0	0.0	0.0	0.0	0.0	0.0	0.0	0.0	0.0	0.0	0.0	0.0	0.0
Syn.Breast-AdenoCA::S.145	0.04920279588216383	0.0	0.0	0.15839157152528396	0.2527249970606528	0.08783768009454605	0.0	0.0	0.0	0.0	0.0	0.0	0.07340355599480926	0.0	0.1796768866175117	0.0	0.0	0.1987625128250324	0.0	0.0	0.0	0.0	0.0	0.0	0.0	0.0	0.0	0.0	0.0	0.0	0.0	0.0	0.0	0.0	0.0	0.0	0.0	0.0	0.0	0.0	0.0	0.0	0.0	0.0	0.0	0.0	0.0	0.0	0.0	0.0	0.0	0.0	0.0	0.0	0.0	0.0	0.0	0.0	0.0	0.0
Syn.Breast-AdenoCA::S.146	0.084922243355128	0.0	0.0	0.20592325551953422	0.0	0.14912469179030016	0.47931471686245253	0.01492223277627094	0.0	0.0	0.0	0.06579285969631411	0.0	0.0	0.0	0.0	0.0	0.0	0.0	0.0	0.0	0.0	0.0	0.0	0.0	0.0	0.0	0.0	0.0	0.0	0.0	0.0	0.0	0.0	0.0	0.0	0.0	0.0	0.0	0.0	0.0	0.0	0.0	0.0	0.0	0.0	0.0	0.0	0.0	0.0	0.0	0.0	0.0	0.0	0.0	0.0	0.0	0.0	0.0	0.0
Syn.Breast-AdenoCA::S.147	0.07781736563636252	0.15387441092808285	0.0	0.11744677705753717	0.0	0.22685269653902415	0.0	0.0	0.0	0.0	0.0	0.0	0.0	0.10439979413096365	0.0	0.0	0.0	0.22815343853543293	0.09145551717259678	0.0	0.0	0.0	0.0	0.0	0.0	0.0	0.0	0.0	0.0	0.0	0.0	0.0	0.0	0.0	0.0	0.0	0.0	0.0	0.0	0.0	0.0	0.0	0.0	0.0	0.0	0.0	0.0	0.0	0.0	0.0	0.0	0.0	0.0	0.0	0.0	0.0	0.0	0.0	0.0	0.0
Syn.Breast-AdenoCA::S.148	0.07183871496854087	0.0	0.0	0.20585171610054107	0.0	0.047398933771784606	0.0	0.0	0.0	0.05395215785291332	0.0	0.08342899028010031	0.0	0.0	0.2756399946563067	0.0	0.0	0.0	0.26188949236981324	0.0	0.0	0.0	0.0	0.0	0.0	0.0	0.0	0.0	0.0	0.0	0.0	0.0	0.0	0.0	0.0	0.0	0.0	0.0	0.0	0.0	0.0	0.0	0.0	0.0	0.0	0.0	0.0	0.0	0.0	0.0	0.0	0.0	0.0	0.0	0.0	0.0	0.0	0.0	0.0	0.0
Syn.Breast-AdenoCA::S.149	0.024751759485581074	0.0	0.0	0.10483379353746716	0.4346727695677976	0.0	0.3128058710110715	0.0	0.0	0.0	0.0	0.0	0.0	0.0	0.12293580639808271	0.0	0.0	0.0	0.0	0.0	0.0	0.0	0.0	0.0	0.0	0.0	0.0	0.0	0.0	0.0	0.0	0.0	0.0	0.0	0.0	0.0	0.0	0.0	0.0	0.0	0.0	0.0	0.0	0.0	0.0	0.0	0.0	0.0	0.0	0.0	0.0	0.0	0.0	0.0	0.0	0.0	0.0	0.0	0.0	0.0
Syn.Breast-AdenoCA::S.150	0.03695184620175585	0.05472839944024623	0.0	0.08474640959990856	0.0	0.15210670924905575	0.0	0.0	0.0	0.11743766394332669	0.13815953099203557	0.0	0.07080051725602067	0.0	0.16653584468376265	0.0	0.0	0.09985492427161605	0.078678154362272	0.0	0.0	0.0	0.0	0.0	0.0	0.0	0.0	0.0	0.0	0.0	0.0	0.0	0.0	0.0	0.0	0.0	0.0	0.0	0.0	0.0	0.0	0.0	0.0	0.0	0.0	0.0	0.0	0.0	0.0	0.0	0.0	0.0	0.0	0.0	0.0	0.0	0.0	0.0	0.0	0.0
Syn.Breast-AdenoCA::S.151	0.16137501265340917	0.0	0.0	0.13032607089371265	0.0	0.013751039432597336	0.0	0.0	0.0	0.0	0.0	0.0	0.0	0.0	0.6945478770202809	0.0	0.0	0.0	0.0	0.0	0.0	0.0	0.0	0.0	0.0	0.0	0.0	0.0	0.0	0.0	0.0	0.0	0.0	0.0	0.0	0.0	0.0	0.0	0.0	0.0	0.0	0.0	0.0	0.0	0.0	0.0	0.0	0.0	0.0	0.0	0.0	0.0	0.0	0.0	0.0	0.0	0.0	0.0	0.0	0.0
Syn.Breast-AdenoCA::S.152	0.09651598870776518	0.0	0.0	0.20964126951426154	0.0	0.0	0.5991340764114588	0.0	0.0	0.0	0.0	0.0	0.0	0.0	0.09470866536651455	0.0	0.0	0.0	0.0	0.0	0.0	0.0	0.0	0.0	0.0	0.0	0.0	0.0	0.0	0.0	0.0	0.0	0.0	0.0	0.0	0.0	0.0	0.0	0.0	0.0	0.0	0.0	0.0	0.0	0.0	0.0	0.0	0.0	0.0	0.0	0.0	0.0	0.0	0.0	0.0	0.0	0.0	0.0	0.0	0.0
Syn.Breast-AdenoCA::S.153	0.15660243764916204	0.0	0.0	0.19180558125041602	0.0	0.182568454268286	0.09301909947193987	0.03137705693222683	0.0	0.0	0.0	0.0	0.07467487511062308	0.0	0.26995249531734616	0.0	0.0	0.0	0.0	0.0	0.0	0.0	0.0	0.0	0.0	0.0	0.0	0.0	0.0	0.0	0.0	0.0	0.0	0.0	0.0	0.0	0.0	0.0	0.0	0.0	0.0	0.0	0.0	0.0	0.0	0.0	0.0	0.0	0.0	0.0	0.0	0.0	0.0	0.0	0.0	0.0	0.0	0.0	0.0	0.0
Syn.Breast-AdenoCA::S.154	0.06357976322058174	0.0	0.0	0.09791612587877212	0.06390869682673447	0.19535011357436785	0.0	0.0	0.0	0.0	0.0	0.0	0.09298447377923569	0.0	0.14655714789204763	0.0	0.10811015698831898	0.13412214080011137	0.0974713810398301	0.0	0.0	0.0	0.0	0.0	0.0	0.0	0.0	0.0	0.0	0.0	0.0	0.0	0.0	0.0	0.0	0.0	0.0	0.0	0.0	0.0	0.0	0.0	0.0	0.0	0.0	0.0	0.0	0.0	0.0	0.0	0.0	0.0	0.0	0.0	0.0	0.0	0.0	0.0	0.0	0.0
Syn.Breast-AdenoCA::S.155	0.17469347014221348	0.0	0.0	0.13687626187691934	0.0	0.10001274749363058	0.05054673408025867	0.0	0.09522528982484964	0.0	0.0	0.0	0.0	0.0	0.32489993103472553	0.0	0.0	0.11774556554740274	0.0	0.0	0.0	0.0	0.0	0.0	0.0	0.0	0.0	0.0	0.0	0.0	0.0	0.0	0.0	0.0	0.0	0.0	0.0	0.0	0.0	0.0	0.0	0.0	0.0	0.0	0.0	0.0	0.0	0.0	0.0	0.0	0.0	0.0	0.0	0.0	0.0	0.0	0.0	0.0	0.0	0.0
Syn.Breast-AdenoCA::S.156	0.018039123113819697	0.0	0.0	0.13164958693401285	0.0	0.0	0.0	0.0	0.0	0.0	0.0	0.0	0.0	0.0	0.8503112899521674	0.0	0.0	0.0	0.0	0.0	0.0	0.0	0.0	0.0	0.0	0.0	0.0	0.0	0.0	0.0	0.0	0.0	0.0	0.0	0.0	0.0	0.0	0.0	0.0	0.0	0.0	0.0	0.0	0.0	0.0	0.0	0.0	0.0	0.0	0.0	0.0	0.0	0.0	0.0	0.0	0.0	0.0	0.0	0.0	0.0
Syn.Breast-AdenoCA::S.157	0.13559657876766248	0.10328190902179193	0.0	0.07493023916799196	0.0	0.0	0.10442773545718352	0.0	0.0	0.0937912727383855	0.11915526999127753	0.0	0.0	0.0	0.2709402582532724	0.0	0.0	0.0	0.09787673660243473	0.0	0.0	0.0	0.0	0.0	0.0	0.0	0.0	0.0	0.0	0.0	0.0	0.0	0.0	0.0	0.0	0.0	0.0	0.0	0.0	0.0	0.0	0.0	0.0	0.0	0.0	0.0	0.0	0.0	0.0	0.0	0.0	0.0	0.0	0.0	0.0	0.0	0.0	0.0	0.0	0.0
Syn.Breast-AdenoCA::S.158	0.04616911317709079	0.29834566418371633	0.0	0.09357514860898676	0.05316965035324047	0.0	0.0	0.0	0.0	0.0	0.0	0.0	0.0	0.1950517307472927	0.31368869292967283	0.0	0.0	0.0	0.0	0.0	0.0	0.0	0.0	0.0	0.0	0.0	0.0	0.0	0.0	0.0	0.0	0.0	0.0	0.0	0.0	0.0	0.0	0.0	0.0	0.0	0.0	0.0	0.0	0.0	0.0	0.0	0.0	0.0	0.0	0.0	0.0	0.0	0.0	0.0	0.0	0.0	0.0	0.0	0.0	0.0
Syn.Breast-AdenoCA::S.159	0.16159939262676631	0.0	0.2659344192332239	0.17800948439103462	0.07339583477075273	0.0	0.0	0.0	0.0	0.0	0.0	0.0	0.0	0.0	0.17663710520577378	0.0	0.0	0.14442376377244864	0.0	0.0	0.0	0.0	0.0	0.0	0.0	0.0	0.0	0.0	0.0	0.0	0.0	0.0	0.0	0.0	0.0	0.0	0.0	0.0	0.0	0.0	0.0	0.0	0.0	0.0	0.0	0.0	0.0	0.0	0.0	0.0	0.0	0.0	0.0	0.0	0.0	0.0	0.0	0.0	0.0	0.0
Syn.Breast-AdenoCA::S.160	0.1776200310611674	0.07701703031435905	0.0	0.10915129765069839	0.11992058129238851	0.09213742279591873	0.0	0.0	0.0	0.0	0.0	0.07635136389477604	0.048209071118356914	0.0	0.0	0.0	0.09302493872809463	0.10598174352276742	0.10058651962147284	0.0	0.0	0.0	0.0	0.0	0.0	0.0	0.0	0.0	0.0	0.0	0.0	0.0	0.0	0.0	0.0	0.0	0.0	0.0	0.0	0.0	0.0	0.0	0.0	0.0	0.0	0.0	0.0	0.0	0.0	0.0	0.0	0.0	0.0	0.0	0.0	0.0	0.0	0.0	0.0	0.0
Syn.Breast-AdenoCA::S.161	0.032837161528207016	0.0	0.0	0.19708200786492672	0.5907767430083926	0.0	0.0	0.0	0.0	0.0	0.06401914017158056	0.0	0.0	0.0	0.0	0.0	0.0	0.11528494742689316	0.0	0.0	0.0	0.0	0.0	0.0	0.0	0.0	0.0	0.0	0.0	0.0	0.0	0.0	0.0	0.0	0.0	0.0	0.0	0.0	0.0	0.0	0.0	0.0	0.0	0.0	0.0	0.0	0.0	0.0	0.0	0.0	0.0	0.0	0.0	0.0	0.0	0.0	0.0	0.0	0.0	0.0
Syn.Breast-AdenoCA::S.162	0.04579878384111261	0.05828948276040542	0.0	0.12577247830976085	0.0	0.07870862857042486	0.0734712844406934	0.0	0.0	0.0	0.0	0.0	0.0	0.0	0.45485795990122685	0.0	0.0	0.08927311481158252	0.07382826736479361	0.0	0.0	0.0	0.0	0.0	0.0	0.0	0.0	0.0	0.0	0.0	0.0	0.0	0.0	0.0	0.0	0.0	0.0	0.0	0.0	0.0	0.0	0.0	0.0	0.0	0.0	0.0	0.0	0.0	0.0	0.0	0.0	0.0	0.0	0.0	0.0	0.0	0.0	0.0	0.0	0.0
Syn.Breast-AdenoCA::S.163	0.06753669136770066	0.0	0.0	0.1842971681434587	0.5154449356875193	0.0	0.0	0.0	0.0	0.0	0.0	0.0	0.09634514385291557	0.1363760609484058	0.0	0.0	0.0	0.0	0.0	0.0	0.0	0.0	0.0	0.0	0.0	0.0	0.0	0.0	0.0	0.0	0.0	0.0	0.0	0.0	0.0	0.0	0.0	0.0	0.0	0.0	0.0	0.0	0.0	0.0	0.0	0.0	0.0	0.0	0.0	0.0	0.0	0.0	0.0	0.0	0.0	0.0	0.0	0.0	0.0	0.0
Syn.Breast-AdenoCA::S.164	0.1324525776908371	0.0	0.09473092813485227	0.09858166378887581	0.26341248939808504	0.14382604062613902	0.0	0.0	0.0	0.0	0.0	0.0	0.0	0.05193341365305125	0.0	0.0	0.0	0.15657488922861656	0.05848799747954296	0.0	0.0	0.0	0.0	0.0	0.0	0.0	0.0	0.0	0.0	0.0	0.0	0.0	0.0	0.0	0.0	0.0	0.0	0.0	0.0	0.0	0.0	0.0	0.0	0.0	0.0	0.0	0.0	0.0	0.0	0.0	0.0	0.0	0.0	0.0	0.0	0.0	0.0	0.0	0.0	0.0
Syn.Breast-AdenoCA::S.165	0.05097739113601286	0.0	0.5263978890138548	0.19317078337110852	0.0	0.0	0.08093455387010541	0.0	0.0	0.0	0.0	0.0	0.018555619068010457	0.0	0.0	0.0	0.12996376354090805	0.0	0.0	0.0	0.0	0.0	0.0	0.0	0.0	0.0	0.0	0.0	0.0	0.0	0.0	0.0	0.0	0.0	0.0	0.0	0.0	0.0	0.0	0.0	0.0	0.0	0.0	0.0	0.0	0.0	0.0	0.0	0.0	0.0	0.0	0.0	0.0	0.0	0.0	0.0	0.0	0.0	0.0	0.0
Syn.Breast-AdenoCA::S.166	0.10181353148911006	0.13633891618863903	0.06436666463049476	0.05217275795918944	0.11091762541624102	0.0	0.0	0.0	0.0	0.0	0.0	0.0	0.05365742642635779	0.11436843013403054	0.3663646477559374	0.0	0.0	0.0	0.0	0.0	0.0	0.0	0.0	0.0	0.0	0.0	0.0	0.0	0.0	0.0	0.0	0.0	0.0	0.0	0.0	0.0	0.0	0.0	0.0	0.0	0.0	0.0	0.0	0.0	0.0	0.0	0.0	0.0	0.0	0.0	0.0	0.0	0.0	0.0	0.0	0.0	0.0	0.0	0.0	0.0
Syn.Breast-AdenoCA::S.167	0.16200470100515402	0.0	0.0	0.10658411003629926	0.13677480184792962	0.0	0.2827042149233958	0.0	0.0	0.0	0.0	0.0	0.06529153572741365	0.1428153752509676	0.0	0.10382526120883992	0.0	0.0	0.0	0.0	0.0	0.0	0.0	0.0	0.0	0.0	0.0	0.0	0.0	0.0	0.0	0.0	0.0	0.0	0.0	0.0	0.0	0.0	0.0	0.0	0.0	0.0	0.0	0.0	0.0	0.0	0.0	0.0	0.0	0.0	0.0	0.0	0.0	0.0	0.0	0.0	0.0	0.0	0.0	0.0
Syn.Breast-AdenoCA::S.168	0.061940288819129115	0.0	0.0	0.18271944265289064	0.27568659734895157	0.0	0.0	0.07337238105800971	0.0	0.0	0.0	0.0	0.0	0.0	0.4062812901210189	0.0	0.0	0.0	0.0	0.0	0.0	0.0	0.0	0.0	0.0	0.0	0.0	0.0	0.0	0.0	0.0	0.0	0.0	0.0	0.0	0.0	0.0	0.0	0.0	0.0	0.0	0.0	0.0	0.0	0.0	0.0	0.0	0.0	0.0	0.0	0.0	0.0	0.0	0.0	0.0	0.0	0.0	0.0	0.0	0.0
Syn.Breast-AdenoCA::S.169	0.03398539255495557	0.1722311300366747	0.30686057244091275	0.09377892885696076	0.18666283679597953	0.0	0.08626508813109508	0.0	0.0	0.0	0.0	0.0	0.0	0.12021605118342164	0.0	0.0	0.0	0.0	0.0	0.0	0.0	0.0	0.0	0.0	0.0	0.0	0.0	0.0	0.0	0.0	0.0	0.0	0.0	0.0	0.0	0.0	0.0	0.0	0.0	0.0	0.0	0.0	0.0	0.0	0.0	0.0	0.0	0.0	0.0	0.0	0.0	0.0	0.0	0.0	0.0	0.0	0.0	0.0	0.0	0.0
Syn.Breast-AdenoCA::S.170	0.07939931992231253	0.0	0.0	0.18678413251462872	0.06011485198587591	0.0	0.06549803869978149	0.0	0.0	0.06418965335399474	0.0	0.11664807653892902	0.046429008680342214	0.0	0.38093691830413534	0.0	0.0	0.0	0.0	0.0	0.0	0.0	0.0	0.0	0.0	0.0	0.0	0.0	0.0	0.0	0.0	0.0	0.0	0.0	0.0	0.0	0.0	0.0	0.0	0.0	0.0	0.0	0.0	0.0	0.0	0.0	0.0	0.0	0.0	0.0	0.0	0.0	0.0	0.0	0.0	0.0	0.0	0.0	0.0	0.0
Syn.Breast-AdenoCA::S.171	0.03421049710327792	0.0	0.0	0.1358013444616232	0.11947869649605311	0.0	0.08244035946058031	0.0	0.0	0.0	0.0	0.0	0.06368956626792524	0.0	0.4346831852965966	0.0	0.0	0.12969635091394366	0.0	0.0	0.0	0.0	0.0	0.0	0.0	0.0	0.0	0.0	0.0	0.0	0.0	0.0	0.0	0.0	0.0	0.0	0.0	0.0	0.0	0.0	0.0	0.0	0.0	0.0	0.0	0.0	0.0	0.0	0.0	0.0	0.0	0.0	0.0	0.0	0.0	0.0	0.0	0.0	0.0	0.0
Syn.Breast-AdenoCA::S.172	0.04866678732385773	0.0	0.17213749259578395	0.07742175144052416	0.07132562768325723	0.07335100382039529	0.06028099221523759	0.057599450010118965	0.0	0.0	0.0	0.0	0.07522872778784537	0.12680094186270782	0.04941775790094992	0.0	0.0	0.18776946735932207	0.0	0.0	0.0	0.0	0.0	0.0	0.0	0.0	0.0	0.0	0.0	0.0	0.0	0.0	0.0	0.0	0.0	0.0	0.0	0.0	0.0	0.0	0.0	0.0	0.0	0.0	0.0	0.0	0.0	0.0	0.0	0.0	0.0	0.0	0.0	0.0	0.0	0.0	0.0	0.0	0.0	0.0
Syn.Breast-AdenoCA::S.173	0.1914717762346298	0.0681254743424651	0.0	0.17862182985667624	0.1717244774337315	0.0	0.0	0.0	0.0	0.0897077723916502	0.0	0.0	0.05166517530102395	0.0	0.2486834944398233	0.0	0.0	0.0	0.0	0.0	0.0	0.0	0.0	0.0	0.0	0.0	0.0	0.0	0.0	0.0	0.0	0.0	0.0	0.0	0.0	0.0	0.0	0.0	0.0	0.0	0.0	0.0	0.0	0.0	0.0	0.0	0.0	0.0	0.0	0.0	0.0	0.0	0.0	0.0	0.0	0.0	0.0	0.0	0.0	0.0
Syn.Breast-AdenoCA::S.174	0.07151773466911941	0.0	0.0	0.19961826553636997	0.06488666707534119	0.0	0.0	0.0	0.0754478017149985	0.0	0.0	0.0	0.06228308338353027	0.042041287315196414	0.22949542023188318	0.0	0.0	0.25470974007356095	0.0	0.0	0.0	0.0	0.0	0.0	0.0	0.0	0.0	0.0	0.0	0.0	0.0	0.0	0.0	0.0	0.0	0.0	0.0	0.0	0.0	0.0	0.0	0.0	0.0	0.0	0.0	0.0	0.0	0.0	0.0	0.0	0.0	0.0	0.0	0.0	0.0	0.0	0.0	0.0	0.0	0.0
Syn.Breast-AdenoCA::S.175	0.06786953901291655	0.0	0.0	0.12054206298926587	0.046088727997095284	0.0	0.4720148846034194	0.0	0.0	0.0	0.0	0.0	0.10708138472136947	0.0	0.0	0.1125596796643828	0.0	0.0	0.0738437210115506	0.0	0.0	0.0	0.0	0.0	0.0	0.0	0.0	0.0	0.0	0.0	0.0	0.0	0.0	0.0	0.0	0.0	0.0	0.0	0.0	0.0	0.0	0.0	0.0	0.0	0.0	0.0	0.0	0.0	0.0	0.0	0.0	0.0	0.0	0.0	0.0	0.0	0.0	0.0	0.0	0.0
Syn.Breast-AdenoCA::S.176	0.06928104888808159	0.08447950335201485	0.0	0.13727404887589356	0.0	0.0	0.0	0.0	0.0	0.0	0.0	0.0	0.0	0.0	0.5855338320652891	0.0	0.0	0.0	0.123431566818721	0.0	0.0	0.0	0.0	0.0	0.0	0.0	0.0	0.0	0.0	0.0	0.0	0.0	0.0	0.0	0.0	0.0	0.0	0.0	0.0	0.0	0.0	0.0	0.0	0.0	0.0	0.0	0.0	0.0	0.0	0.0	0.0	0.0	0.0	0.0	0.0	0.0	0.0	0.0	0.0	0.0
Syn.Breast-AdenoCA::S.177	0.13457208848586433	0.0	0.0	0.1128908217181894	0.08173659365322607	0.0	0.0	0.0	0.0	0.04524970430774573	0.0	0.0	0.04531881163406114	0.0	0.0	0.0	0.0	0.49075468542570927	0.08947729477520411	0.0	0.0	0.0	0.0	0.0	0.0	0.0	0.0	0.0	0.0	0.0	0.0	0.0	0.0	0.0	0.0	0.0	0.0	0.0	0.0	0.0	0.0	0.0	0.0	0.0	0.0	0.0	0.0	0.0	0.0	0.0	0.0	0.0	0.0	0.0	0.0	0.0	0.0	0.0	0.0	0.0
Syn.Breast-AdenoCA::S.178	0.06987767663540781	0.0	0.0	0.1136603790052897	0.20106732328380728	0.0	0.0	0.05615738306524426	0.0	0.0	0.0	0.0	0.0	0.15702054258934392	0.13294735309019218	0.0	0.0	0.1722523086096054	0.0970170337211093	0.0	0.0	0.0	0.0	0.0	0.0	0.0	0.0	0.0	0.0	0.0	0.0	0.0	0.0	0.0	0.0	0.0	0.0	0.0	0.0	0.0	0.0	0.0	0.0	0.0	0.0	0.0	0.0	0.0	0.0	0.0	0.0	0.0	0.0	0.0	0.0	0.0	0.0	0.0	0.0	0.0
Syn.Breast-AdenoCA::S.179	0.042589863133478824	0.08090204628498619	0.0	0.07089538024605387	0.06853906938554244	0.0	0.0	0.0	0.0	0.0	0.0	0.0	0.0	0.0	0.623315406647769	0.0	0.11375823430216973	0.0	0.0	0.0	0.0	0.0	0.0	0.0	0.0	0.0	0.0	0.0	0.0	0.0	0.0	0.0	0.0	0.0	0.0	0.0	0.0	0.0	0.0	0.0	0.0	0.0	0.0	0.0	0.0	0.0	0.0	0.0	0.0	0.0	0.0	0.0	0.0	0.0	0.0	0.0	0.0	0.0	0.0	0.0
Syn.Breast-AdenoCA::S.180	0.05030025619858624	0.1665113393393042	0.09413181801319448	0.056506918294126476	0.07891307914193979	0.21448918192451477	0.0	0.0	0.0	0.0	0.0	0.0	0.1371578667582589	0.08623243039795656	0.11575710993211862	0.0	0.0	0.0	0.0	0.0	0.0	0.0	0.0	0.0	0.0	0.0	0.0	0.0	0.0	0.0	0.0	0.0	0.0	0.0	0.0	0.0	0.0	0.0	0.0	0.0	0.0	0.0	0.0	0.0	0.0	0.0	0.0	0.0	0.0	0.0	0.0	0.0	0.0	0.0	0.0	0.0	0.0	0.0	0.0	0.0
Syn.Breast-AdenoCA::S.181	0.07335564676915807	0.11020647265595908	0.0	0.12523524840172434	0.5748102256045511	0.0	0.0	0.0	0.0	0.0	0.0	0.0	0.11639240656860735	0.0	0.0	0.0	0.0	0.0	0.0	0.0	0.0	0.0	0.0	0.0	0.0	0.0	0.0	0.0	0.0	0.0	0.0	0.0	0.0	0.0	0.0	0.0	0.0	0.0	0.0	0.0	0.0	0.0	0.0	0.0	0.0	0.0	0.0	0.0	0.0	0.0	0.0	0.0	0.0	0.0	0.0	0.0	0.0	0.0	0.0	0.0
Syn.Breast-AdenoCA::S.182	0.05042456725153236	0.0	0.33956834060304836	0.21461702546779418	0.0	0.0	0.15995136377508828	0.0	0.0	0.0	0.0	0.0	0.0	0.0	0.2354387029025369	0.0	0.0	0.0	0.0	0.0	0.0	0.0	0.0	0.0	0.0	0.0	0.0	0.0	0.0	0.0	0.0	0.0	0.0	0.0	0.0	0.0	0.0	0.0	0.0	0.0	0.0	0.0	0.0	0.0	0.0	0.0	0.0	0.0	0.0	0.0	0.0	0.0	0.0	0.0	0.0	0.0	0.0	0.0	0.0	0.0
Syn.Breast-AdenoCA::S.183	0.2535467326075581	0.0	0.0	0.28713002962057416	0.0	0.0	0.19751657010946586	0.0	0.0	0.0	0.0	0.0	0.10516838834310495	0.0	0.15663827931929694	0.0	0.0	0.0	0.0	0.0	0.0	0.0	0.0	0.0	0.0	0.0	0.0	0.0	0.0	0.0	0.0	0.0	0.0	0.0	0.0	0.0	0.0	0.0	0.0	0.0	0.0	0.0	0.0	0.0	0.0	0.0	0.0	0.0	0.0	0.0	0.0	0.0	0.0	0.0	0.0	0.0	0.0	0.0	0.0	0.0
Syn.Breast-AdenoCA::S.184	0.1347694771611099	0.0	0.0	0.08244363880044259	0.0	0.08891237270131933	0.0	0.0	0.0	0.04802879017765449	0.0	0.0	0.09397675226131584	0.05033636939649844	0.44191848658083094	0.0	0.0	0.0	0.05961411292082855	0.0	0.0	0.0	0.0	0.0	0.0	0.0	0.0	0.0	0.0	0.0	0.0	0.0	0.0	0.0	0.0	0.0	0.0	0.0	0.0	0.0	0.0	0.0	0.0	0.0	0.0	0.0	0.0	0.0	0.0	0.0	0.0	0.0	0.0	0.0	0.0	0.0	0.0	0.0	0.0	0.0
Syn.Breast-AdenoCA::S.185	0.07816754454120202	0.0	0.12838559525251342	0.04262877901248655	0.09055050110912281	0.056880108129127686	0.0	0.0	0.0	0.0	0.0	0.0	0.1360919382028673	0.09918984892714117	0.0	0.0	0.0	0.23334114524768426	0.13476453957785492	0.0	0.0	0.0	0.0	0.0	0.0	0.0	0.0	0.0	0.0	0.0	0.0	0.0	0.0	0.0	0.0	0.0	0.0	0.0	0.0	0.0	0.0	0.0	0.0	0.0	0.0	0.0	0.0	0.0	0.0	0.0	0.0	0.0	0.0	0.0	0.0	0.0	0.0	0.0	0.0	0.0
Syn.Breast-AdenoCA::S.186	0.07341401379808664	0.07337646982445391	0.0	0.18832144736158438	0.09855107911586265	0.0	0.0	0.0	0.0	0.0	0.0	0.0	0.04539596333704425	0.0	0.1675419137449002	0.0	0.0	0.353399112818068	0.0	0.0	0.0	0.0	0.0	0.0	0.0	0.0	0.0	0.0	0.0	0.0	0.0	0.0	0.0	0.0	0.0	0.0	0.0	0.0	0.0	0.0	0.0	0.0	0.0	0.0	0.0	0.0	0.0	0.0	0.0	0.0	0.0	0.0	0.0	0.0	0.0	0.0	0.0	0.0	0.0	0.0
Syn.Breast-AdenoCA::S.187	0.0639452589634609	0.0	0.0	0.18701213269975192	0.5346024566638703	0.0	0.0	0.0	0.0	0.0	0.0	0.0	0.0	0.0	0.21444015167291686	0.0	0.0	0.0	0.0	0.0	0.0	0.0	0.0	0.0	0.0	0.0	0.0	0.0	0.0	0.0	0.0	0.0	0.0	0.0	0.0	0.0	0.0	0.0	0.0	0.0	0.0	0.0	0.0	0.0	0.0	0.0	0.0	0.0	0.0	0.0	0.0	0.0	0.0	0.0	0.0	0.0	0.0	0.0	0.0	0.0
Syn.Breast-AdenoCA::S.188	0.13190068552544476	0.0	0.0	0.09009462082901767	0.0	0.09529675196336844	0.0	0.03728092155400854	0.0	0.0	0.15171650087807956	0.0	0.0	0.05123785530425955	0.06820374073993016	0.0	0.0	0.1857566254778138	0.091689502029864	0.09682279569821356	0.0	0.0	0.0	0.0	0.0	0.0	0.0	0.0	0.0	0.0	0.0	0.0	0.0	0.0	0.0	0.0	0.0	0.0	0.0	0.0	0.0	0.0	0.0	0.0	0.0	0.0	0.0	0.0	0.0	0.0	0.0	0.0	0.0	0.0	0.0	0.0	0.0	0.0	0.0	0.0
Syn.Breast-AdenoCA::S.189	0.10899273156388964	0.08108871049907312	0.0	0.08857850871945074	0.17232201265086222	0.05339380814635971	0.0	0.03744326893692073	0.0	0.05853813633348775	0.0	0.05385116970072695	0.0	0.0	0.268474331090636	0.0	0.0	0.0	0.07731732235859315	0.0	0.0	0.0	0.0	0.0	0.0	0.0	0.0	0.0	0.0	0.0	0.0	0.0	0.0	0.0	0.0	0.0	0.0	0.0	0.0	0.0	0.0	0.0	0.0	0.0	0.0	0.0	0.0	0.0	0.0	0.0	0.0	0.0	0.0	0.0	0.0	0.0	0.0	0.0	0.0	0.0
Syn.Breast-AdenoCA::S.190	0.14791771368328252	0.08602411079175364	0.13118131512482156	0.1277653052360141	0.0	0.0	0.0	0.0	0.11536337666748545	0.0	0.0	0.20563074517204263	0.08780335772480988	0.09831407559979027	0.0	0.0	0.0	0.0	0.0	0.0	0.0	0.0	0.0	0.0	0.0	0.0	0.0	0.0	0.0	0.0	0.0	0.0	0.0	0.0	0.0	0.0	0.0	0.0	0.0	0.0	0.0	0.0	0.0	0.0	0.0	0.0	0.0	0.0	0.0	0.0	0.0	0.0	0.0	0.0	0.0	0.0	0.0	0.0	0.0	0.0
Syn.Breast-AdenoCA::S.191	0.15596436944701733	0.0	0.0	0.14345257450065554	0.0	0.14065563444035908	0.18711294879504917	0.0	0.0	0.0	0.0	0.0	0.0	0.0	0.22108723250305712	0.0	0.0	0.0	0.15172724031386173	0.0	0.0	0.0	0.0	0.0	0.0	0.0	0.0	0.0	0.0	0.0	0.0	0.0	0.0	0.0	0.0	0.0	0.0	0.0	0.0	0.0	0.0	0.0	0.0	0.0	0.0	0.0	0.0	0.0	0.0	0.0	0.0	0.0	0.0	0.0	0.0	0.0	0.0	0.0	0.0	0.0
Syn.Breast-AdenoCA::S.192	0.09382468184161957	0.2561926775425878	0.0	0.17412293697868012	0.0	0.0	0.2972637305829176	0.0	0.0	0.0	0.0	0.0	0.0	0.17859597305419483	0.0	0.0	0.0	0.0	0.0	0.0	0.0	0.0	0.0	0.0	0.0	0.0	0.0	0.0	0.0	0.0	0.0	0.0	0.0	0.0	0.0	0.0	0.0	0.0	0.0	0.0	0.0	0.0	0.0	0.0	0.0	0.0	0.0	0.0	0.0	0.0	0.0	0.0	0.0	0.0	0.0	0.0	0.0	0.0	0.0	0.0
Syn.Breast-AdenoCA::S.193	0.012333033317437911	0.0	0.0	0.07430747257123335	0.0	0.0	0.9133594941113288	0.0	0.0	0.0	0.0	0.0	0.0	0.0	0.0	0.0	0.0	0.0	0.0	0.0	0.0	0.0	0.0	0.0	0.0	0.0	0.0	0.0	0.0	0.0	0.0	0.0	0.0	0.0	0.0	0.0	0.0	0.0	0.0	0.0	0.0	0.0	0.0	0.0	0.0	0.0	0.0	0.0	0.0	0.0	0.0	0.0	0.0	0.0	0.0	0.0	0.0	0.0	0.0	0.0
Syn.Breast-AdenoCA::S.194	0.02588983612614492	0.0779524504144007	0.0	0.08452721383683	0.39914425454091473	0.0	0.0	0.0	0.0	0.0	0.0	0.0	0.059341640509390205	0.06965331604992428	0.08871394815471041	0.0	0.0	0.1947773403676847	0.0	0.0	0.0	0.0	0.0	0.0	0.0	0.0	0.0	0.0	0.0	0.0	0.0	0.0	0.0	0.0	0.0	0.0	0.0	0.0	0.0	0.0	0.0	0.0	0.0	0.0	0.0	0.0	0.0	0.0	0.0	0.0	0.0	0.0	0.0	0.0	0.0	0.0	0.0	0.0	0.0	0.0
Syn.Breast-AdenoCA::S.195	0.08258696573559907	0.0	0.0	0.08675269742015286	0.0	0.10262206879528783	0.049717625944097614	0.05290972545237716	0.0	0.08203054648963558	0.0	0.0829003220991639	0.10066668375877526	0.0	0.07072834221831865	0.10837332351686092	0.0	0.18071169856973102	0.0	0.0	0.0	0.0	0.0	0.0	0.0	0.0	0.0	0.0	0.0	0.0	0.0	0.0	0.0	0.0	0.0	0.0	0.0	0.0	0.0	0.0	0.0	0.0	0.0	0.0	0.0	0.0	0.0	0.0	0.0	0.0	0.0	0.0	0.0	0.0	0.0	0.0	0.0	0.0	0.0	0.0
Syn.Breast-AdenoCA::S.196	0.1469079454307103	0.12132452391279923	0.0	0.12511199533478556	0.2729782909558998	0.0	0.0	0.060395870691808996	0.0	0.05992509531111879	0.0	0.0	0.0	0.0	0.21335627836287732	0.0	0.0	0.0	0.0	0.0	0.0	0.0	0.0	0.0	0.0	0.0	0.0	0.0	0.0	0.0	0.0	0.0	0.0	0.0	0.0	0.0	0.0	0.0	0.0	0.0	0.0	0.0	0.0	0.0	0.0	0.0	0.0	0.0	0.0	0.0	0.0	0.0	0.0	0.0	0.0	0.0	0.0	0.0	0.0	0.0
Syn.Breast-AdenoCA::S.197	0.18869881365858865	0.10820815732575192	0.0	0.15831629753019735	0.12440346525332628	0.06896410958781528	0.0	0.05429090829229713	0.0	0.0	0.0	0.0	0.0976773222687824	0.0	0.19944092608324104	0.0	0.0	0.0	0.0	0.0	0.0	0.0	0.0	0.0	0.0	0.0	0.0	0.0	0.0	0.0	0.0	0.0	0.0	0.0	0.0	0.0	0.0	0.0	0.0	0.0	0.0	0.0	0.0	0.0	0.0	0.0	0.0	0.0	0.0	0.0	0.0	0.0	0.0	0.0	0.0	0.0	0.0	0.0	0.0	0.0
Syn.Breast-AdenoCA::S.198	0.1336732305002545	0.0	0.0	0.14706160567574716	0.12510528702174226	0.0	0.0	0.0	0.0	0.0	0.0	0.0	0.2044329506462337	0.0	0.0	0.0	0.0	0.3897269261560224	0.0	0.0	0.0	0.0	0.0	0.0	0.0	0.0	0.0	0.0	0.0	0.0	0.0	0.0	0.0	0.0	0.0	0.0	0.0	0.0	0.0	0.0	0.0	0.0	0.0	0.0	0.0	0.0	0.0	0.0	0.0	0.0	0.0	0.0	0.0	0.0	0.0	0.0	0.0	0.0	0.0	0.0
