Samples	SBS1	SBS2	SBS3	SBS4	SBS5	SBS6	SBS7a	SBS7b	SBS7c	SBS8	SBS9	SBS10a	SBS11	SBS12	SBS13	SBS14	SBS15	SBS16	SBS17a	SBS17b	SBS18	SBS19	SBS21	SBS22	SBS26	SBS28	SBS30	SBS33	SBS35	SBS36	SBS37	SBS38	SBS39	SBS40	SBS60	SBS55	SBS44	SBS61	SBS62	SBS63	SBS64	SBS65	SBS66	SBS67	SBS68	SBS69	SBS70	SBS71	SBS72	SBS73	SBS74	SBS75	SBS76	SBS77	SBS78	SBS79	SBS80	SBS81	SBS82	SBS83
Syn.Breast-AdenoCA::S.1	0.009395552771688067	0.0	0.0	0.0	0.06746901704621718	0.0	0.0	0.0	0.0	0.0	0.0	0.0	0.0	0.0	0.0	0.0	0.0	0.0	0.0	0.0	0.0	0.0	0.0	0.0	0.0	0.0	0.0	0.0	0.0	0.04254843183750168	0.0	0.0	0.8805869983445931	0.0	0.0	0.0	0.0	0.0	0.0	0.0	0.0	0.0	0.0	0.0	0.0	0.0	0.0	0.0	0.0	0.0	0.0	0.0	0.0	0.0	0.0	0.0	0.0	0.0	0.0	0.0
Syn.Breast-AdenoCA::S.2	0.0314535641168807	0.0	0.0	0.0	0.0844965568583659	0.0	0.0	0.0	0.0	0.09426763446863949	0.0	0.0	0.0	0.0	0.0	0.0	0.0	0.0	0.0	0.0	0.0	0.0	0.0	0.0	0.0	0.0	0.0	0.0	0.0	0.0	0.0	0.0	0.7351107388795831	0.0	0.0	0.0	0.0	0.0	0.0	0.0	0.0	0.0	0.0	0.0	0.0	0.0546715056765308	0.0	0.0	0.0	0.0	0.0	0.0	0.0	0.0	0.0	0.0	0.0	0.0	0.0	0.0
Syn.Breast-AdenoCA::S.3	0.12120577768473938	0.0	0.0	0.0	0.17437722419928825	0.0	0.0	0.0	0.0	0.184634707975717	0.0	0.0	0.0	0.34059032865815364	0.0	0.0	0.0	0.0	0.0	0.0	0.0	0.0	0.0	0.0	0.0	0.0	0.0	0.0	0.0	0.0	0.0	0.0	0.0	0.0	0.0	0.0	0.0	0.0	0.0	0.0	0.0	0.0	0.0	0.0	0.0	0.17919196148210173	0.0	0.0	0.0	0.0	0.0	0.0	0.0	0.0	0.0	0.0	0.0	0.0	0.0	0.0
Syn.Breast-AdenoCA::S.4	0.08945078847199565	0.0	0.0	0.0	0.2156063077759652	0.0	0.0	0.0	0.0	0.0	0.0	0.0	0.0	0.0	0.0	0.0	0.0	0.0	0.0	0.0	0.0589994562262099	0.0	0.0	0.0	0.0	0.10304513322457858	0.10304513322457858	0.0	0.0	0.0	0.0	0.0	0.0	0.0	0.0	0.0	0.0	0.0	0.0	0.0	0.0	0.0	0.0	0.0	0.0	0.4298531810766721	0.0	0.0	0.0	0.0	0.0	0.0	0.0	0.0	0.0	0.0	0.0	0.0	0.0	0.0
Syn.Breast-AdenoCA::S.5	0.178073745221359	0.0	0.0	0.0	0.1955851522999137	0.0	0.0	0.0	0.0	0.38241460106055003	0.0	0.0	0.0	0.10827475644345788	0.0	0.0	0.0	0.0	0.0	0.0	0.0	0.0	0.0	0.0	0.0	0.0	0.0	0.0	0.0	0.0	0.0	0.0	0.0	0.0	0.0	0.0	0.0	0.0	0.0	0.0	0.0	0.0	0.0	0.0	0.0	0.13565174497471943	0.0	0.0	0.0	0.0	0.0	0.0	0.0	0.0	0.0	0.0	0.0	0.0	0.0	0.0
Syn.Breast-AdenoCA::S.6	0.08675682572084716	0.08828782852768563	0.0	0.0	0.13625924980862464	0.0	0.0	0.0	0.0	0.0	0.0	0.0	0.0	0.0	0.033682061750446544	0.0	0.0	0.0	0.0	0.0	0.0	0.0	0.0	0.0	0.0	0.0	0.0	0.0	0.0	0.0	0.0	0.0	0.655014034192396	0.0	0.0	0.0	0.0	0.0	0.0	0.0	0.0	0.0	0.0	0.0	0.0	0.0	0.0	0.0	0.0	0.0	0.0	0.0	0.0	0.0	0.0	0.0	0.0	0.0	0.0	0.0
Syn.Breast-AdenoCA::S.7	0.14492966002344665	0.02828253223915592	0.0	0.0	0.20545134818288394	0.0	0.0	0.0	0.0	0.0	0.0	0.0	0.0	0.26392145369284875	0.3574150058616647	0.0	0.0	0.0	0.0	0.0	0.0	0.0	0.0	0.0	0.0	0.0	0.0	0.0	0.0	0.0	0.0	0.0	0.0	0.0	0.0	0.0	0.0	0.0	0.0	0.0	0.0	0.0	0.0	0.0	0.0	0.0	0.0	0.0	0.0	0.0	0.0	0.0	0.0	0.0	0.0	0.0	0.0	0.0	0.0	0.0
Syn.Breast-AdenoCA::S.8	0.08522283033620015	0.0	0.0	0.0	0.23788115715402658	0.0	0.0	0.0	0.0	0.0	0.0	0.0	0.0	0.1344800625488663	0.5424159499609069	0.0	0.0	0.0	0.0	0.0	0.0	0.0	0.0	0.0	0.0	0.0	0.0	0.0	0.0	0.0	0.0	0.0	0.0	0.0	0.0	0.0	0.0	0.0	0.0	0.0	0.0	0.0	0.0	0.0	0.0	0.0	0.0	0.0	0.0	0.0	0.0	0.0	0.0	0.0	0.0	0.0	0.0	0.0	0.0	0.0
Syn.Breast-AdenoCA::S.9	0.09565785177930133	0.07574273587985635	0.0	0.0	0.22233104799216455	0.0	0.0	0.0	0.0	0.0	0.0	0.0	0.0	0.0	0.10741103493307215	0.0	0.0	0.0	0.0	0.0	0.07313091740124061	0.0	0.0	0.0	0.0	0.0	0.0	0.0	0.0	0.0	0.0	0.0	0.425726412014365	0.0	0.0	0.0	0.0	0.0	0.0	0.0	0.0	0.0	0.0	0.0	0.0	0.0	0.0	0.0	0.0	0.0	0.0	0.0	0.0	0.0	0.0	0.0	0.0	0.0	0.0	0.0
Syn.Breast-AdenoCA::S.10	0.08561987372396294	0.0	0.0	0.0	0.05045140732873075	0.0	0.0	0.0	0.0	0.4379536201097539	0.0	0.0	0.0	0.0	0.09453000531067446	0.0	0.0	0.0	0.0	0.0	0.0	0.0	0.0	0.0	0.0	0.0	0.0	0.0	0.0	0.029208709506107277	0.0	0.0	0.30223638402077063	0.0	0.0	0.0	0.0	0.0	0.0	0.0	0.0	0.0	0.0	0.0	0.0	0.0	0.0	0.0	0.0	0.0	0.0	0.0	0.0	0.0	0.0	0.0	0.0	0.0	0.0	0.0
Syn.Breast-AdenoCA::S.11	0.08130217028380635	0.0	0.0	0.0	0.11969949916527546	0.0	0.0	0.0	0.0	0.0	0.0	0.0	0.0	0.1350584307178631	0.15909849749582639	0.0	0.0	0.0	0.0	0.0	0.0	0.0	0.0	0.0	0.0	0.0	0.09415692821368948	0.0	0.0	0.06093489148580968	0.0	0.0	0.34974958263772954	0.0	0.0	0.0	0.0	0.0	0.0	0.0	0.0	0.0	0.0	0.0	0.0	0.0	0.0	0.0	0.0	0.0	0.0	0.0	0.0	0.0	0.0	0.0	0.0	0.0	0.0	0.0
Syn.Breast-AdenoCA::S.12	0.3238149628783552	0.0	0.0	0.0	0.251284980011422	0.0	0.0	0.0	0.0	0.0	0.0	0.0	0.0	0.0	0.0	0.0	0.0	0.0	0.0	0.0	0.0	0.0	0.0	0.0	0.0	0.0	0.0	0.0	0.0	0.14177612792689892	0.0	0.0	0.2831239291833238	0.0	0.0	0.0	0.0	0.0	0.0	0.0	0.0	0.0	0.0	0.0	0.0	0.0	0.0	0.0	0.0	0.0	0.0	0.0	0.0	0.0	0.0	0.0	0.0	0.0	0.0	0.0
Syn.Breast-AdenoCA::S.13	0.19332466406588644	0.01632712035832972	0.0	0.0	0.09463950296199972	0.0	0.0	0.0	0.0	0.13394018205461639	0.0	0.0	0.0	0.2332032943216298	0.09478399075278139	0.0	0.0	0.0	0.0	0.0	0.0	0.0	0.0	0.0	0.0	0.0843808698165005	0.09839618552232336	0.0	0.0	0.05100419014593267	0.0	0.0	0.0	0.0	0.0	0.0	0.0	0.0	0.0	0.0	0.0	0.0	0.0	0.0	0.0	0.0	0.0	0.0	0.0	0.0	0.0	0.0	0.0	0.0	0.0	0.0	0.0	0.0	0.0	0.0
Syn.Breast-AdenoCA::S.14	0.09939540507859734	0.1407496977025393	0.0	0.0	0.1562273276904474	0.0	0.0	0.0	0.0	0.12841596130592503	0.0	0.0	0.0	0.150906892382104	0.0	0.0	0.0	0.0	0.0	0.0	0.0	0.0	0.0	0.0	0.0	0.0	0.132043530834341	0.0	0.0	0.0	0.0	0.0	0.19226118500604594	0.0	0.0	0.0	0.0	0.0	0.0	0.0	0.0	0.0	0.0	0.0	0.0	0.0	0.0	0.0	0.0	0.0	0.0	0.0	0.0	0.0	0.0	0.0	0.0	0.0	0.0	0.0
Syn.Breast-AdenoCA::S.15	0.06924829157175398	0.0	0.0	0.0	0.11966590736522399	0.0	0.0	0.0	0.0	0.27380410022779045	0.0	0.0	0.0	0.0988610478359909	0.0	0.0	0.0	0.0	0.0	0.0	0.0	0.0	0.0	0.19498861047835991	0.0	0.0	0.0	0.0	0.0	0.14381169324221715	0.0	0.0	0.0	0.0	0.0	0.0	0.0	0.0	0.0	0.0	0.0	0.0	0.0	0.0	0.0	0.09962034927866363	0.0	0.0	0.0	0.0	0.0	0.0	0.0	0.0	0.0	0.0	0.0	0.0	0.0	0.0
Syn.Breast-AdenoCA::S.16	0.16269284712482468	0.10098176718092566	0.0	0.0	0.19962599345488546	0.0	0.0	0.0	0.0	0.0	0.0	0.0	0.0	0.14749883122954652	0.0	0.0	0.0	0.0	0.0	0.0	0.0	0.0	0.0	0.1989247311827957	0.0	0.0	0.0	0.0	0.0	0.05516596540439458	0.0	0.0	0.0	0.0	0.0	0.0	0.0	0.0	0.0	0.0	0.0	0.0	0.0	0.0	0.0	0.1351098644226274	0.0	0.0	0.0	0.0	0.0	0.0	0.0	0.0	0.0	0.0	0.0	0.0	0.0	0.0
Syn.Breast-AdenoCA::S.17	0.03306939916162087	0.0	0.0	0.0	0.05014749262536873	0.0	0.0	0.0	0.0	0.0	0.0	0.0	0.0	0.13258810743673344	0.0	0.0	0.0	0.0	0.0	0.08507995652848936	0.09501630181648812	0.0	0.0	0.0	0.0	0.0	0.0	0.0	0.0	0.10588417947523676	0.0	0.0	0.28691197019096415	0.0	0.0	0.0	0.0	0.0	0.0	0.0	0.0	0.0	0.0	0.0	0.0	0.21130259276509858	0.0	0.0	0.0	0.0	0.0	0.0	0.0	0.0	0.0	0.0	0.0	0.0	0.0	0.0
Syn.Breast-AdenoCA::S.18	0.013776238027307928	0.0	0.0	0.0	0.13808844507845935	0.0	0.0	0.0	0.0	0.0	0.0	0.0	0.0	0.0	0.8481353168942327	0.0	0.0	0.0	0.0	0.0	0.0	0.0	0.0	0.0	0.0	0.0	0.0	0.0	0.0	0.0	0.0	0.0	0.0	0.0	0.0	0.0	0.0	0.0	0.0	0.0	0.0	0.0	0.0	0.0	0.0	0.0	0.0	0.0	0.0	0.0	0.0	0.0	0.0	0.0	0.0	0.0	0.0	0.0	0.0	0.0
Syn.Breast-AdenoCA::S.19	0.03360592895476616	0.13672374137490417	0.0	0.0	0.1602351137234858	0.0	0.0	0.0	0.0	0.0	0.0	0.0	0.0	0.0	0.0	0.0	0.0	0.0	0.0	0.0	0.0	0.0	0.0	0.0	0.0	0.0	0.0	0.0	0.0	0.40927676974188604	0.0	0.0	0.2601584462049578	0.0	0.0	0.0	0.0	0.0	0.0	0.0	0.0	0.0	0.0	0.0	0.0	0.0	0.0	0.0	0.0	0.0	0.0	0.0	0.0	0.0	0.0	0.0	0.0	0.0	0.0	0.0
Syn.Breast-AdenoCA::S.20	0.12194304857621441	0.04639865996649916	0.0	0.0	0.0983249581239531	0.0	0.0	0.0	0.0	0.0	0.0	0.0	0.0	0.0	0.0	0.0	0.0	0.0	0.0	0.0	0.0	0.0	0.0	0.0	0.0	0.0814070351758794	0.07269681742043552	0.0	0.0	0.05544388609715243	0.0	0.0	0.523785594639866	0.0	0.0	0.0	0.0	0.0	0.0	0.0	0.0	0.0	0.0	0.0	0.0	0.0	0.0	0.0	0.0	0.0	0.0	0.0	0.0	0.0	0.0	0.0	0.0	0.0	0.0	0.0
Syn.Breast-AdenoCA::S.21	0.043100421348314606	0.05644311797752809	0.0	0.0	0.1876755617977528	0.0	0.0	0.0	0.0	0.17090941011235955	0.0	0.0	0.0	0.0	0.05784761235955056	0.0	0.0	0.0	0.0	0.0	0.0	0.0	0.0	0.0	0.0	0.0	0.0	0.0	0.0	0.0	0.0	0.0	0.4840238764044944	0.0	0.0	0.0	0.0	0.0	0.0	0.0	0.0	0.0	0.0	0.0	0.0	0.0	0.0	0.0	0.0	0.0	0.0	0.0	0.0	0.0	0.0	0.0	0.0	0.0	0.0	0.0
Syn.Breast-AdenoCA::S.22	0.12237762237762238	0.03571428571428571	0.0	0.0	0.11238761238761238	0.0	0.0	0.0	0.0	0.18431568431568432	0.0	0.0	0.0	0.0	0.07642357642357642	0.0	0.0	0.04595404595404595	0.0	0.06468531468531469	0.0	0.0	0.0	0.1008991008991009	0.0	0.0	0.12162837162837163	0.0	0.0	0.1356143856143856	0.0	0.0	0.0	0.0	0.0	0.0	0.0	0.0	0.0	0.0	0.0	0.0	0.0	0.0	0.0	0.0	0.0	0.0	0.0	0.0	0.0	0.0	0.0	0.0	0.0	0.0	0.0	0.0	0.0	0.0
Syn.Breast-AdenoCA::S.23	0.03458697112155809	0.0	0.0	0.0	0.15614506380120888	0.0	0.0	0.0	0.0	0.0	0.0	0.0	0.0	0.0	0.15625699574658608	0.0	0.0	0.0	0.0	0.0	0.0	0.0	0.0	0.06603984777255428	0.0	0.0	0.0	0.0	0.0	0.0	0.0	0.0	0.5869711215580927	0.0	0.0	0.0	0.0	0.0	0.0	0.0	0.0	0.0	0.0	0.0	0.0	0.0	0.0	0.0	0.0	0.0	0.0	0.0	0.0	0.0	0.0	0.0	0.0	0.0	0.0	0.0
Syn.Breast-AdenoCA::S.24	0.09294454569122625	0.0453007029419422	0.0	0.0	0.11559489716219734	0.0	0.0	0.0	0.0	0.14162978391043998	0.0	0.0	0.0	0.0	0.24290549336110387	0.0	0.0	0.04842488935173132	0.0	0.0	0.0	0.0	0.0	0.0	0.0	0.12132257224681073	0.0	0.0	0.0	0.0	0.0	0.0	0.0	0.0	0.0	0.0	0.0	0.0	0.0	0.0	0.0	0.0	0.0	0.0	0.0	0.0	0.1918771153345483	0.0	0.0	0.0	0.0	0.0	0.0	0.0	0.0	0.0	0.0	0.0	0.0	0.0
Syn.Breast-AdenoCA::S.25	0.21254450835387564	0.0	0.0	0.0	0.13092303478499043	0.0	0.0	0.0	0.0	0.0	0.0	0.0	0.0	0.0	0.0	0.0	0.0	0.0	0.0	0.0	0.0	0.0	0.0	0.0	0.0	0.0	0.15447822514379622	0.0	0.0	0.0	0.0	0.0	0.0	0.0	0.0	0.0	0.0	0.0	0.0	0.0	0.19994522048753766	0.0	0.0	0.0	0.0	0.10572445905231444	0.19638455217748563	0.0	0.0	0.0	0.0	0.0	0.0	0.0	0.0	0.0	0.0	0.0	0.0	0.0
Syn.Breast-AdenoCA::S.26	0.1110277569392348	0.0	0.0	0.0	0.22705676419104776	0.0	0.0	0.0	0.0	0.2253063265816454	0.0	0.0	0.0	0.0	0.0	0.0	0.0	0.1417854463615904	0.0	0.0	0.0	0.0	0.0	0.0	0.0	0.0	0.13178294573643412	0.0	0.0	0.0	0.0	0.0	0.0	0.0	0.0	0.0	0.0	0.0	0.0	0.0	0.0	0.0	0.0	0.0	0.0	0.1630407601900475	0.0	0.0	0.0	0.0	0.0	0.0	0.0	0.0	0.0	0.0	0.0	0.0	0.0	0.0
Syn.Breast-AdenoCA::S.27	0.032123170499904964	0.0	0.2967116517772287	0.0	0.07926249762402585	0.0	0.0	0.0	0.0	0.1644174111385668	0.0	0.0	0.0	0.12203003231324844	0.09351834252043338	0.0	0.0	0.0	0.0	0.0	0.0	0.0	0.0	0.0	0.0	0.0	0.0	0.0	0.0	0.2119368941265919	0.0	0.0	0.0	0.0	0.0	0.0	0.0	0.0	0.0	0.0	0.0	0.0	0.0	0.0	0.0	0.0	0.0	0.0	0.0	0.0	0.0	0.0	0.0	0.0	0.0	0.0	0.0	0.0	0.0	0.0
Syn.Breast-AdenoCA::S.28	0.08305476986371818	0.07971200822833634	0.0	0.0	0.0	0.0	0.0	0.0	0.0	0.0	0.0	0.0	0.0	0.0	0.0	0.0	0.0	0.1913088197480072	0.0	0.09179737721779378	0.08639753149910002	0.0	0.0	0.10285420416559526	0.0	0.0	0.1432244793005914	0.0	0.0	0.0	0.0	0.0	0.2216508099768578	0.0	0.0	0.0	0.0	0.0	0.0	0.0	0.0	0.0	0.0	0.0	0.0	0.0	0.0	0.0	0.0	0.0	0.0	0.0	0.0	0.0	0.0	0.0	0.0	0.0	0.0	0.0
Syn.Breast-AdenoCA::S.29	0.05794094173982442	0.0	0.0	0.0	0.20446927374301677	0.0	0.0	0.0	0.0	0.16855546687948922	0.0	0.0	0.0	0.0	0.0	0.0	0.0	0.0	0.0	0.03974461292897047	0.0	0.0	0.0	0.0	0.0	0.0	0.0	0.0	0.0	0.0	0.0	0.0	0.5292897047086991	0.0	0.0	0.0	0.0	0.0	0.0	0.0	0.0	0.0	0.0	0.0	0.0	0.0	0.0	0.0	0.0	0.0	0.0	0.0	0.0	0.0	0.0	0.0	0.0	0.0	0.0	0.0
Syn.Breast-AdenoCA::S.30	0.1995987963891675	0.06995987963891676	0.0	0.0	0.2156469408224674	0.0	0.0	0.0	0.0	0.1770310932798395	0.0	0.0	0.0	0.0	0.0	0.0	0.0	0.0	0.0	0.0	0.0	0.0	0.0	0.0	0.0	0.0	0.0	0.0	0.0	0.0	0.0	0.0	0.1697592778335005	0.0	0.0	0.0	0.0	0.0	0.0	0.0	0.0	0.0	0.0	0.0	0.0	0.0	0.16800401203610832	0.0	0.0	0.0	0.0	0.0	0.0	0.0	0.0	0.0	0.0	0.0	0.0	0.0
Syn.Breast-AdenoCA::S.31	0.37101839389860924	0.050396291311499926	0.0	0.0	0.14954389113204725	0.0	0.0	0.0	0.0	0.1443098549424256	0.0	0.0	0.0	0.08897861522356812	0.0	0.0	0.0	0.0	0.0	0.0	0.0	0.0	0.0	0.0	0.0	0.0	0.0	0.0	0.0	0.19575295349184985	0.0	0.0	0.0	0.0	0.0	0.0	0.0	0.0	0.0	0.0	0.0	0.0	0.0	0.0	0.0	0.0	0.0	0.0	0.0	0.0	0.0	0.0	0.0	0.0	0.0	0.0	0.0	0.0	0.0	0.0
Syn.Breast-AdenoCA::S.32	0.07458710708577518	0.06233351092168354	0.0	0.0	0.15805363168176167	0.0	0.0	0.0	0.0	0.0	0.0	0.0	0.0	0.0	0.13194814420174036	0.0	0.0	0.0	0.0	0.06890427987923992	0.0	0.0	0.0	0.0	0.0	0.0	0.0	0.0	0.0	0.26993429231042443	0.0	0.0	0.2342390339193749	0.0	0.0	0.0	0.0	0.0	0.0	0.0	0.0	0.0	0.0	0.0	0.0	0.0	0.0	0.0	0.0	0.0	0.0	0.0	0.0	0.0	0.0	0.0	0.0	0.0	0.0	0.0
Syn.Breast-AdenoCA::S.33	0.17818349896001848	0.02935058932285648	0.0	0.0	0.1779523919574763	0.0	0.0	0.0	0.0	0.0	0.0	0.0	0.0	0.2997457822972036	0.0513057545643633	0.0	0.0	0.0	0.0	0.0	0.0	0.0	0.0	0.0	0.0	0.0	0.0	0.0	0.0	0.07903859486942455	0.0	0.0	0.18442338802865726	0.0	0.0	0.0	0.0	0.0	0.0	0.0	0.0	0.0	0.0	0.0	0.0	0.0	0.0	0.0	0.0	0.0	0.0	0.0	0.0	0.0	0.0	0.0	0.0	0.0	0.0	0.0
Syn.Breast-AdenoCA::S.34	0.019324090121317156	0.0	0.0	0.0	0.12435008665511266	0.0	0.0	0.0	0.0	0.0	0.0	0.0	0.0	0.0	0.053292894280762566	0.0	0.0	0.0	0.0	0.0	0.057019064124783365	0.0	0.0	0.0	0.0	0.0	0.0	0.0	0.0	0.0	0.0	0.0	0.7460138648180242	0.0	0.0	0.0	0.0	0.0	0.0	0.0	0.0	0.0	0.0	0.0	0.0	0.0	0.0	0.0	0.0	0.0	0.0	0.0	0.0	0.0	0.0	0.0	0.0	0.0	0.0	0.0
Syn.Breast-AdenoCA::S.35	0.02777112760354321	0.0	0.0	0.0	0.1476338680073418	0.0	0.0	0.0	0.0	0.0	0.0	0.0	0.0	0.0	0.609767775915729	0.0	0.0	0.0	0.0	0.0	0.0	0.0	0.0	0.0	0.0	0.0	0.0	0.0	0.0	0.0	0.0	0.0	0.214827228473386	0.0	0.0	0.0	0.0	0.0	0.0	0.0	0.0	0.0	0.0	0.0	0.0	0.0	0.0	0.0	0.0	0.0	0.0	0.0	0.0	0.0	0.0	0.0	0.0	0.0	0.0	0.0
Syn.Breast-AdenoCA::S.36	0.12766605728214503	0.0	0.0	0.0	0.16514320536258378	0.0	0.0	0.0	0.0	0.0	0.0	0.0	0.0	0.21023765996343693	0.0	0.0	0.0	0.0	0.0	0.0	0.0	0.0	0.0	0.0	0.0	0.0	0.09719683120048751	0.0	0.0	0.1368068251066423	0.0	0.0	0.172151127361365	0.0	0.0	0.0	0.0	0.0	0.0	0.0	0.0	0.0	0.0	0.0	0.0	0.09079829372333943	0.0	0.0	0.0	0.0	0.0	0.0	0.0	0.0	0.0	0.0	0.0	0.0	0.0	0.0
Syn.Breast-AdenoCA::S.37	0.06422018348623854	0.02902916609612488	0.0	0.0	0.18677255922223743	0.0	0.0	0.0	0.0	0.3671094070929755	0.0	0.0	0.0	0.0	0.35286868410242367	0.0	0.0	0.0	0.0	0.0	0.0	0.0	0.0	0.0	0.0	0.0	0.0	0.0	0.0	0.0	0.0	0.0	0.0	0.0	0.0	0.0	0.0	0.0	0.0	0.0	0.0	0.0	0.0	0.0	0.0	0.0	0.0	0.0	0.0	0.0	0.0	0.0	0.0	0.0	0.0	0.0	0.0	0.0	0.0	0.0
Syn.Breast-AdenoCA::S.38	0.10857805255023184	0.0	0.0	0.0	0.05428902627511592	0.0	0.0	0.0	0.0	0.0	0.0	0.0	0.0	0.10239567233384853	0.0	0.0	0.0	0.0	0.0	0.0	0.0	0.0	0.0	0.05293663060278207	0.0	0.0	0.07090417310664605	0.0	0.0	0.06201700154559506	0.0	0.0	0.3077666151468315	0.0	0.0	0.0	0.0	0.0	0.0	0.0	0.0	0.0	0.0	0.0	0.0	0.09602009273570325	0.14509273570324574	0.0	0.0	0.0	0.0	0.0	0.0	0.0	0.0	0.0	0.0	0.0	0.0	0.0
Syn.Breast-AdenoCA::S.39	0.09110582125081151	0.24864747890067085	0.0	0.0	0.22852196494265312	0.0	0.0	0.0	0.0	0.0	0.0	0.0	0.0	0.2765635143908245	0.0	0.0	0.0	0.0	0.0	0.0	0.0	0.0	0.0	0.0	0.0	0.0	0.0	0.0	0.0	0.0	0.0	0.0	0.0	0.0	0.0	0.0	0.0	0.0	0.0	0.0	0.0	0.0	0.0	0.0	0.0	0.15516122051504003	0.0	0.0	0.0	0.0	0.0	0.0	0.0	0.0	0.0	0.0	0.0	0.0	0.0	0.0
Syn.Breast-AdenoCA::S.40	0.05139186295503212	0.0	0.0	0.0	0.0984037375900331	0.0	0.0	0.0	0.0	0.0	0.0	0.0	0.0	0.055674518201284794	0.0	0.0	0.0	0.0	0.0	0.0	0.05265719291415223	0.0	0.0	0.10521705275452599	0.0	0.0	0.09090909090909091	0.0	0.0	0.0	0.0	0.0	0.5457465446758809	0.0	0.0	0.0	0.0	0.0	0.0	0.0	0.0	0.0	0.0	0.0	0.0	0.0	0.0	0.0	0.0	0.0	0.0	0.0	0.0	0.0	0.0	0.0	0.0	0.0	0.0	0.0
Syn.Breast-AdenoCA::S.41	0.12989359566352138	0.22625978719132706	0.0	0.0	0.2802650070267015	0.0	0.0	0.0	0.0	0.21300943585625376	0.0	0.0	0.0	0.0	0.15057217426219635	0.0	0.0	0.0	0.0	0.0	0.0	0.0	0.0	0.0	0.0	0.0	0.0	0.0	0.0	0.0	0.0	0.0	0.0	0.0	0.0	0.0	0.0	0.0	0.0	0.0	0.0	0.0	0.0	0.0	0.0	0.0	0.0	0.0	0.0	0.0	0.0	0.0	0.0	0.0	0.0	0.0	0.0	0.0	0.0	0.0
Syn.Breast-AdenoCA::S.42	0.09882714862526437	0.17285137473562776	0.22168813689675063	0.0	0.18323399346279562	0.0	0.0	0.0	0.0	0.0	0.0	0.0	0.0	0.0	0.18284945202845607	0.0	0.0	0.0	0.0	0.0	0.0	0.0	0.0	0.14054989425110556	0.0	0.0	0.0	0.0	0.0	0.0	0.0	0.0	0.0	0.0	0.0	0.0	0.0	0.0	0.0	0.0	0.0	0.0	0.0	0.0	0.0	0.0	0.0	0.0	0.0	0.0	0.0	0.0	0.0	0.0	0.0	0.0	0.0	0.0	0.0	0.0
Syn.Breast-AdenoCA::S.43	0.03705228489090161	0.012865376698229724	0.0	0.0	0.08213256484149856	0.0	0.0	0.0	0.0	0.0	0.0	0.0	0.0	0.0	0.23620831617949772	0.0	0.0	0.0	0.0	0.0	0.0	0.0	0.0	0.10148209139563606	0.0	0.0	0.0	0.0	0.0	0.17568958419102512	0.0	0.0	0.3545697818032112	0.0	0.0	0.0	0.0	0.0	0.0	0.0	0.0	0.0	0.0	0.0	0.0	0.0	0.0	0.0	0.0	0.0	0.0	0.0	0.0	0.0	0.0	0.0	0.0	0.0	0.0	0.0
Syn.Breast-AdenoCA::S.44	0.03984575835475578	0.0	0.0	0.0	0.04466580976863753	0.0	0.0	0.0	0.0	0.3625749785775493	0.0	0.0	0.0	0.07626392459297343	0.0	0.0	0.0	0.0	0.0	0.0	0.0	0.0	0.0	0.0	0.0	0.0	0.06876606683804627	0.0	0.0	0.15242073693230507	0.0	0.0	0.25546272493573263	0.0	0.0	0.0	0.0	0.0	0.0	0.0	0.0	0.0	0.0	0.0	0.0	0.0	0.0	0.0	0.0	0.0	0.0	0.0	0.0	0.0	0.0	0.0	0.0	0.0	0.0	0.0
Syn.Breast-AdenoCA::S.45	0.23234490831057356	0.0887631681623098	0.0	0.0	0.15645727662895045	0.0	0.0	0.0	0.0	0.0	0.0	0.0	0.0	0.0998829496683574	0.0	0.0	0.0	0.0	0.0	0.0	0.1092469761997659	0.0	0.0	0.0	0.0	0.0	0.0	0.0	0.0	0.0	0.0	0.0	0.3133047210300429	0.0	0.0	0.0	0.0	0.0	0.0	0.0	0.0	0.0	0.0	0.0	0.0	0.0	0.0	0.0	0.0	0.0	0.0	0.0	0.0	0.0	0.0	0.0	0.0	0.0	0.0	0.0
Syn.Breast-AdenoCA::S.46	0.09252525252525252	0.0	0.0	0.0	0.1385858585858586	0.0	0.0	0.0	0.0	0.177979797979798	0.0	0.0	0.0	0.14464646464646463	0.0	0.0	0.0	0.0	0.0	0.0	0.0	0.0	0.0	0.0	0.0	0.0	0.0	0.0	0.0	0.1416161616161616	0.0	0.0	0.0	0.0	0.0	0.0	0.0	0.0	0.0	0.0	0.0	0.0	0.0	0.0	0.0	0.30464646464646467	0.0	0.0	0.0	0.0	0.0	0.0	0.0	0.0	0.0	0.0	0.0	0.0	0.0	0.0
Syn.Breast-AdenoCA::S.47	0.04349618635332921	0.0	0.21974850546279118	0.0	0.2681921253349825	0.0	0.0	0.0	0.0	0.0	0.0	0.0	0.0	0.0	0.0	0.0	0.0	0.0	0.0	0.0	0.0	0.0	0.0	0.0	0.0	0.0	0.0	0.0	0.0	0.0	0.0	0.0	0.0	0.0	0.0	0.0	0.0	0.0	0.0	0.0	0.0	0.0	0.0	0.0	0.0	0.46856318284889714	0.0	0.0	0.0	0.0	0.0	0.0	0.0	0.0	0.0	0.0	0.0	0.0	0.0	0.0
Syn.Breast-AdenoCA::S.48	0.09442446043165467	0.07733812949640288	0.0	0.0	0.17955635491606714	0.0	0.0	0.0	0.0	0.0	0.0	0.0	0.0	0.13519184652278177	0.05875299760191847	0.0	0.0	0.0	0.0	0.0	0.06474820143884892	0.0	0.0	0.0	0.0	0.0	0.0	0.0	0.0	0.0	0.0	0.0	0.38998800959232616	0.0	0.0	0.0	0.0	0.0	0.0	0.0	0.0	0.0	0.0	0.0	0.0	0.0	0.0	0.0	0.0	0.0	0.0	0.0	0.0	0.0	0.0	0.0	0.0	0.0	0.0	0.0
Syn.Breast-AdenoCA::S.49	0.08767875198613317	0.13332370359670662	0.0	0.0	0.20742452693918823	0.0	0.0	0.0	0.0	0.0	0.0	0.0	0.0	0.10732341470460782	0.46424960277336413	0.0	0.0	0.0	0.0	0.0	0.0	0.0	0.0	0.0	0.0	0.0	0.0	0.0	0.0	0.0	0.0	0.0	0.0	0.0	0.0	0.0	0.0	0.0	0.0	0.0	0.0	0.0	0.0	0.0	0.0	0.0	0.0	0.0	0.0	0.0	0.0	0.0	0.0	0.0	0.0	0.0	0.0	0.0	0.0	0.0
Syn.Breast-AdenoCA::S.50	0.05998461932837734	0.18802871058702897	0.0	0.0	0.18854139964111766	0.0	0.0	0.0	0.0	0.0	0.0	0.0	0.0	0.0	0.0	0.0	0.0	0.0	0.0	0.0	0.0	0.0	0.0	0.0	0.0	0.0	0.0	0.0	0.0	0.563445270443476	0.0	0.0	0.0	0.0	0.0	0.0	0.0	0.0	0.0	0.0	0.0	0.0	0.0	0.0	0.0	0.0	0.0	0.0	0.0	0.0	0.0	0.0	0.0	0.0	0.0	0.0	0.0	0.0	0.0	0.0
Syn.Breast-AdenoCA::S.51	0.09458408914226483	0.1155739828971236	0.0	0.0	0.20108836486136306	0.0	0.0	0.0	0.0	0.12697590049235552	0.0	0.0	0.0	0.0	0.0	0.0	0.0	0.0	0.0	0.0	0.0	0.0	0.0	0.0	0.0	0.0	0.0	0.0	0.0	0.14019175952319254	0.0	0.0	0.32158590308370044	0.0	0.0	0.0	0.0	0.0	0.0	0.0	0.0	0.0	0.0	0.0	0.0	0.0	0.0	0.0	0.0	0.0	0.0	0.0	0.0	0.0	0.0	0.0	0.0	0.0	0.0	0.0
Syn.Breast-AdenoCA::S.52	0.3278158295281583	0.0	0.0	0.0	0.2437214611872146	0.0	0.0	0.0	0.0	0.0	0.0	0.0	0.0	0.0	0.0	0.0	0.0	0.0	0.0	0.0	0.0	0.0	0.0	0.0	0.0	0.0	0.0	0.0	0.0	0.0	0.0	0.0	0.1141552511415525	0.0	0.0	0.0	0.0	0.0	0.0	0.0	0.0	0.0	0.0	0.0	0.0	0.3143074581430746	0.0	0.0	0.0	0.0	0.0	0.0	0.0	0.0	0.0	0.0	0.0	0.0	0.0	0.0
Syn.Breast-AdenoCA::S.53	0.024701305918310643	0.0	0.0	0.0	0.104584606835232	0.0	0.0	0.0	0.0	0.0	0.0	0.0	0.0	0.0	0.8707140872464574	0.0	0.0	0.0	0.0	0.0	0.0	0.0	0.0	0.0	0.0	0.0	0.0	0.0	0.0	0.0	0.0	0.0	0.0	0.0	0.0	0.0	0.0	0.0	0.0	0.0	0.0	0.0	0.0	0.0	0.0	0.0	0.0	0.0	0.0	0.0	0.0	0.0	0.0	0.0	0.0	0.0	0.0	0.0	0.0	0.0
Syn.Breast-AdenoCA::S.54	0.1222990492653414	0.0	0.0	0.0	0.29732065687121867	0.0	0.0	0.0	0.0	0.0	0.0	0.0	0.0	0.10501296456352636	0.0	0.0	0.0	0.0	0.0	0.055315471045808126	0.0	0.0	0.0	0.0	0.0	0.0	0.0	0.0	0.0	0.16832324978392393	0.0	0.0	0.0	0.0	0.0	0.0	0.0	0.0	0.0	0.0	0.0	0.0	0.0	0.0	0.0	0.2517286084701815	0.0	0.0	0.0	0.0	0.0	0.0	0.0	0.0	0.0	0.0	0.0	0.0	0.0	0.0
Syn.Breast-AdenoCA::S.55	0.11097303342860694	0.1226544053684603	0.0	0.0	0.14415310053436062	0.0	0.0	0.0	0.0	0.20616378774698646	0.0	0.0	0.0	0.07754442649434572	0.0	0.0	0.0	0.0	0.0	0.0	0.0	0.0	0.0	0.0	0.0	0.0	0.0	0.0	0.0	0.0	0.0	0.0	0.33851124642723995	0.0	0.0	0.0	0.0	0.0	0.0	0.0	0.0	0.0	0.0	0.0	0.0	0.0	0.0	0.0	0.0	0.0	0.0	0.0	0.0	0.0	0.0	0.0	0.0	0.0	0.0	0.0
Syn.Breast-AdenoCA::S.56	0.1323385038287846	0.0465344590614569	0.0	0.0	0.1981150598861182	0.0	0.0	0.0	0.0	0.0	0.0	0.0	0.0	0.23286864323581385	0.0704889063420381	0.0	0.0	0.0	0.0	0.0	0.0	0.0	0.0	0.0	0.0	0.0	0.0	0.0	0.0	0.046141763204398195	0.0	0.0	0.0	0.0	0.0	0.0	0.0	0.0	0.0	0.0	0.0	0.0	0.0	0.0	0.0	0.0	0.0	0.27351266444139016	0.0	0.0	0.0	0.0	0.0	0.0	0.0	0.0	0.0	0.0	0.0	0.0
Syn.Breast-AdenoCA::S.57	0.037676177380543144	0.0	0.23781368167755243	0.0	0.12485390168442764	0.0	0.0	0.0	0.0	0.0	0.0	0.0	0.0	0.0	0.15922997593674804	0.0	0.0	0.0	0.0	0.0	0.0	0.0	0.0	0.0	0.0	0.0	0.0	0.0	0.0	0.0	0.0	0.0	0.44042626332072876	0.0	0.0	0.0	0.0	0.0	0.0	0.0	0.0	0.0	0.0	0.0	0.0	0.0	0.0	0.0	0.0	0.0	0.0	0.0	0.0	0.0	0.0	0.0	0.0	0.0	0.0	0.0
Syn.Breast-AdenoCA::S.58	0.1416143064282262	0.08168197196713388	0.0	0.0	0.1860802319961334	0.0	0.0	0.0	0.0	0.0	0.0	0.0	0.0	0.14693088448525857	0.0	0.0	0.0	0.0	0.0	0.06283228612856452	0.250362493958434	0.0	0.0	0.0	0.0	0.0	0.0	0.0	0.0	0.0	0.0	0.0	0.0	0.0	0.0	0.0	0.0	0.0	0.0	0.0	0.0	0.0	0.0	0.0	0.0	0.1304978250362494	0.0	0.0	0.0	0.0	0.0	0.0	0.0	0.0	0.0	0.0	0.0	0.0	0.0	0.0
Syn.Breast-AdenoCA::S.59	0.19614752172891708	0.0	0.0	0.0	0.13107822410147993	0.0	0.0	0.0	0.0	0.0	0.0	0.0	0.0	0.0	0.0	0.0	0.0	0.0	0.0	0.0	0.06953253464881372	0.0	0.0	0.07564012215175006	0.0	0.0	0.0	0.0	0.0	0.05802208127789523	0.0	0.0	0.23890063424947147	0.0	0.0	0.0	0.0	0.0	0.0	0.0	0.0	0.0	0.0	0.0	0.0	0.23067888184167254	0.0	0.0	0.0	0.0	0.0	0.0	0.0	0.0	0.0	0.0	0.0	0.0	0.0	0.0
Syn.Breast-AdenoCA::S.60	0.13470158056145318	0.027600849256900213	0.0	0.0	0.1818825194621373	0.0	0.0	0.0	0.0	0.2024062278839349	0.0	0.0	0.0	0.17032318943146968	0.041283321538098605	0.0	0.0	0.0	0.0	0.0	0.0	0.0	0.0	0.0	0.0	0.0	0.0	0.0	0.0	0.24180231186600612	0.0	0.0	0.0	0.0	0.0	0.0	0.0	0.0	0.0	0.0	0.0	0.0	0.0	0.0	0.0	0.0	0.0	0.0	0.0	0.0	0.0	0.0	0.0	0.0	0.0	0.0	0.0	0.0	0.0	0.0
Syn.Breast-AdenoCA::S.61	0.046153846153846156	0.056768038163387	0.0	0.0	0.10948121645796065	0.0	0.0	0.0	0.0	0.3500298151460942	0.0	0.0	0.0	0.0	0.0	0.0	0.0	0.0	0.0	0.0	0.06726296958855098	0.0	0.0	0.0	0.0	0.0	0.0	0.0	0.0	0.0	0.0	0.0	0.21025641025641026	0.0	0.0	0.0	0.0	0.0	0.0	0.0	0.0	0.0	0.0	0.0	0.0	0.16004770423375075	0.0	0.0	0.0	0.0	0.0	0.0	0.0	0.0	0.0	0.0	0.0	0.0	0.0	0.0
Syn.Breast-AdenoCA::S.62	0.06892950391644909	0.0	0.0	0.0	0.1010443864229765	0.0	0.0	0.0	0.0	0.4704960835509138	0.0	0.0	0.0	0.0	0.05953002610966057	0.0	0.0	0.0	0.0	0.0	0.0	0.0	0.0	0.0	0.0	0.14934725848563968	0.08433420365535248	0.0	0.0	0.06631853785900783	0.0	0.0	0.0	0.0	0.0	0.0	0.0	0.0	0.0	0.0	0.0	0.0	0.0	0.0	0.0	0.0	0.0	0.0	0.0	0.0	0.0	0.0	0.0	0.0	0.0	0.0	0.0	0.0	0.0	0.0
Syn.Breast-AdenoCA::S.63	0.12908777969018934	0.0	0.0	0.0	0.12392426850258176	0.0	0.0	0.0	0.0	0.0	0.0	0.0	0.0	0.10972461273666093	0.0	0.0	0.0	0.0	0.0	0.0	0.076592082616179	0.0	0.0	0.0	0.0	0.0	0.0	0.0	0.0	0.07099827882960413	0.0	0.0	0.26506024096385544	0.0	0.0	0.0	0.0	0.0	0.0	0.0	0.0	0.0	0.0	0.0	0.0	0.22461273666092943	0.0	0.0	0.0	0.0	0.0	0.0	0.0	0.0	0.0	0.0	0.0	0.0	0.0	0.0
Syn.Breast-AdenoCA::S.64	0.11956774343481293	0.0513595166163142	0.0	0.0	0.08761329305135952	0.0	0.0	0.0	0.0	0.0	0.0	0.0	0.0	0.1138740413664885	0.10713455728561469	0.0	0.0	0.0	0.0	0.0	0.08749709504996514	0.0	0.0	0.0	0.0	0.0	0.0978387171740646	0.0	0.0	0.33511503602138043	0.0	0.0	0.0	0.0	0.0	0.0	0.0	0.0	0.0	0.0	0.0	0.0	0.0	0.0	0.0	0.0	0.0	0.0	0.0	0.0	0.0	0.0	0.0	0.0	0.0	0.0	0.0	0.0	0.0	0.0
Syn.Breast-AdenoCA::S.65	0.0325820882923947	0.3538448552376129	0.0	0.0	0.16029374525196252	0.0	0.0	0.0	0.0	0.0	0.0	0.0	0.0	0.0	0.044146197349539965	0.0	0.0	0.0	0.0	0.0	0.0	0.0	0.0	0.0	0.0	0.0	0.0	0.0	0.0	0.0	0.0	0.0	0.40913311386848994	0.0	0.0	0.0	0.0	0.0	0.0	0.0	0.0	0.0	0.0	0.0	0.0	0.0	0.0	0.0	0.0	0.0	0.0	0.0	0.0	0.0	0.0	0.0	0.0	0.0	0.0	0.0
Syn.Breast-AdenoCA::S.66	0.0627297794117647	0.02458639705882353	0.0	0.0	0.11994485294117647	0.0	0.0	0.0	0.0	0.21553308823529413	0.0	0.0	0.0	0.20565257352941177	0.078125	0.0	0.0	0.0	0.0	0.0	0.0	0.0	0.0	0.0	0.0	0.0	0.0	0.0	0.0	0.05353860294117647	0.0	0.0	0.23988970588235295	0.0	0.0	0.0	0.0	0.0	0.0	0.0	0.0	0.0	0.0	0.0	0.0	0.0	0.0	0.0	0.0	0.0	0.0	0.0	0.0	0.0	0.0	0.0	0.0	0.0	0.0	0.0
Syn.Breast-AdenoCA::S.67	0.05467170607365738	0.08464445811725411	0.0	0.0	0.1773754065219302	0.0	0.0	0.0	0.0	0.0	0.0	0.0	0.0	0.0	0.0	0.0	0.0	0.0	0.0	0.0	0.0	0.0	0.0	0.0	0.0	0.0	0.0	0.0	0.0	0.0	0.0	0.0	0.6833084292871583	0.0	0.0	0.0	0.0	0.0	0.0	0.0	0.0	0.0	0.0	0.0	0.0	0.0	0.0	0.0	0.0	0.0	0.0	0.0	0.0	0.0	0.0	0.0	0.0	0.0	0.0	0.0
Syn.Breast-AdenoCA::S.68	0.08668596237337192	0.0	0.23082489146164978	0.0	0.19855282199710564	0.0	0.0	0.0	0.0	0.0	0.0	0.0	0.0	0.0	0.24356005788712012	0.0	0.0	0.0	0.0	0.0	0.0	0.0	0.0	0.0	0.0	0.07539797395079595	0.0	0.0	0.0	0.0	0.0	0.0	0.0	0.0	0.0	0.0	0.0	0.0	0.0	0.0	0.0	0.0	0.0	0.0	0.0	0.1649782923299566	0.0	0.0	0.0	0.0	0.0	0.0	0.0	0.0	0.0	0.0	0.0	0.0	0.0	0.0
Syn.Breast-AdenoCA::S.69	0.06413676042677012	0.0	0.302376333656644	0.0	0.12160523763336567	0.0	0.0	0.0	0.0	0.3428709990300679	0.0	0.0	0.0	0.0	0.125	0.0	0.0	0.0	0.0	0.0	0.0	0.0	0.0	0.0	0.0	0.0	0.0	0.0	0.0	0.04401066925315228	0.0	0.0	0.0	0.0	0.0	0.0	0.0	0.0	0.0	0.0	0.0	0.0	0.0	0.0	0.0	0.0	0.0	0.0	0.0	0.0	0.0	0.0	0.0	0.0	0.0	0.0	0.0	0.0	0.0	0.0
Syn.Breast-AdenoCA::S.70	0.20790334759627485	0.0	0.0	0.0	0.19557009816259754	0.0	0.0	0.0	0.0	0.2194815001258495	0.0	0.0	0.0	0.11150264283916436	0.0	0.0	0.0	0.0	0.0	0.05487037503146237	0.0	0.0	0.0	0.0	0.0	0.0	0.0	0.0	0.0	0.11150264283916436	0.0	0.0	0.0	0.0	0.0	0.0	0.0	0.0	0.0	0.0	0.0	0.0	0.0	0.0	0.0	0.09916939340548704	0.0	0.0	0.0	0.0	0.0	0.0	0.0	0.0	0.0	0.0	0.0	0.0	0.0	0.0
Syn.Breast-AdenoCA::S.71	0.07965717166624653	0.0799092513234182	0.0	0.0	0.17469120241996472	0.0	0.0	0.0	0.0	0.0	0.0	0.0	0.0	0.0	0.059364759263927404	0.0	0.0	0.0	0.0	0.0	0.0	0.0	0.0	0.0	0.0	0.0	0.0	0.0	0.0	0.10335265944038316	0.0	0.0	0.50302495588606	0.0	0.0	0.0	0.0	0.0	0.0	0.0	0.0	0.0	0.0	0.0	0.0	0.0	0.0	0.0	0.0	0.0	0.0	0.0	0.0	0.0	0.0	0.0	0.0	0.0	0.0	0.0
Syn.Breast-AdenoCA::S.72	0.07649143532191376	0.10277613703484938	0.0	0.0	0.0964264619019492	0.0	0.0	0.0	0.0	0.0	0.0	0.0	0.0	0.22829297105729474	0.04326639102185469	0.0	0.0	0.0	0.0	0.0	0.0	0.0	0.0	0.0	0.0	0.0	0.0	0.0	0.0	0.08092144122858831	0.0	0.0	0.2595983461311282	0.0	0.0	0.0	0.0	0.0	0.0	0.0	0.0	0.0	0.0	0.0	0.0	0.11222681630242173	0.0	0.0	0.0	0.0	0.0	0.0	0.0	0.0	0.0	0.0	0.0	0.0	0.0	0.0
Syn.Breast-AdenoCA::S.73	0.0909577314071696	0.0	0.0	0.0	0.13750668806848582	0.0	0.0	0.0	0.0	0.299625468164794	0.0	0.0	0.0	0.23675762439807382	0.0	0.0	0.0	0.0	0.0	0.0	0.0	0.0	0.0	0.0	0.0	0.0	0.0	0.0	0.0	0.13108614232209737	0.0	0.0	0.0	0.0	0.0	0.0	0.0	0.0	0.0	0.0	0.0	0.0	0.0	0.0	0.0	0.10406634563937935	0.0	0.0	0.0	0.0	0.0	0.0	0.0	0.0	0.0	0.0	0.0	0.0	0.0	0.0
Syn.Breast-AdenoCA::S.74	0.0630462817022496	0.06763146582604958	0.0	0.0	0.10230692076228685	0.0	0.0	0.0	0.0	0.11276687204470555	0.0	0.0	0.0	0.06662845679896834	0.023785642642212352	0.0	0.0	0.0	0.0	0.0	0.0	0.0	0.0	0.0	0.0	0.0	0.0	0.0	0.0	0.09815159765009314	0.0	0.0	0.4656827625734346	0.0	0.0	0.0	0.0	0.0	0.0	0.0	0.0	0.0	0.0	0.0	0.0	0.0	0.0	0.0	0.0	0.0	0.0	0.0	0.0	0.0	0.0	0.0	0.0	0.0	0.0	0.0
Syn.Breast-AdenoCA::S.75	0.15317286652078774	0.061487964989059084	0.0	0.0	0.18227571115973742	0.0	0.0	0.0	0.0	0.0	0.0	0.0	0.0	0.0	0.24420131291028446	0.0	0.0	0.0	0.0	0.0	0.0	0.0	0.0	0.0	0.0	0.0	0.12910284463894967	0.0	0.0	0.0	0.0	0.0	0.0	0.0	0.0	0.0	0.0	0.0	0.0	0.0	0.0	0.0	0.0	0.0	0.0	0.0	0.22975929978118162	0.0	0.0	0.0	0.0	0.0	0.0	0.0	0.0	0.0	0.0	0.0	0.0	0.0
Syn.Breast-AdenoCA::S.76	0.0627033422064478	0.11623779946761313	0.0	0.0	0.12244897959183673	0.0	0.0	0.0	0.0	0.0	0.0	0.0	0.0	0.09020999704229518	0.0	0.0	0.0	0.0	0.0	0.11505471753918958	0.10470275066548358	0.0	0.0	0.0	0.0	0.0	0.0	0.0	0.0	0.0	0.0	0.0	0.20496894409937888	0.0	0.0	0.0	0.0	0.0	0.0	0.0	0.0	0.0	0.0	0.0	0.0	0.1836734693877551	0.0	0.0	0.0	0.0	0.0	0.0	0.0	0.0	0.0	0.0	0.0	0.0	0.0	0.0
Syn.Breast-AdenoCA::S.77	0.224710179450532	0.0925837700492298	0.0	0.0	0.1545180244560902	0.0	0.0	0.0	0.0	0.0	0.0	0.0	0.0	0.0	0.2288391297443227	0.0	0.0	0.0	0.0	0.0	0.0	0.0	0.0	0.0	0.0	0.0	0.0	0.0	0.0	0.0	0.0	0.0	0.2993488962998253	0.0	0.0	0.0	0.0	0.0	0.0	0.0	0.0	0.0	0.0	0.0	0.0	0.0	0.0	0.0	0.0	0.0	0.0	0.0	0.0	0.0	0.0	0.0	0.0	0.0	0.0	0.0
Syn.Breast-AdenoCA::S.78	0.04996127033307514	0.1864833462432223	0.0	0.0	0.28001549186676994	0.0	0.0	0.0	0.0	0.0	0.0	0.0	0.0	0.0	0.06758326878388846	0.0	0.0	0.05015491866769946	0.0	0.0	0.0	0.0	0.0	0.0	0.0	0.0	0.0	0.0	0.0	0.0	0.0	0.0	0.3658017041053447	0.0	0.0	0.0	0.0	0.0	0.0	0.0	0.0	0.0	0.0	0.0	0.0	0.0	0.0	0.0	0.0	0.0	0.0	0.0	0.0	0.0	0.0	0.0	0.0	0.0	0.0	0.0
Syn.Breast-AdenoCA::S.79	0.08001516875237012	0.17728479332574895	0.0	0.0	0.19017823284034888	0.0	0.0	0.0	0.0	0.0	0.0	0.0	0.0	0.0	0.0	0.0	0.0	0.0	0.0	0.0	0.08285930982176716	0.0	0.0	0.0	0.0	0.0	0.15908229048160788	0.0	0.0	0.0	0.0	0.0	0.310580204778157	0.0	0.0	0.0	0.0	0.0	0.0	0.0	0.0	0.0	0.0	0.0	0.0	0.0	0.0	0.0	0.0	0.0	0.0	0.0	0.0	0.0	0.0	0.0	0.0	0.0	0.0	0.0
Syn.Breast-AdenoCA::S.80	0.10298677982699526	0.0	0.16941406887546923	0.0	0.11326913660845438	0.0	0.0	0.0	0.0	0.0	0.0	0.0	0.0	0.15472498775909907	0.0	0.0	0.0	0.0	0.0	0.0	0.0	0.0	0.0	0.0	0.0	0.0	0.0	0.0	0.0	0.037538762852945974	0.0	0.0	0.42206626407703607	0.0	0.0	0.0	0.0	0.0	0.0	0.0	0.0	0.0	0.0	0.0	0.0	0.0	0.0	0.0	0.0	0.0	0.0	0.0	0.0	0.0	0.0	0.0	0.0	0.0	0.0	0.0
Syn.Breast-AdenoCA::S.81	0.11647405393156583	0.0	0.0	0.0	0.17992295490595966	0.0	0.0	0.0	0.0	0.0	0.0	0.0	0.0	0.0	0.0	0.0	0.0	0.0	0.0	0.0	0.0	0.0	0.0	0.0	0.0	0.0	0.15635622025832766	0.0	0.0	0.360072513029685	0.0	0.0	0.18717425787446182	0.0	0.0	0.0	0.0	0.0	0.0	0.0	0.0	0.0	0.0	0.0	0.0	0.0	0.0	0.0	0.0	0.0	0.0	0.0	0.0	0.0	0.0	0.0	0.0	0.0	0.0	0.0
Syn.Breast-AdenoCA::S.82	0.06013707716117621	0.019235021003758568	0.0	0.0	0.08003537475127127	0.0	0.0	0.0	0.0	0.1702409904930356	0.0	0.0	0.0	0.15808091974353305	0.1976564227282777	0.0	0.0	0.0	0.0	0.0	0.0	0.0	0.0	0.0	0.0	0.0	0.0	0.0	0.0	0.04499226177315941	0.0	0.0	0.2696219323457882	0.0	0.0	0.0	0.0	0.0	0.0	0.0	0.0	0.0	0.0	0.0	0.0	0.0	0.0	0.0	0.0	0.0	0.0	0.0	0.0	0.0	0.0	0.0	0.0	0.0	0.0	0.0
Syn.Breast-AdenoCA::S.83	0.1528376436781609	0.10093390804597702	0.0	0.0	0.1668462643678161	0.0	0.0	0.0	0.0	0.0	0.0	0.0	0.0	0.0	0.1235632183908046	0.0	0.0	0.0	0.0	0.0	0.08333333333333333	0.0	0.0	0.0	0.0	0.0	0.0	0.0	0.0	0.0	0.0	0.0	0.37248563218390807	0.0	0.0	0.0	0.0	0.0	0.0	0.0	0.0	0.0	0.0	0.0	0.0	0.0	0.0	0.0	0.0	0.0	0.0	0.0	0.0	0.0	0.0	0.0	0.0	0.0	0.0	0.0
Syn.Breast-AdenoCA::S.84	0.11577116350985697	0.01507537688442211	0.0	0.0	0.07499033629686896	0.0	0.0	0.0	0.0	0.18341708542713567	0.0	0.0	0.0	0.17413993042133746	0.09702357943563973	0.0	0.0	0.0	0.0	0.0	0.0	0.0	0.0	0.0	0.0	0.0	0.05759567066099729	0.0	0.0	0.03594897564746811	0.0	0.0	0.24603788171627367	0.0	0.0	0.0	0.0	0.0	0.0	0.0	0.0	0.0	0.0	0.0	0.0	0.0	0.0	0.0	0.0	0.0	0.0	0.0	0.0	0.0	0.0	0.0	0.0	0.0	0.0	0.0
Syn.Breast-AdenoCA::S.85	0.06983493560674768	0.12225648467259205	0.0	0.0	0.20206783965173228	0.0	0.0	0.0	0.0	0.0	0.0	0.0	0.0	0.12824233629602758	0.027752584799564665	0.0	0.0	0.0	0.0	0.0	0.0	0.0	0.0	0.0	0.0	0.0	0.0	0.0	0.0	0.0	0.0	0.0	0.2176673317612915	0.0	0.0	0.0	0.0	0.0	0.0	0.0	0.23217848721204426	0.0	0.0	0.0	0.0	0.0	0.0	0.0	0.0	0.0	0.0	0.0	0.0	0.0	0.0	0.0	0.0	0.0	0.0	0.0
Syn.Breast-AdenoCA::S.86	0.022082283795130143	0.0	0.0	0.0	0.12686817800167927	0.0	0.0	0.0	0.0	0.0	0.0	0.0	0.0	0.055499580184718726	0.0	0.0	0.0	0.0	0.0	0.0	0.0	0.0	0.0	0.0	0.0	0.061209068010075564	0.0	0.0	0.0	0.04685138539042821	0.0	0.0	0.5397145256087321	0.0	0.0	0.0	0.0	0.0	0.0	0.0	0.0	0.0	0.0	0.0	0.0	0.14777497900923595	0.0	0.0	0.0	0.0	0.0	0.0	0.0	0.0	0.0	0.0	0.0	0.0	0.0	0.0
Syn.Breast-AdenoCA::S.87	0.1492614221916867	0.07557540364136035	0.0	0.0	0.22243215389900378	0.0	0.0	0.0	0.0	0.0	0.0	0.0	0.0	0.09240810717966334	0.0	0.0	0.0	0.0	0.0	0.0	0.0	0.0	0.0	0.0	0.0	0.0	0.0	0.0	0.0	0.18327035383029885	0.0	0.0	0.27705255925798694	0.0	0.0	0.0	0.0	0.0	0.0	0.0	0.0	0.0	0.0	0.0	0.0	0.0	0.0	0.0	0.0	0.0	0.0	0.0	0.0	0.0	0.0	0.0	0.0	0.0	0.0	0.0
Syn.Breast-AdenoCA::S.88	0.1201032136992728	0.0	0.0	0.0	0.16115411681914146	0.0	0.0	0.0	0.0	0.0	0.0	0.0	0.0	0.0905465634529674	0.0	0.0	0.0	0.0	0.0	0.0	0.07905231057940418	0.0	0.0	0.0	0.0	0.0	0.0	0.0	0.0	0.0	0.0	0.0	0.2559230588787239	0.0	0.0	0.0	0.0	0.0	0.0	0.0	0.0	0.0	0.0	0.0	0.0	0.09852216748768473	0.19469856908280553	0.0	0.0	0.0	0.0	0.0	0.0	0.0	0.0	0.0	0.0	0.0	0.0	0.0
Syn.Breast-AdenoCA::S.89	0.06378286683630195	0.0	0.0	0.0	0.11772688719253604	0.0	0.0	0.0	0.0	0.26089906700593724	0.0	0.0	0.0	0.0	0.0	0.0	0.0	0.060729431721798136	0.0	0.0	0.0	0.0	0.0	0.06802374893977947	0.0	0.07480916030534351	0.06768447837150127	0.0	0.0	0.07582697201017811	0.0	0.0	0.0	0.0	0.0	0.0	0.0	0.0	0.0	0.0	0.0	0.0	0.0	0.0	0.0	0.21051738761662425	0.0	0.0	0.0	0.0	0.0	0.0	0.0	0.0	0.0	0.0	0.0	0.0	0.0	0.0
Syn.Breast-AdenoCA::S.90	0.05478160678747251	0.0	0.0	0.0	0.22729653294228552	0.0	0.0	0.0	0.0	0.0	0.0	0.0	0.0	0.0	0.6530847386613596	0.0	0.0	0.0	0.0	0.0	0.06483712160888237	0.0	0.0	0.0	0.0	0.0	0.0	0.0	0.0	0.0	0.0	0.0	0.0	0.0	0.0	0.0	0.0	0.0	0.0	0.0	0.0	0.0	0.0	0.0	0.0	0.0	0.0	0.0	0.0	0.0	0.0	0.0	0.0	0.0	0.0	0.0	0.0	0.0	0.0	0.0
Syn.Breast-AdenoCA::S.91	0.11044627274993767	0.12341062079281974	0.0	0.0	0.2405883819496385	0.0	0.0	0.0	0.0	0.0	0.0	0.0	0.0	0.0	0.10770381451009724	0.0	0.0	0.05135876340064822	0.0	0.0	0.0	0.0	0.0	0.0	0.0	0.0	0.0	0.0	0.0	0.04487658937920718	0.0	0.0	0.32161555721765145	0.0	0.0	0.0	0.0	0.0	0.0	0.0	0.0	0.0	0.0	0.0	0.0	0.0	0.0	0.0	0.0	0.0	0.0	0.0	0.0	0.0	0.0	0.0	0.0	0.0	0.0	0.0
Syn.Breast-AdenoCA::S.92	0.11194991714233106	0.09961333087829129	0.0	0.0	0.17234395139016756	0.0	0.0	0.0	0.0	0.0	0.0	0.0	0.0	0.12354999079359234	0.10697845700607624	0.0	0.0	0.0	0.0	0.0	0.0	0.0	0.0	0.0	0.0	0.0	0.0	0.0	0.0	0.11784201804455902	0.0	0.0	0.2677223347449825	0.0	0.0	0.0	0.0	0.0	0.0	0.0	0.0	0.0	0.0	0.0	0.0	0.0	0.0	0.0	0.0	0.0	0.0	0.0	0.0	0.0	0.0	0.0	0.0	0.0	0.0	0.0
Syn.Breast-AdenoCA::S.93	0.08191736719728135	0.128331246646396	0.0	0.0	0.0	0.0	0.0	0.0	0.0	0.2691826149168306	0.0	0.0	0.0	0.2171346807368986	0.0	0.0	0.0	0.0	0.0	0.0	0.0	0.0	0.0	0.0	0.0	0.0	0.0	0.0	0.0	0.04990162761581113	0.0	0.0	0.25353246288678233	0.0	0.0	0.0	0.0	0.0	0.0	0.0	0.0	0.0	0.0	0.0	0.0	0.0	0.0	0.0	0.0	0.0	0.0	0.0	0.0	0.0	0.0	0.0	0.0	0.0	0.0	0.0
Syn.Breast-AdenoCA::S.94	0.11290013417672992	0.0	0.0	0.0	0.15123634272570444	0.0	0.0	0.0	0.0	0.0	0.0	0.0	0.0	0.0	0.0	0.0	0.0	0.0711136668583477	0.0	0.0	0.0	0.0	0.0	0.0	0.0	0.0	0.1144335825186889	0.0	0.0	0.07686409814069388	0.0	0.0	0.0	0.0	0.0	0.0	0.0	0.0	0.0	0.0	0.0	0.0	0.0	0.0	0.0	0.47345217557983515	0.0	0.0	0.0	0.0	0.0	0.0	0.0	0.0	0.0	0.0	0.0	0.0	0.0	0.0
Syn.Breast-AdenoCA::S.95	0.06462457975345536	0.08199477026522227	0.0	0.0	0.10982443033246171	0.0	0.0	0.0	0.0	0.48935375420246546	0.0	0.0	0.0	0.08703772880089652	0.029137093761673515	0.0	0.0	0.0	0.0	0.0	0.0	0.0	0.0	0.0	0.0	0.0	0.0	0.0	0.0	0.0	0.0	0.0	0.0	0.0	0.0	0.0	0.0	0.0	0.0	0.0	0.13802764288382519	0.0	0.0	0.0	0.0	0.0	0.0	0.0	0.0	0.0	0.0	0.0	0.0	0.0	0.0	0.0	0.0	0.0	0.0	0.0
Syn.Breast-AdenoCA::S.96	0.0815906753513884	0.08536167295166266	0.0	0.0	0.17655125128556737	0.0	0.0	0.0	0.0	0.22488858416181007	0.0	0.0	0.0	0.11210147411724375	0.0	0.0	0.0	0.0	0.0	0.0	0.0	0.0	0.0	0.07747685978745286	0.0	0.06513541309564622	0.0	0.0	0.0	0.06787795680493658	0.0	0.0	0.0	0.0	0.0	0.0	0.0	0.0	0.0	0.0	0.0	0.0	0.0	0.0	0.0	0.10901611244429209	0.0	0.0	0.0	0.0	0.0	0.0	0.0	0.0	0.0	0.0	0.0	0.0	0.0	0.0
Syn.Breast-AdenoCA::S.97	0.3256720705930638	0.04206854093987277	0.0	0.0	0.18366509337163964	0.0	0.0	0.0	0.0	0.0	0.0	0.0	0.0	0.0	0.0	0.0	0.0	0.0	0.0	0.0	0.0	0.0	0.0	0.0	0.0	0.09521855120049251	0.0	0.0	0.0	0.0	0.0	0.0	0.20090293453724606	0.0	0.0	0.0	0.0	0.0	0.0	0.0	0.0	0.0	0.0	0.0	0.0	0.0	0.1524728093576852	0.0	0.0	0.0	0.0	0.0	0.0	0.0	0.0	0.0	0.0	0.0	0.0	0.0
Syn.Breast-AdenoCA::S.98	0.1230788771751556	0.0	0.0	0.0	0.11685507430458529	0.0	0.0	0.0	0.0	0.22151657563825733	0.0	0.0	0.0	0.0	0.0	0.0	0.0	0.0	0.0	0.0	0.0	0.0	0.0	0.0	0.0	0.0	0.0	0.0	0.0	0.08637114187730217	0.0	0.0	0.26635335958338624	0.0	0.0	0.0	0.0	0.0	0.0	0.0	0.0	0.0	0.0	0.0	0.0	0.18582497142131335	0.0	0.0	0.0	0.0	0.0	0.0	0.0	0.0	0.0	0.0	0.0	0.0	0.0	0.0
Syn.Breast-AdenoCA::S.99	0.08751197700415203	0.0	0.24049824337272438	0.0	0.09262216544235069	0.0	0.0	0.0	0.0	0.0	0.0	0.0	0.0	0.1820504631108272	0.0	0.0	0.0	0.0	0.0	0.0	0.06563398275311402	0.0	0.0	0.0	0.0	0.0	0.0	0.0	0.0	0.046790162887256466	0.0	0.0	0.28489300542957524	0.0	0.0	0.0	0.0	0.0	0.0	0.0	0.0	0.0	0.0	0.0	0.0	0.0	0.0	0.0	0.0	0.0	0.0	0.0	0.0	0.0	0.0	0.0	0.0	0.0	0.0	0.0
Syn.Breast-AdenoCA::S.100	0.07987632053594435	0.11723782530275702	0.0	0.0	0.20123679464055655	0.0	0.0	0.0	0.0	0.3576397835609379	0.0	0.0	0.0	0.0	0.023962896160783304	0.0	0.0	0.0	0.0	0.0	0.0	0.0	0.0	0.0	0.0	0.06776603968049472	0.15228034011852615	0.0	0.0	0.0	0.0	0.0	0.0	0.0	0.0	0.0	0.0	0.0	0.0	0.0	0.0	0.0	0.0	0.0	0.0	0.0	0.0	0.0	0.0	0.0	0.0	0.0	0.0	0.0	0.0	0.0	0.0	0.0	0.0	0.0
Syn.Breast-AdenoCA::S.101	0.10397505845674201	0.0	0.0	0.0	0.2657833203429462	0.0	0.0	0.0	0.0	0.0	0.0	0.0	0.0	0.0	0.2679657053780203	0.0	0.0	0.0	0.0	0.0	0.0	0.0	0.0	0.0	0.0	0.0	0.0	0.0	0.0	0.0	0.0	0.0	0.3622759158222915	0.0	0.0	0.0	0.0	0.0	0.0	0.0	0.0	0.0	0.0	0.0	0.0	0.0	0.0	0.0	0.0	0.0	0.0	0.0	0.0	0.0	0.0	0.0	0.0	0.0	0.0	0.0
Syn.Breast-AdenoCA::S.102	0.06850715746421268	0.14703476482617586	0.0	0.0	0.18343558282208589	0.0	0.0	0.0	0.0	0.2343558282208589	0.0	0.0	0.0	0.17137014314928425	0.12883435582822086	0.0	0.0	0.0	0.0	0.0	0.0	0.0	0.0	0.0	0.0	0.0	0.0	0.0	0.0	0.06646216768916155	0.0	0.0	0.0	0.0	0.0	0.0	0.0	0.0	0.0	0.0	0.0	0.0	0.0	0.0	0.0	0.0	0.0	0.0	0.0	0.0	0.0	0.0	0.0	0.0	0.0	0.0	0.0	0.0	0.0	0.0
Syn.Breast-AdenoCA::S.103	0.0674362945234408	0.0	0.0	0.0	0.07334928903280304	0.0	0.0	0.0	0.0	0.1220611009432634	0.0	0.0	0.0	0.15134450232296212	0.0	0.0	0.0	0.0	0.0	0.0	0.0696888638603407	0.0	0.0	0.0	0.0	0.05912994509362241	0.0	0.0	0.0	0.0	0.0	0.0	0.38448542869210195	0.0	0.0	0.0	0.0	0.0	0.0	0.0	0.0	0.0	0.0	0.0	0.0	0.07250457553146558	0.0	0.0	0.0	0.0	0.0	0.0	0.0	0.0	0.0	0.0	0.0	0.0	0.0	0.0
Syn.Breast-AdenoCA::S.104	0.04886751473782191	0.0	0.0	0.0	0.10626745268383493	0.0	0.0	0.0	0.0	0.0	0.0	0.0	0.0	0.0	0.0	0.0	0.0	0.0	0.0	0.0	0.0	0.0	0.0	0.0	0.0	0.0	0.0	0.0	0.0	0.0	0.0	0.0	0.8448650325783431	0.0	0.0	0.0	0.0	0.0	0.0	0.0	0.0	0.0	0.0	0.0	0.0	0.0	0.0	0.0	0.0	0.0	0.0	0.0	0.0	0.0	0.0	0.0	0.0	0.0	0.0	0.0
Syn.Breast-AdenoCA::S.105	0.10252365930599369	0.0	0.0	0.0	0.1253336568793982	0.0	0.0	0.0	0.0	0.15481679204076682	0.0	0.0	0.0	0.08007765105556904	0.0	0.0	0.0	0.0	0.0	0.0	0.0	0.0	0.0	0.0	0.0	0.0	0.0	0.0	0.0	0.03967483620480466	0.0	0.0	0.4975734045134676	0.0	0.0	0.0	0.0	0.0	0.0	0.0	0.0	0.0	0.0	0.0	0.0	0.0	0.0	0.0	0.0	0.0	0.0	0.0	0.0	0.0	0.0	0.0	0.0	0.0	0.0	0.0
Syn.Breast-AdenoCA::S.106	0.11160619562911096	0.024824952259707194	0.0	0.0	0.14215998302567368	0.0	0.0	0.0	0.0	0.0	0.0	0.0	0.0	0.05516656057712709	0.04858900912370041	0.0	0.0	0.0	0.0	0.0	0.0	0.0	0.0	0.07723318480797793	0.0	0.0	0.0	0.0	0.0	0.0	0.0	0.0	0.5404201145767027	0.0	0.0	0.0	0.0	0.0	0.0	0.0	0.0	0.0	0.0	0.0	0.0	0.0	0.0	0.0	0.0	0.0	0.0	0.0	0.0	0.0	0.0	0.0	0.0	0.0	0.0	0.0
Syn.Breast-AdenoCA::S.107	0.047915287888815355	0.033487756452680345	0.0	0.0	0.11978821972203839	0.0	0.0	0.0	0.0	0.35751158173395103	0.0	0.0	0.0	0.2669755129053607	0.12203838517538054	0.0	0.0	0.0	0.0	0.0	0.05228325612177366	0.0	0.0	0.0	0.0	0.0	0.0	0.0	0.0	0.0	0.0	0.0	0.0	0.0	0.0	0.0	0.0	0.0	0.0	0.0	0.0	0.0	0.0	0.0	0.0	0.0	0.0	0.0	0.0	0.0	0.0	0.0	0.0	0.0	0.0	0.0	0.0	0.0	0.0	0.0
Syn.Breast-AdenoCA::S.108	0.17350670459162942	0.0	0.0	0.0	0.15278342137342543	0.0	0.0	0.0	0.0	0.0	0.0	0.0	0.0	0.0	0.0	0.0	0.0	0.0	0.0	0.0	0.0	0.0	0.0	0.2624949207639171	0.0	0.0	0.0	0.0	0.0	0.1251523770824868	0.0	0.0	0.0	0.0	0.0	0.0	0.0	0.0	0.0	0.0	0.0	0.0	0.0	0.0	0.0	0.10402275497765136	0.18203982121088988	0.0	0.0	0.0	0.0	0.0	0.0	0.0	0.0	0.0	0.0	0.0	0.0	0.0
Syn.Breast-AdenoCA::S.109	0.0552896122546673	0.23240785064624223	0.0	0.0	0.20751555768310195	0.0	0.0	0.0	0.0	0.2599329822881762	0.0	0.0	0.0	0.09980852082336046	0.0	0.0	0.0	0.0	0.0	0.0	0.0	0.0	0.0	0.0	0.0	0.0	0.0	0.0	0.0	0.0	0.0	0.0	0.0	0.0	0.0	0.0	0.0	0.0	0.0	0.0	0.0	0.0	0.0	0.0	0.0	0.1450454763044519	0.0	0.0	0.0	0.0	0.0	0.0	0.0	0.0	0.0	0.0	0.0	0.0	0.0	0.0
Syn.Breast-AdenoCA::S.110	0.011745480543356144	0.23783746978517686	0.0	0.0	0.06625131923875668	0.0	0.0	0.0	0.0	0.6841657304327103	0.0	0.0	0.0	0.0	0.0	0.0	0.0	0.0	0.0	0.0	0.0	0.0	0.0	0.0	0.0	0.0	0.0	0.0	0.0	0.0	0.0	0.0	0.0	0.0	0.0	0.0	0.0	0.0	0.0	0.0	0.0	0.0	0.0	0.0	0.0	0.0	0.0	0.0	0.0	0.0	0.0	0.0	0.0	0.0	0.0	0.0	0.0	0.0	0.0	0.0
Syn.Breast-AdenoCA::S.111	0.0941590154327017	0.0	0.0	0.0	0.17347138112912677	0.0	0.0	0.0	0.0	0.0	0.0	0.0	0.0	0.17913655010744287	0.0	0.0	0.0	0.0	0.0	0.26059777300253956	0.0	0.0	0.0	0.0	0.0	0.0	0.10920101582340301	0.0	0.0	0.0	0.0	0.0	0.0	0.0	0.0	0.0	0.0	0.0	0.0	0.0	0.0	0.0	0.0	0.0	0.0	0.1834342645047861	0.0	0.0	0.0	0.0	0.0	0.0	0.0	0.0	0.0	0.0	0.0	0.0	0.0	0.0
Syn.Breast-AdenoCA::S.112	0.14062959694027655	0.0	0.44954398352456604	0.0	0.19270373639305677	0.0	0.0	0.0	0.0	0.0	0.0	0.0	0.0	0.0	0.0	0.0	0.0	0.0	0.0	0.0	0.0	0.0	0.0	0.1097381582818476	0.0	0.0	0.0	0.0	0.0	0.05310385407472786	0.0	0.0	0.0	0.0	0.0	0.0	0.0	0.0	0.0	0.0	0.0	0.0	0.0	0.0	0.0	0.054280670785525155	0.0	0.0	0.0	0.0	0.0	0.0	0.0	0.0	0.0	0.0	0.0	0.0	0.0	0.0
Syn.Breast-AdenoCA::S.113	0.06422587651256594	0.4052125349053677	0.0	0.0	0.3084083152342538	0.0	0.0	0.0	0.0	0.0	0.0	0.0	0.0	0.10766366739062985	0.0	0.0	0.0	0.0	0.0	0.0	0.0	0.0	0.0	0.0	0.0	0.0	0.11448960595718274	0.0	0.0	0.0	0.0	0.0	0.0	0.0	0.0	0.0	0.0	0.0	0.0	0.0	0.0	0.0	0.0	0.0	0.0	0.0	0.0	0.0	0.0	0.0	0.0	0.0	0.0	0.0	0.0	0.0	0.0	0.0	0.0	0.0
Syn.Breast-AdenoCA::S.114	0.14432989690721648	0.05998125585754452	0.0	0.0	0.1780693533270853	0.0	0.0	0.0	0.0	0.1668228678537957	0.0	0.0	0.0	0.2696032489846923	0.0	0.0	0.0	0.0	0.0	0.0	0.0	0.0	0.0	0.0	0.0	0.0	0.0	0.0	0.0	0.05435801312089972	0.0	0.0	0.0	0.0	0.0	0.0	0.0	0.0	0.0	0.0	0.0	0.0	0.0	0.0	0.0	0.12683536394876602	0.0	0.0	0.0	0.0	0.0	0.0	0.0	0.0	0.0	0.0	0.0	0.0	0.0	0.0
Syn.Breast-AdenoCA::S.115	0.042894660052524076	0.18529325941056318	0.0	0.0	0.18908666472133062	0.0	0.0	0.0	0.0	0.0	0.0	0.0	0.0	0.0	0.26427390331679795	0.0	0.0	0.0	0.0	0.0	0.0	0.0	0.0	0.0	0.0	0.0	0.0	0.0	0.0	0.0	0.0	0.0	0.0	0.0	0.0	0.0	0.0	0.0	0.0	0.0	0.0	0.0	0.0	0.0	0.0	0.3184515124987842	0.0	0.0	0.0	0.0	0.0	0.0	0.0	0.0	0.0	0.0	0.0	0.0	0.0	0.0
Syn.Breast-AdenoCA::S.116	0.14421148587055607	0.0	0.0	0.0	0.1146763901549681	0.0	0.0	0.0	0.0	0.19544211485870555	0.0	0.0	0.0	0.0	0.0	0.0	0.0	0.0	0.0	0.0	0.0	0.0	0.0	0.0	0.0	0.0	0.1283500455788514	0.0	0.0	0.2559708295350957	0.0	0.0	0.16134913400182316	0.0	0.0	0.0	0.0	0.0	0.0	0.0	0.0	0.0	0.0	0.0	0.0	0.0	0.0	0.0	0.0	0.0	0.0	0.0	0.0	0.0	0.0	0.0	0.0	0.0	0.0	0.0
Syn.Breast-AdenoCA::S.117	0.19797859690844233	0.05172413793103448	0.0	0.0	0.14803804994054698	0.0	0.0	0.0	0.0	0.14447086801426873	0.0	0.0	0.0	0.12128418549346016	0.057074910820451845	0.0	0.0	0.0	0.0	0.0	0.0	0.0	0.0	0.0	0.0	0.08561236623067776	0.0	0.0	0.0	0.0	0.0	0.0	0.0	0.0	0.0	0.0	0.0	0.0	0.0	0.0	0.0	0.0	0.0	0.0	0.0	0.0	0.1938168846611177	0.0	0.0	0.0	0.0	0.0	0.0	0.0	0.0	0.0	0.0	0.0	0.0	0.0
Syn.Breast-AdenoCA::S.118	0.19987756351392716	0.0	0.0	0.0	0.23997551270278544	0.0	0.0	0.0	0.0	0.0	0.0	0.0	0.0	0.10407101316192226	0.1717171717171717	0.0	0.0	0.0	0.0	0.0	0.0	0.0	0.0	0.0	0.0	0.0	0.0	0.0	0.0	0.0	0.0	0.0	0.0	0.0	0.0	0.0	0.0	0.0	0.0	0.0	0.0	0.0	0.0	0.0	0.0	0.0	0.28435873890419344	0.0	0.0	0.0	0.0	0.0	0.0	0.0	0.0	0.0	0.0	0.0	0.0	0.0
Syn.Breast-AdenoCA::S.119	0.03367129803479785	0.04681436975841782	0.0	0.0	0.11390662160470647	0.0	0.0	0.0	0.0	0.13781449493052947	0.0	0.0	0.0	0.0	0.0	0.0	0.0	0.0	0.0	0.0	0.07347602954061835	0.0	0.0	0.0	0.0	0.0	0.0	0.0	0.0	0.047189886093378396	0.0	0.0	0.5471273000375516	0.0	0.0	0.0	0.0	0.0	0.0	0.0	0.0	0.0	0.0	0.0	0.0	0.0	0.0	0.0	0.0	0.0	0.0	0.0	0.0	0.0	0.0	0.0	0.0	0.0	0.0	0.0
Syn.Breast-AdenoCA::S.120	0.08198924731182795	0.0	0.0	0.0	0.12589605734767026	0.0	0.0	0.0	0.0	0.0	0.0	0.0	0.0	0.06541218637992832	0.0	0.0	0.0	0.0	0.0	0.0	0.0	0.0	0.0	0.0	0.0	0.0	0.0	0.0	0.0	0.21438172043010753	0.0	0.0	0.45026881720430106	0.0	0.0	0.0	0.0	0.0	0.0	0.0	0.0	0.0	0.0	0.0	0.0	0.06205197132616488	0.0	0.0	0.0	0.0	0.0	0.0	0.0	0.0	0.0	0.0	0.0	0.0	0.0	0.0
Syn.Breast-AdenoCA::S.121	0.1235632183908046	0.08459770114942529	0.0	0.0	0.12988505747126436	0.0	0.0	0.0	0.0	0.0	0.0	0.0	0.0	0.0	0.0	0.0	0.0	0.0	0.0	0.0	0.0	0.0	0.0	0.0	0.0	0.0	0.0	0.0	0.0	0.3852873563218391	0.0	0.0	0.27666666666666667	0.0	0.0	0.0	0.0	0.0	0.0	0.0	0.0	0.0	0.0	0.0	0.0	0.0	0.0	0.0	0.0	0.0	0.0	0.0	0.0	0.0	0.0	0.0	0.0	0.0	0.0	0.0
Syn.Breast-AdenoCA::S.122	0.11779505946935041	0.0	0.0	0.0	0.1253430924062214	0.0	0.0	0.0	0.0	0.3451509606587374	0.0	0.0	0.0	0.15850869167429094	0.0	0.0	0.0	0.0	0.0	0.0	0.0	0.0	0.0	0.0	0.0	0.0	0.0	0.0	0.0	0.12099725526075022	0.0	0.0	0.0	0.0	0.0	0.0	0.0	0.0	0.0	0.0	0.0	0.0	0.0	0.0	0.0	0.1322049405306496	0.0	0.0	0.0	0.0	0.0	0.0	0.0	0.0	0.0	0.0	0.0	0.0	0.0	0.0
Syn.Breast-AdenoCA::S.123	0.04152249134948097	0.059778069442787254	0.0	0.0	0.08745973034244124	0.0	0.0	0.0	0.0	0.13745376446724736	0.0	0.0	0.0	0.23624865767808137	0.0	0.0	0.0	0.0	0.0	0.0	0.0	0.0	0.0	0.0	0.0	0.0	0.0	0.0	0.0	0.0	0.0	0.0	0.43753728671996184	0.0	0.0	0.0	0.0	0.0	0.0	0.0	0.0	0.0	0.0	0.0	0.0	0.0	0.0	0.0	0.0	0.0	0.0	0.0	0.0	0.0	0.0	0.0	0.0	0.0	0.0	0.0
Syn.Breast-AdenoCA::S.124	0.0643361234203184	0.4511734777613655	0.0	0.0	0.22763827342852452	0.0	0.0	0.0	0.0	0.0	0.0	0.0	0.0	0.0	0.08140489085836206	0.0	0.0	0.0	0.0	0.0	0.0	0.0	0.0	0.0	0.0	0.0	0.0	0.0	0.0	0.0	0.0	0.0	0.0	0.0	0.0	0.0	0.0	0.0	0.0	0.0	0.0	0.0	0.0	0.0	0.0	0.0	0.17544723453142952	0.0	0.0	0.0	0.0	0.0	0.0	0.0	0.0	0.0	0.0	0.0	0.0	0.0
Syn.Breast-AdenoCA::S.125	0.17236292107204326	0.0	0.0	0.0	0.21121219572166217	0.0	0.0	0.0	0.0	0.0	0.0	0.0	0.0	0.22965330710597492	0.0	0.0	0.0	0.0	0.0	0.0	0.0	0.0	0.0	0.0	0.0	0.0	0.10105729038603393	0.0	0.0	0.0	0.0	0.0	0.2857142857142857	0.0	0.0	0.0	0.0	0.0	0.0	0.0	0.0	0.0	0.0	0.0	0.0	0.0	0.0	0.0	0.0	0.0	0.0	0.0	0.0	0.0	0.0	0.0	0.0	0.0	0.0	0.0
Syn.Breast-AdenoCA::S.126	0.06650717703349282	0.05430622009569378	0.0	0.0	0.21842105263157896	0.0	0.0	0.0	0.0	0.21866028708133972	0.0	0.0	0.0	0.0	0.0	0.0	0.0	0.0	0.0	0.0	0.0	0.0	0.0	0.0	0.0	0.0	0.0	0.0	0.0	0.14210526315789473	0.0	0.0	0.3	0.0	0.0	0.0	0.0	0.0	0.0	0.0	0.0	0.0	0.0	0.0	0.0	0.0	0.0	0.0	0.0	0.0	0.0	0.0	0.0	0.0	0.0	0.0	0.0	0.0	0.0	0.0
Syn.Breast-AdenoCA::S.127	0.008448767069456724	0.0	0.0	0.0	0.13537675606641125	0.0	0.0	0.0	0.0	0.0	0.0	0.0	0.0	0.0	0.0	0.0	0.0	0.0	0.0	0.0	0.0	0.0	0.0	0.0	0.0	0.0	0.0	0.0	0.0	0.0	0.0	0.0	0.7888790647411337	0.0	0.0	0.0	0.0	0.0	0.0	0.0	0.06729541212299833	0.0	0.0	0.0	0.0	0.0	0.0	0.0	0.0	0.0	0.0	0.0	0.0	0.0	0.0	0.0	0.0	0.0	0.0	0.0
Syn.Breast-AdenoCA::S.128	0.09768467475192943	0.11510474090407938	0.0	0.0	0.14112458654906285	0.0	0.0	0.0	0.0	0.0	0.0	0.0	0.0	0.22116868798235942	0.0	0.0	0.0	0.0	0.0	0.0	0.0	0.0	0.0	0.0	0.0	0.0	0.13274531422271224	0.0	0.0	0.04454244762954796	0.0	0.0	0.2476295479603087	0.0	0.0	0.0	0.0	0.0	0.0	0.0	0.0	0.0	0.0	0.0	0.0	0.0	0.0	0.0	0.0	0.0	0.0	0.0	0.0	0.0	0.0	0.0	0.0	0.0	0.0	0.0
Syn.Breast-AdenoCA::S.129	0.08968027034052509	0.06914478814660775	0.0	0.0	0.22719001819599688	0.0	0.0	0.0	0.0	0.0	0.0	0.0	0.0	0.0	0.0	0.0	0.0	0.07070444502209514	0.0	0.0	0.06810501689628282	0.0	0.0	0.0	0.0	0.06524564595788926	0.0	0.0	0.0	0.0	0.0	0.0	0.4099298154406031	0.0	0.0	0.0	0.0	0.0	0.0	0.0	0.0	0.0	0.0	0.0	0.0	0.0	0.0	0.0	0.0	0.0	0.0	0.0	0.0	0.0	0.0	0.0	0.0	0.0	0.0	0.0
Syn.Breast-AdenoCA::S.130	0.07216640724494128	0.0	0.0	0.0	0.25696901089571245	0.0	0.0	0.0	0.0	0.09155228526956276	0.0	0.0	0.0	0.0	0.0	0.0	0.0	0.0	0.0	0.0	0.0	0.0	0.0	0.0	0.0	0.0	0.0	0.0	0.0	0.0	0.0	0.0	0.0	0.0	0.0	0.0	0.0	0.0	0.0	0.0	0.0	0.0	0.0	0.0	0.0	0.5793122965897834	0.0	0.0	0.0	0.0	0.0	0.0	0.0	0.0	0.0	0.0	0.0	0.0	0.0	0.0
Syn.Breast-AdenoCA::S.131	0.04566957787481805	0.19923580786026202	0.0	0.0	0.2225254730713246	0.0	0.0	0.0	0.0	0.0	0.0	0.0	0.0	0.10807860262008734	0.0	0.0	0.0	0.0	0.0	0.0	0.0	0.0	0.0	0.0	0.0	0.0	0.0	0.0	0.0	0.0	0.0	0.0	0.0	0.0	0.0	0.0	0.0	0.0	0.0	0.0	0.19741630276564776	0.0	0.0	0.0	0.0	0.22707423580786026	0.0	0.0	0.0	0.0	0.0	0.0	0.0	0.0	0.0	0.0	0.0	0.0	0.0	0.0
Syn.Breast-AdenoCA::S.132	0.13981463222244134	0.0	0.0	0.0	0.13370143955827252	0.0	0.0	0.0	0.0	0.0	0.0	0.0	0.0	0.26661408006310394	0.0	0.0	0.0	0.0	0.0	0.0	0.0	0.0	0.0	0.0	0.0	0.07099191480970223	0.0	0.0	0.0	0.06113192664168803	0.0	0.0	0.0	0.0	0.0	0.0	0.0	0.0	0.0	0.0	0.0	0.0	0.0	0.0	0.0	0.327746006704792	0.0	0.0	0.0	0.0	0.0	0.0	0.0	0.0	0.0	0.0	0.0	0.0	0.0	0.0
Syn.Breast-AdenoCA::S.133	0.1702946482260974	0.05544197233914612	0.0	0.0	0.0	0.0	0.0	0.0	0.0	0.0	0.0	0.0	0.0	0.1285628382441371	0.0	0.0	0.0	0.0	0.0	0.09356584485868912	0.10222489476849068	0.0	0.0	0.0	0.0	0.0	0.0	0.0	0.0	0.0555622369212267	0.0	0.0	0.3943475646422129	0.0	0.0	0.0	0.0	0.0	0.0	0.0	0.0	0.0	0.0	0.0	0.0	0.0	0.0	0.0	0.0	0.0	0.0	0.0	0.0	0.0	0.0	0.0	0.0	0.0	0.0	0.0
Syn.Breast-AdenoCA::S.134	0.15263534462198902	0.0639160505604579	0.0	0.0	0.09730503219651801	0.0	0.0	0.0	0.0	0.0	0.0	0.0	0.0	0.24755544955878847	0.034104459813975675	0.0	0.0	0.0	0.0	0.0	0.11089911757691391	0.0	0.0	0.09849749582637729	0.0	0.0	0.09348914858096828	0.0	0.0	0.10159790126401144	0.0	0.0	0.0	0.0	0.0	0.0	0.0	0.0	0.0	0.0	0.0	0.0	0.0	0.0	0.0	0.0	0.0	0.0	0.0	0.0	0.0	0.0	0.0	0.0	0.0	0.0	0.0	0.0	0.0	0.0
Syn.Breast-AdenoCA::S.135	0.13057090239410682	0.0	0.0	0.0	0.2138121546961326	0.0	0.0	0.0	0.0	0.0	0.0	0.0	0.0	0.10902394106813997	0.0	0.0	0.0	0.0	0.0	0.0	0.0	0.0	0.0	0.09613259668508287	0.0	0.0	0.0	0.0	0.0	0.0	0.0	0.0	0.0	0.0	0.0	0.0	0.0	0.0	0.0	0.0	0.0	0.0	0.0	0.0	0.0	0.45046040515653774	0.0	0.0	0.0	0.0	0.0	0.0	0.0	0.0	0.0	0.0	0.0	0.0	0.0	0.0
Syn.Breast-AdenoCA::S.136	0.058599092937873444	0.03945000359945288	0.0	0.0	0.17810092865884386	0.0	0.0	0.0	0.0	0.0	0.0	0.0	0.0	0.0	0.7238499748038298	0.0	0.0	0.0	0.0	0.0	0.0	0.0	0.0	0.0	0.0	0.0	0.0	0.0	0.0	0.0	0.0	0.0	0.0	0.0	0.0	0.0	0.0	0.0	0.0	0.0	0.0	0.0	0.0	0.0	0.0	0.0	0.0	0.0	0.0	0.0	0.0	0.0	0.0	0.0	0.0	0.0	0.0	0.0	0.0	0.0
Syn.Breast-AdenoCA::S.137	0.28166720937805273	0.0	0.0	0.0	0.09084988603060892	0.0	0.0	0.0	0.0	0.0	0.0	0.0	0.0	0.0	0.0	0.0	0.0	0.08791924454575056	0.0	0.0	0.0	0.0	0.0	0.10192119830674047	0.0	0.0	0.0	0.0	0.0	0.06577661999348747	0.0	0.0	0.1859329208726799	0.0	0.0	0.0	0.0	0.0	0.0	0.0	0.0	0.0	0.0	0.0	0.0	0.1859329208726799	0.0	0.0	0.0	0.0	0.0	0.0	0.0	0.0	0.0	0.0	0.0	0.0	0.0	0.0
Syn.Breast-AdenoCA::S.138	0.05743354118805382	0.0	0.0	0.0	0.1427633738103052	0.0	0.0	0.0	0.0	0.124384640630128	0.0	0.0	0.0	0.0	0.0	0.0	0.0	0.13029209058089924	0.0	0.0	0.0	0.0	0.0	0.0	0.0	0.0	0.1217591073186741	0.0	0.0	0.10797505743354119	0.0	0.0	0.0	0.0	0.0	0.0	0.0	0.0	0.0	0.0	0.2333442730554644	0.0	0.0	0.0	0.0	0.08204791598293404	0.0	0.0	0.0	0.0	0.0	0.0	0.0	0.0	0.0	0.0	0.0	0.0	0.0	0.0
Syn.Breast-AdenoCA::S.139	0.08303167420814479	0.057692307692307696	0.0	0.0	0.11855203619909502	0.0	0.0	0.0	0.0	0.3088235294117647	0.0	0.0	0.0	0.11131221719457013	0.0	0.0	0.0	0.0	0.0	0.056108597285067875	0.0	0.0	0.0	0.0	0.0	0.0	0.14027149321266968	0.0	0.0	0.1242081447963801	0.0	0.0	0.0	0.0	0.0	0.0	0.0	0.0	0.0	0.0	0.0	0.0	0.0	0.0	0.0	0.0	0.0	0.0	0.0	0.0	0.0	0.0	0.0	0.0	0.0	0.0	0.0	0.0	0.0	0.0
Syn.Breast-AdenoCA::S.140	0.07153586180998874	0.10852422080360495	0.0	0.0	0.1312429590687195	0.0	0.0	0.0	0.0	0.0	0.0	0.0	0.0	0.0	0.19057453999248966	0.0	0.0	0.0	0.0	0.0	0.0	0.0	0.0	0.0	0.0	0.0	0.0	0.0	0.0	0.0	0.0	0.0	0.3674427337589185	0.0	0.0	0.0	0.0	0.0	0.0	0.0	0.13067968456627863	0.0	0.0	0.0	0.0	0.0	0.0	0.0	0.0	0.0	0.0	0.0	0.0	0.0	0.0	0.0	0.0	0.0	0.0	0.0
Syn.Breast-AdenoCA::S.141	0.17993557294063506	0.021629084215370454	0.0	0.0	0.11366774045098942	0.0	0.0	0.0	0.0	0.276576161988035	0.0	0.0	0.0	0.0	0.12103083294983893	0.0	0.0	0.06074551311550851	0.0	0.0	0.0	0.0	0.0	0.0	0.0	0.0	0.1592268752876208	0.0	0.0	0.06718821905200184	0.0	0.0	0.0	0.0	0.0	0.0	0.0	0.0	0.0	0.0	0.0	0.0	0.0	0.0	0.0	0.0	0.0	0.0	0.0	0.0	0.0	0.0	0.0	0.0	0.0	0.0	0.0	0.0	0.0	0.0
Syn.Breast-AdenoCA::S.142	0.12379585980733757	0.05042016806722689	0.0	0.0	0.19368723098995697	0.0	0.0	0.0	0.0	0.0	0.0	0.0	0.0	0.12010657921705267	0.10842385734781718	0.0	0.0	0.0	0.0	0.0	0.0	0.0	0.0	0.0	0.0	0.0	0.0	0.0	0.0	0.12605042016806722	0.0	0.0	0.2775158844025415	0.0	0.0	0.0	0.0	0.0	0.0	0.0	0.0	0.0	0.0	0.0	0.0	0.0	0.0	0.0	0.0	0.0	0.0	0.0	0.0	0.0	0.0	0.0	0.0	0.0	0.0	0.0
Syn.Breast-AdenoCA::S.143	0.031088825214899713	0.02335243553008596	0.0	0.0	0.18997134670487106	0.0	0.0	0.0	0.0	0.10744985673352435	0.0	0.0	0.0	0.0	0.08495702005730658	0.0	0.0	0.0	0.0	0.0	0.0	0.0	0.0	0.0	0.0	0.0	0.0	0.0	0.0	0.0	0.0	0.0	0.5631805157593123	0.0	0.0	0.0	0.0	0.0	0.0	0.0	0.0	0.0	0.0	0.0	0.0	0.0	0.0	0.0	0.0	0.0	0.0	0.0	0.0	0.0	0.0	0.0	0.0	0.0	0.0	0.0
Syn.Breast-AdenoCA::S.144	0.1568828881714118	0.0	0.0	0.0	0.22688582330496038	0.0	0.0	0.0	0.0	0.0	0.0	0.0	0.0	0.0	0.0	0.0	0.0	0.0	0.0	0.0	0.0	0.0	0.0	0.0	0.0	0.0	0.0	0.0	0.0	0.0	0.0	0.0	0.0	0.0	0.0	0.0	0.0	0.0	0.0	0.0	0.0	0.0	0.0	0.0	0.0	0.6162312885236279	0.0	0.0	0.0	0.0	0.0	0.0	0.0	0.0	0.0	0.0	0.0	0.0	0.0	0.0
Syn.Breast-AdenoCA::S.145	0.04821664464993395	0.0	0.0	0.0	0.04447380008806693	0.0	0.0	0.0	0.0	0.24746807573756055	0.0	0.0	0.0	0.12967855570233378	0.0	0.0	0.0	0.0	0.0	0.0	0.0	0.0	0.0	0.0	0.0	0.0	0.08762659621312198	0.0	0.0	0.054601497137824744	0.0	0.0	0.1860413914575077	0.0	0.0	0.0	0.0	0.0	0.0	0.0	0.0	0.0	0.0	0.0	0.0	0.20189343901365037	0.0	0.0	0.0	0.0	0.0	0.0	0.0	0.0	0.0	0.0	0.0	0.0	0.0	0.0
Syn.Breast-AdenoCA::S.146	0.08845678318534338	0.04765651343149376	0.0	0.0	0.18500618185905363	0.0	0.0	0.0	0.0	0.0	0.0	0.0	0.0	0.2088344385748005	0.4700460829493088	0.0	0.0	0.0	0.0	0.0	0.0	0.0	0.0	0.0	0.0	0.0	0.0	0.0	0.0	0.0	0.0	0.0	0.0	0.0	0.0	0.0	0.0	0.0	0.0	0.0	0.0	0.0	0.0	0.0	0.0	0.0	0.0	0.0	0.0	0.0	0.0	0.0	0.0	0.0	0.0	0.0	0.0	0.0	0.0	0.0
Syn.Breast-AdenoCA::S.147	0.08494105037513397	0.1562165058949625	0.0	0.0	0.1607717041800643	0.0	0.0	0.0	0.0	0.0	0.0	0.0	0.0	0.2465166130760986	0.0	0.0	0.0	0.0	0.0	0.0	0.0	0.0	0.0	0.0	0.0	0.0	0.0	0.0	0.0	0.11120042872454448	0.0	0.0	0.0	0.0	0.0	0.0	0.0	0.0	0.0	0.0	0.0	0.0	0.0	0.0	0.0	0.24035369774919615	0.0	0.0	0.0	0.0	0.0	0.0	0.0	0.0	0.0	0.0	0.0	0.0	0.0	0.0
Syn.Breast-AdenoCA::S.148	0.07115577889447236	0.0	0.0	0.0	0.14693467336683416	0.0	0.0	0.0	0.0	0.0	0.0	0.0	0.0	0.08100502512562814	0.0	0.0	0.0	0.0	0.0	0.0	0.06733668341708543	0.0	0.0	0.0	0.0	0.08221105527638191	0.0	0.0	0.0	0.0	0.0	0.0	0.23597989949748743	0.0	0.0	0.0	0.0	0.0	0.0	0.0	0.0	0.0	0.0	0.0	0.0	0.055879396984924626	0.2594974874371859	0.0	0.0	0.0	0.0	0.0	0.0	0.0	0.0	0.0	0.0	0.0	0.0	0.0
Syn.Breast-AdenoCA::S.149	0.02713041014379826	0.0	0.0	0.0	0.14464829638025076	0.0	0.0	0.0	0.0	0.48855989232839836	0.0	0.0	0.0	0.0	0.3396614011475526	0.0	0.0	0.0	0.0	0.0	0.0	0.0	0.0	0.0	0.0	0.0	0.0	0.0	0.0	0.0	0.0	0.0	0.0	0.0	0.0	0.0	0.0	0.0	0.0	0.0	0.0	0.0	0.0	0.0	0.0	0.0	0.0	0.0	0.0	0.0	0.0	0.0	0.0	0.0	0.0	0.0	0.0	0.0	0.0	0.0
Syn.Breast-AdenoCA::S.150	0.04036133000192197	0.05900442052661926	0.0	0.0	0.0	0.0	0.0	0.0	0.0	0.0	0.0	0.0	0.0	0.201037862771478	0.0	0.0	0.0	0.0	0.0	0.0	0.11262733038631559	0.0	0.0	0.14664616567364983	0.0	0.0	0.09283105900442053	0.0	0.0	0.045550643859311936	0.0	0.0	0.20276763405727466	0.0	0.0	0.0	0.0	0.0	0.0	0.0	0.0	0.0	0.0	0.0	0.0	0.09917355371900827	0.0	0.0	0.0	0.0	0.0	0.0	0.0	0.0	0.0	0.0	0.0	0.0	0.0	0.0
Syn.Breast-AdenoCA::S.151	0.16261042004687218	0.0	0.0	0.0	0.1234000360555255	0.0	0.0	0.0	0.0	0.0	0.0	0.0	0.0	0.0	0.0	0.0	0.0	0.0	0.0	0.0	0.0	0.0	0.0	0.0	0.0	0.0	0.0	0.0	0.0	0.0	0.0	0.0	0.6590048674959438	0.0	0.0	0.0	0.0	0.0	0.0	0.0	0.0	0.0	0.0	0.0	0.0	0.05498467640165856	0.0	0.0	0.0	0.0	0.0	0.0	0.0	0.0	0.0	0.0	0.0	0.0	0.0	0.0
Syn.Breast-AdenoCA::S.152	0.10316831683168316	0.0	0.0	0.0	0.2633663366336634	0.0	0.0	0.0	0.0	0.0	0.0	0.0	0.0	0.0	0.6334653465346535	0.0	0.0	0.0	0.0	0.0	0.0	0.0	0.0	0.0	0.0	0.0	0.0	0.0	0.0	0.0	0.0	0.0	0.0	0.0	0.0	0.0	0.0	0.0	0.0	0.0	0.0	0.0	0.0	0.0	0.0	0.0	0.0	0.0	0.0	0.0	0.0	0.0	0.0	0.0	0.0	0.0	0.0	0.0	0.0	0.0
Syn.Breast-AdenoCA::S.153	0.15464491006860745	0.03671425922492119	0.0	0.0	0.20415353235675876	0.0	0.0	0.0	0.0	0.0	0.0	0.0	0.0	0.20396810680511773	0.05933617652512516	0.0	0.0	0.0	0.0	0.0	0.0	0.0	0.0	0.0	0.0	0.0	0.0	0.0	0.0	0.0	0.0	0.0	0.3411830150194697	0.0	0.0	0.0	0.0	0.0	0.0	0.0	0.0	0.0	0.0	0.0	0.0	0.0	0.0	0.0	0.0	0.0	0.0	0.0	0.0	0.0	0.0	0.0	0.0	0.0	0.0	0.0
Syn.Breast-AdenoCA::S.154	0.09467667023937121	0.0	0.0	0.0	0.1232583065380493	0.0	0.0	0.0	0.0	0.0	0.0	0.0	0.0	0.23722758127902824	0.0	0.0	0.0	0.0	0.0	0.0	0.0	0.0	0.0	0.0	0.0	0.0	0.13469096105752054	0.0	0.0	0.046802429439085386	0.0	0.0	0.22472311539835654	0.0	0.0	0.0	0.0	0.0	0.0	0.0	0.0	0.0	0.0	0.0	0.0	0.13862093604858877	0.0	0.0	0.0	0.0	0.0	0.0	0.0	0.0	0.0	0.0	0.0	0.0	0.0	0.0
Syn.Breast-AdenoCA::S.155	0.17174294370913729	0.0	0.0	0.0	0.11593047360867485	0.0	0.0	0.0	0.0	0.0	0.0	0.0	0.0	0.09695423377451762	0.0	0.0	0.0	0.0	0.0	0.09344602136820283	0.0	0.0	0.0	0.0	0.0	0.0	0.0	0.0	0.0	0.0	0.0	0.0	0.34683463562430233	0.0	0.0	0.0	0.0	0.0	0.0	0.0	0.0	0.0	0.0	0.0	0.0	0.17509169191516505	0.0	0.0	0.0	0.0	0.0	0.0	0.0	0.0	0.0	0.0	0.0	0.0	0.0	0.0
Syn.Breast-AdenoCA::S.156	0.017998622115053393	0.0	0.0	0.0	0.13167413021012744	0.0	0.0	0.0	0.0	0.0	0.0	0.0	0.0	0.0	0.0	0.0	0.0	0.0	0.0	0.0	0.0	0.0	0.0	0.0	0.0	0.0	0.0	0.0	0.0	0.0	0.0	0.0	0.8503272476748192	0.0	0.0	0.0	0.0	0.0	0.0	0.0	0.0	0.0	0.0	0.0	0.0	0.0	0.0	0.0	0.0	0.0	0.0	0.0	0.0	0.0	0.0	0.0	0.0	0.0	0.0	0.0
Syn.Breast-AdenoCA::S.157	0.14195825659914058	0.1072744014732965	0.0	0.0	0.11663597298956414	0.0	0.0	0.0	0.0	0.0	0.0	0.0	0.0	0.0	0.10205647636586863	0.0	0.0	0.0	0.0	0.0	0.09975445058317986	0.0	0.0	0.12216083486801718	0.0	0.0	0.0	0.0	0.0	0.0	0.0	0.0	0.3101596071209331	0.0	0.0	0.0	0.0	0.0	0.0	0.0	0.0	0.0	0.0	0.0	0.0	0.0	0.0	0.0	0.0	0.0	0.0	0.0	0.0	0.0	0.0	0.0	0.0	0.0	0.0	0.0
Syn.Breast-AdenoCA::S.158	0.049204052098408106	0.30017518470561355	0.0	0.0	0.11562190570492802	0.0	0.0	0.0	0.0	0.0	0.0	0.0	0.0	0.0	0.0	0.0	0.0	0.0	0.0	0.0	0.0	0.0	0.0	0.0	0.0	0.0	0.0	0.0	0.0	0.19811105186990632	0.0	0.0	0.336887805621144	0.0	0.0	0.0	0.0	0.0	0.0	0.0	0.0	0.0	0.0	0.0	0.0	0.0	0.0	0.0	0.0	0.0	0.0	0.0	0.0	0.0	0.0	0.0	0.0	0.0	0.0	0.0
Syn.Breast-AdenoCA::S.159	0.16485953671759487	0.0	0.31246919664859535	0.0	0.20182355840315427	0.0	0.0	0.0	0.0	0.0	0.0	0.0	0.0	0.0	0.0	0.0	0.0	0.0	0.0	0.0	0.0	0.0	0.0	0.0	0.0	0.0	0.0	0.0	0.0	0.0	0.0	0.0	0.17989157220305568	0.0	0.0	0.0	0.0	0.0	0.0	0.0	0.0	0.0	0.0	0.0	0.0	0.1409561360275998	0.0	0.0	0.0	0.0	0.0	0.0	0.0	0.0	0.0	0.0	0.0	0.0	0.0	0.0
Syn.Breast-AdenoCA::S.160	0.20267048164043872	0.08075027817517087	0.0	0.0	0.0	0.0	0.0	0.0	0.0	0.1794627245271022	0.0	0.0	0.0	0.18311874105865522	0.0	0.0	0.0	0.0	0.0	0.0	0.0	0.0	0.0	0.0	0.0	0.08281672230170084	0.0909235415673184	0.0	0.0	0.056588777618820536	0.0	0.0	0.0	0.0	0.0	0.0	0.0	0.0	0.0	0.0	0.0	0.0	0.0	0.0	0.0	0.1236687331107932	0.0	0.0	0.0	0.0	0.0	0.0	0.0	0.0	0.0	0.0	0.0	0.0	0.0	0.0
Syn.Breast-AdenoCA::S.161	0.0319601409648803	0.0	0.0	0.0	0.21776643577591445	0.0	0.0	0.0	0.0	0.634463482804715	0.0	0.0	0.0	0.0	0.0	0.0	0.0	0.0	0.0	0.0	0.0	0.0	0.0	0.0	0.0	0.0	0.0	0.0	0.0	0.0	0.0	0.0	0.0	0.0	0.0	0.0	0.0	0.0	0.0	0.0	0.0	0.0	0.0	0.0	0.0	0.11580994045449022	0.0	0.0	0.0	0.0	0.0	0.0	0.0	0.0	0.0	0.0	0.0	0.0	0.0	0.0
Syn.Breast-AdenoCA::S.162	0.0514018691588785	0.0	0.0	0.0	0.16093457943925232	0.0	0.0	0.0	0.0	0.0	0.0	0.0	0.0	0.09158878504672897	0.0	0.0	0.0	0.0	0.0	0.0	0.0	0.0	0.0	0.0	0.0	0.0	0.0	0.0	0.0	0.0	0.0	0.0	0.4216822429906542	0.0	0.0	0.0	0.0	0.0	0.0	0.0	0.0	0.0	0.0	0.0	0.0	0.274392523364486	0.0	0.0	0.0	0.0	0.0	0.0	0.0	0.0	0.0	0.0	0.0	0.0	0.0	0.0
Syn.Breast-AdenoCA::S.163	0.06743780008729812	0.0	0.0	0.0	0.184199039720646	0.0	0.0	0.0	0.0	0.5157136621562637	0.0	0.0	0.0	0.0	0.0	0.0	0.0	0.0	0.0	0.0	0.0	0.0	0.0	0.0	0.0	0.0	0.0962461807071148	0.0	0.0	0.13640331732867744	0.0	0.0	0.0	0.0	0.0	0.0	0.0	0.0	0.0	0.0	0.0	0.0	0.0	0.0	0.0	0.0	0.0	0.0	0.0	0.0	0.0	0.0	0.0	0.0	0.0	0.0	0.0	0.0	0.0	0.0
Syn.Breast-AdenoCA::S.164	0.1397322886059419	0.0	0.0	0.0	0.11965393405158342	0.0	0.0	0.0	0.0	0.3375775383610839	0.0	0.0	0.0	0.17270649689846557	0.0	0.0	0.0	0.0	0.0	0.0	0.0	0.0	0.0	0.0	0.0	0.0	0.0	0.0	0.0	0.05827619980411362	0.0	0.0	0.0	0.0	0.0	0.0	0.0	0.0	0.0	0.0	0.0	0.0	0.0	0.0	0.0	0.17205354227881162	0.0	0.0	0.0	0.0	0.0	0.0	0.0	0.0	0.0	0.0	0.0	0.0	0.0	0.0
Syn.Breast-AdenoCA::S.165	0.05099639102463518	0.0	0.5308332025733563	0.0	0.20163188451278832	0.0	0.0	0.0	0.0	0.0	0.0	0.0	0.0	0.0	0.08112348972226581	0.0	0.0	0.0	0.0	0.0	0.0	0.0	0.0	0.0	0.0	0.0	0.0	0.0	0.0	0.0	0.0	0.0	0.0	0.0	0.0	0.0	0.0	0.0	0.0	0.0	0.13541503216695433	0.0	0.0	0.0	0.0	0.0	0.0	0.0	0.0	0.0	0.0	0.0	0.0	0.0	0.0	0.0	0.0	0.0	0.0	0.0
Syn.Breast-AdenoCA::S.166	0.10730593607305935	0.12922374429223743	0.0	0.0	0.09726027397260274	0.0	0.0	0.0	0.0	0.16621004566210046	0.0	0.0	0.0	0.0	0.03812785388127854	0.0	0.0	0.0	0.0	0.0	0.0	0.0	0.0	0.0	0.0	0.0	0.0	0.0	0.0	0.10981735159817352	0.0	0.0	0.35205479452054794	0.0	0.0	0.0	0.0	0.0	0.0	0.0	0.0	0.0	0.0	0.0	0.0	0.0	0.0	0.0	0.0	0.0	0.0	0.0	0.0	0.0	0.0	0.0	0.0	0.0	0.0	0.0
Syn.Breast-AdenoCA::S.167	0.17370304114490162	0.0	0.0	0.0	0.1996422182468694	0.0	0.0	0.0	0.0	0.18264758497316635	0.0	0.0	0.0	0.0	0.2973166368515206	0.0	0.0	0.0	0.0	0.0	0.0	0.0	0.0	0.0	0.0	0.0	0.0	0.0	0.0	0.14669051878354203	0.0	0.0	0.0	0.0	0.0	0.0	0.0	0.0	0.0	0.0	0.0	0.0	0.0	0.0	0.0	0.0	0.0	0.0	0.0	0.0	0.0	0.0	0.0	0.0	0.0	0.0	0.0	0.0	0.0	0.0
Syn.Breast-AdenoCA::S.168	0.06139583697743572	0.0	0.0	0.0	0.13853419625677804	0.0	0.0	0.0	0.0	0.2984082560783628	0.0	0.0	0.0	0.0	0.0	0.0	0.0	0.08640895574602064	0.0	0.0	0.0	0.0	0.0	0.0	0.0	0.0	0.0	0.0	0.0	0.0	0.0	0.0	0.3599790099702641	0.0	0.0	0.0	0.0	0.0	0.0	0.0	0.0	0.0	0.0	0.0	0.0	0.05527374497113871	0.0	0.0	0.0	0.0	0.0	0.0	0.0	0.0	0.0	0.0	0.0	0.0	0.0	0.0
Syn.Breast-AdenoCA::S.169	0.03403686087990487	0.1722651605231867	0.30677764565992865	0.0	0.0937871581450654	0.0	0.0	0.0	0.0	0.18668252080856124	0.0	0.0	0.0	0.0	0.08620689655172414	0.0	0.0	0.0	0.0	0.0	0.0	0.0	0.0	0.0	0.0	0.0	0.0	0.0	0.0	0.12024375743162902	0.0	0.0	0.0	0.0	0.0	0.0	0.0	0.0	0.0	0.0	0.0	0.0	0.0	0.0	0.0	0.0	0.0	0.0	0.0	0.0	0.0	0.0	0.0	0.0	0.0	0.0	0.0	0.0	0.0	0.0
Syn.Breast-AdenoCA::S.170	0.08057009889470622	0.0	0.0	0.0	0.13467132053519487	0.0	0.0	0.0	0.0	0.0	0.0	0.0	0.0	0.0	0.06428155904595695	0.0	0.0	0.035485747527632346	0.0	0.0	0.08755090168702734	0.0	0.0	0.0	0.0	0.1172193135543921	0.06108202443280977	0.0	0.0	0.0	0.0	0.0	0.4191390343222804	0.0	0.0	0.0	0.0	0.0	0.0	0.0	0.0	0.0	0.0	0.0	0.0	0.0	0.0	0.0	0.0	0.0	0.0	0.0	0.0	0.0	0.0	0.0	0.0	0.0	0.0	0.0
Syn.Breast-AdenoCA::S.171	0.04186985034471162	0.0	0.0	0.0	0.1868168824617454	0.0	0.0	0.0	0.0	0.0	0.0	0.0	0.0	0.0	0.0	0.0	0.0	0.0	0.0	0.0	0.0	0.0	0.0	0.0	0.0	0.0	0.0	0.0	0.0	0.0	0.0	0.0	0.5431309904153354	0.0	0.0	0.0	0.0	0.0	0.0	0.0	0.0	0.0	0.0	0.0	0.0	0.2281822767782075	0.0	0.0	0.0	0.0	0.0	0.0	0.0	0.0	0.0	0.0	0.0	0.0	0.0	0.0
Syn.Breast-AdenoCA::S.172	0.05835211620335587	0.0	0.26496368645128976	0.0	0.22839969947407965	0.0	0.0	0.0	0.0	0.0	0.0	0.0	0.0	0.0	0.0	0.0	0.0	0.057726020535937894	0.0	0.0	0.0	0.0	0.0	0.0	0.0	0.0	0.0	0.0	0.0	0.11695467067367894	0.0	0.0	0.0	0.0	0.0	0.0	0.0	0.0	0.0	0.0	0.0	0.0	0.0	0.0	0.0	0.2736038066616579	0.0	0.0	0.0	0.0	0.0	0.0	0.0	0.0	0.0	0.0	0.0	0.0	0.0	0.0
Syn.Breast-AdenoCA::S.173	0.19505208333333332	0.07161458333333333	0.0	0.0	0.20885416666666667	0.0	0.0	0.0	0.0	0.17786458333333333	0.0	0.0	0.0	0.0	0.0	0.0	0.0	0.0	0.0	0.0	0.08307291666666666	0.0	0.0	0.0	0.0	0.0	0.0	0.0	0.0	0.0	0.0	0.0	0.2635416666666667	0.0	0.0	0.0	0.0	0.0	0.0	0.0	0.0	0.0	0.0	0.0	0.0	0.0	0.0	0.0	0.0	0.0	0.0	0.0	0.0	0.0	0.0	0.0	0.0	0.0	0.0	0.0
Syn.Breast-AdenoCA::S.174	0.07165370876234503	0.04980037823072074	0.0	0.0	0.11073754990544232	0.0	0.0	0.0	0.0	0.0	0.0	0.0	0.0	0.0	0.0	0.0	0.0	0.045177558310569445	0.0	0.07375499054423199	0.0	0.0	0.0	0.0	0.0	0.0	0.07123345240596764	0.0	0.0	0.05694473628913637	0.0	0.0	0.3452405967640261	0.0	0.0	0.0	0.0	0.0	0.0	0.0	0.0	0.0	0.0	0.0	0.0	0.17545702878756042	0.0	0.0	0.0	0.0	0.0	0.0	0.0	0.0	0.0	0.0	0.0	0.0	0.0	0.0
Syn.Breast-AdenoCA::S.175	0.08501314636283962	0.034472684779433244	0.0	0.0	0.2754893368390301	0.0	0.0	0.0	0.0	0.0	0.0	0.0	0.0	0.0	0.4922582529944493	0.0	0.0	0.0	0.0	0.0	0.0	0.0	0.0	0.0	0.0	0.0	0.11276657902424773	0.0	0.0	0.0	0.0	0.0	0.0	0.0	0.0	0.0	0.0	0.0	0.0	0.0	0.0	0.0	0.0	0.0	0.0	0.0	0.0	0.0	0.0	0.0	0.0	0.0	0.0	0.0	0.0	0.0	0.0	0.0	0.0	0.0
Syn.Breast-AdenoCA::S.176	0.06922017774439855	0.08449117536612842	0.0	0.0	0.1373138064839154	0.0	0.0	0.0	0.0	0.0	0.0	0.0	0.0	0.0	0.0	0.0	0.0	0.0	0.0	0.0	0.0	0.0	0.0	0.0	0.0	0.0	0.0	0.0	0.0	0.0	0.0	0.0	0.5855551383151834	0.0	0.0	0.0	0.0	0.0	0.0	0.0	0.0	0.0	0.0	0.0	0.0	0.0	0.12341970209037427	0.0	0.0	0.0	0.0	0.0	0.0	0.0	0.0	0.0	0.0	0.0	0.0	0.0
Syn.Breast-AdenoCA::S.177	0.14725643896976484	0.0	0.0	0.0	0.22284434490481522	0.0	0.0	0.0	0.0	0.12262038073908174	0.0	0.0	0.0	0.0	0.0	0.0	0.0	0.0	0.0	0.0	0.0	0.0	0.0	0.0	0.0	0.0	0.0	0.0	0.0	0.0	0.0	0.0	0.0	0.0	0.0	0.0	0.0	0.0	0.0	0.0	0.0	0.0	0.0	0.0	0.0	0.5072788353863382	0.0	0.0	0.0	0.0	0.0	0.0	0.0	0.0	0.0	0.0	0.0	0.0	0.0	0.0
Syn.Breast-AdenoCA::S.178	0.08095037846930193	0.0	0.0	0.0	0.21867115222876365	0.0	0.0	0.0	0.0	0.2712363330529857	0.0	0.0	0.0	0.0	0.0	0.0	0.0	0.05887300252312868	0.0	0.0	0.0	0.0	0.0	0.0	0.0	0.0	0.0	0.0	0.0	0.16589571068124476	0.0	0.0	0.0	0.0	0.0	0.0	0.0	0.0	0.0	0.0	0.0	0.0	0.0	0.0	0.0	0.2043734230445753	0.0	0.0	0.0	0.0	0.0	0.0	0.0	0.0	0.0	0.0	0.0	0.0	0.0	0.0
Syn.Breast-AdenoCA::S.179	0.043373907080404596	0.08031887536430653	0.0	0.0	0.09506257500428596	0.0	0.0	0.0	0.0	0.0	0.0	0.0	0.0	0.0	0.0	0.0	0.0	0.0	0.0	0.0	0.0	0.0	0.0	0.0	0.0	0.0	0.0	0.0	0.0	0.0	0.0	0.0	0.6519801131493228	0.0	0.0	0.0	0.0	0.0	0.0	0.0	0.1292645294016801	0.0	0.0	0.0	0.0	0.0	0.0	0.0	0.0	0.0	0.0	0.0	0.0	0.0	0.0	0.0	0.0	0.0	0.0	0.0
Syn.Breast-AdenoCA::S.180	0.0560297658130882	0.17115342525716787	0.0	0.0	0.1175311884438608	0.0	0.0	0.0	0.0	0.0	0.0	0.0	0.0	0.20507769752681113	0.0	0.0	0.0	0.0	0.0	0.0	0.0	0.0	0.0	0.0	0.0	0.0	0.14926679798643028	0.0	0.0	0.0930181659006347	0.0	0.0	0.207922959072007	0.0	0.0	0.0	0.0	0.0	0.0	0.0	0.0	0.0	0.0	0.0	0.0	0.0	0.0	0.0	0.0	0.0	0.0	0.0	0.0	0.0	0.0	0.0	0.0	0.0	0.0	0.0
Syn.Breast-AdenoCA::S.181	0.07241139680333565	0.09993050729673385	0.0	0.0	0.11104933981931897	0.0	0.0	0.0	0.0	0.5737317581653927	0.0	0.0	0.0	0.0	0.024600416956219597	0.0	0.0	0.0	0.0	0.0	0.0	0.0	0.0	0.0	0.0	0.0	0.1182765809589993	0.0	0.0	0.0	0.0	0.0	0.0	0.0	0.0	0.0	0.0	0.0	0.0	0.0	0.0	0.0	0.0	0.0	0.0	0.0	0.0	0.0	0.0	0.0	0.0	0.0	0.0	0.0	0.0	0.0	0.0	0.0	0.0	0.0
Syn.Breast-AdenoCA::S.182	0.04565596884651538	0.019605210151738956	0.3163690076540889	0.0	0.14771048744460857	0.0	0.0	0.0	0.0	0.0	0.0	0.0	0.0	0.0	0.14086209211763126	0.0	0.0	0.0	0.0	0.0	0.0	0.0	0.0	0.0	0.0	0.0	0.0	0.0	0.0	0.0	0.0	0.0	0.2598361756411978	0.0	0.0	0.0	0.0	0.0	0.0	0.06996105814421914	0.0	0.0	0.0	0.0	0.0	0.0	0.0	0.0	0.0	0.0	0.0	0.0	0.0	0.0	0.0	0.0	0.0	0.0	0.0	0.0
Syn.Breast-AdenoCA::S.183	0.26314668937619756	0.0	0.0	0.0	0.20076644666808602	0.0	0.0	0.0	0.0	0.0	0.0	0.0	0.0	0.10708963167979561	0.23185011709601874	0.0	0.0	0.0	0.0	0.0	0.05812220566318927	0.0	0.0	0.0	0.0	0.0	0.13902490951671279	0.0	0.0	0.0	0.0	0.0	0.0	0.0	0.0	0.0	0.0	0.0	0.0	0.0	0.0	0.0	0.0	0.0	0.0	0.0	0.0	0.0	0.0	0.0	0.0	0.0	0.0	0.0	0.0	0.0	0.0	0.0	0.0	0.0
Syn.Breast-AdenoCA::S.184	0.1349014877362284	0.029151588258946523	0.0	0.0	0.0	0.0	0.0	0.0	0.0	0.0	0.0	0.0	0.0	0.1344993968636912	0.0	0.0	0.0	0.0	0.0	0.0	0.06755126658624849	0.0	0.0	0.0	0.0	0.0	0.09328508242862887	0.0	0.0	0.057700040209087256	0.0	0.0	0.4829111379171693	0.0	0.0	0.0	0.0	0.0	0.0	0.0	0.0	0.0	0.0	0.0	0.0	0.0	0.0	0.0	0.0	0.0	0.0	0.0	0.0	0.0	0.0	0.0	0.0	0.0	0.0	0.0
Syn.Breast-AdenoCA::S.185	0.07771295215869312	0.0	0.0	0.0	0.1001166861143524	0.0	0.0	0.0	0.0	0.13792298716452742	0.0	0.0	0.0	0.0	0.0	0.0	0.0	0.0	0.0	0.0	0.0	0.0	0.0	0.0	0.0	0.0	0.14212368728121352	0.0	0.0	0.09521586931155193	0.0	0.0	0.0	0.0	0.0	0.0	0.0	0.0	0.0	0.0	0.0	0.0	0.0	0.0	0.0	0.2413068844807468	0.2056009334889148	0.0	0.0	0.0	0.0	0.0	0.0	0.0	0.0	0.0	0.0	0.0	0.0	0.0
Syn.Breast-AdenoCA::S.186	0.08196721311475409	0.07999209954572388	0.0	0.0	0.2555796958325104	0.0	0.0	0.0	0.0	0.0	0.0	0.0	0.0	0.0	0.0	0.0	0.0	0.0	0.0	0.0	0.0	0.0	0.0	0.0	0.0	0.0	0.0	0.0	0.0	0.0	0.0	0.0	0.23266837843175983	0.0	0.0	0.0	0.0	0.0	0.0	0.0	0.0	0.0	0.0	0.0	0.0	0.34979261307525183	0.0	0.0	0.0	0.0	0.0	0.0	0.0	0.0	0.0	0.0	0.0	0.0	0.0	0.0
Syn.Breast-AdenoCA::S.187	0.06389704222172048	0.0	0.0	0.0	0.18706254233461278	0.0	0.0	0.0	0.0	0.5345450440279973	0.0	0.0	0.0	0.0	0.0	0.0	0.0	0.0	0.0	0.0	0.0	0.0	0.0	0.0	0.0	0.0	0.0	0.0	0.0	0.0	0.0	0.0	0.21449537141566946	0.0	0.0	0.0	0.0	0.0	0.0	0.0	0.0	0.0	0.0	0.0	0.0	0.0	0.0	0.0	0.0	0.0	0.0	0.0	0.0	0.0	0.0	0.0	0.0	0.0	0.0	0.0
Syn.Breast-AdenoCA::S.188	0.16592151018380527	0.06905116741182316	0.0	0.0	0.17635370094386488	0.0	0.0	0.0	0.0	0.0	0.0	0.0	0.0	0.0	0.04843517138599106	0.0	0.0	0.07153502235469449	0.0	0.0	0.0	0.0	0.0	0.16641828117237953	0.0	0.0	0.0	0.0	0.0	0.05961251862891207	0.0	0.0	0.24267262791852956	0.0	0.0	0.0	0.0	0.0	0.0	0.0	0.0	0.0	0.0	0.0	0.0	0.0	0.0	0.0	0.0	0.0	0.0	0.0	0.0	0.0	0.0	0.0	0.0	0.0	0.0	0.0
Syn.Breast-AdenoCA::S.189	0.11484879374787632	0.06625891946992865	0.0	0.0	0.14305130818892287	0.0	0.0	0.0	0.0	0.20319401970778117	0.0	0.0	0.0	0.11128100577641863	0.03890587835541964	0.0	0.0	0.0	0.0	0.0	0.056235134216785596	0.0	0.0	0.0	0.0	0.057764186204553175	0.0	0.0	0.0	0.0	0.0	0.0	0.20846075433231395	0.0	0.0	0.0	0.0	0.0	0.0	0.0	0.0	0.0	0.0	0.0	0.0	0.0	0.0	0.0	0.0	0.0	0.0	0.0	0.0	0.0	0.0	0.0	0.0	0.0	0.0	0.0
Syn.Breast-AdenoCA::S.190	0.15602094240837697	0.05340314136125655	0.0	0.0	0.15287958115183245	0.0	0.0	0.0	0.0	0.0	0.0	0.0	0.0	0.0	0.0	0.0	0.0	0.0	0.0	0.12146596858638743	0.0	0.0	0.0	0.0	0.0	0.22172774869109949	0.09345549738219895	0.0	0.0	0.10523560209424083	0.0	0.0	0.0	0.0	0.0	0.0	0.0	0.0	0.0	0.0	0.0	0.0	0.0	0.0	0.0	0.09581151832460733	0.0	0.0	0.0	0.0	0.0	0.0	0.0	0.0	0.0	0.0	0.0	0.0	0.0	0.0
Syn.Breast-AdenoCA::S.191	0.15395662789027717	0.01665948585379865	0.0	0.0	0.1237972138446072	0.0	0.0	0.0	0.0	0.0	0.0	0.0	0.0	0.14174924601464886	0.17190866006031882	0.0	0.0	0.0	0.0	0.0	0.0	0.0	0.0	0.0	0.0	0.0	0.0	0.0	0.0	0.0	0.0	0.0	0.2475944276892144	0.0	0.0	0.0	0.0	0.0	0.0	0.0	0.0	0.0	0.0	0.0	0.0	0.0	0.14433433864713485	0.0	0.0	0.0	0.0	0.0	0.0	0.0	0.0	0.0	0.0	0.0	0.0	0.0
Syn.Breast-AdenoCA::S.192	0.0938129233022149	0.25617792421746294	0.0	0.0	0.1740801757276222	0.0	0.0	0.0	0.0	0.0	0.0	0.0	0.0	0.0	0.29736408566721584	0.0	0.0	0.0	0.0	0.0	0.0	0.0	0.0	0.0	0.0	0.0	0.0	0.0	0.0	0.17856489108548418	0.0	0.0	0.0	0.0	0.0	0.0	0.0	0.0	0.0	0.0	0.0	0.0	0.0	0.0	0.0	0.0	0.0	0.0	0.0	0.0	0.0	0.0	0.0	0.0	0.0	0.0	0.0	0.0	0.0	0.0
Syn.Breast-AdenoCA::S.193	0.012338450863041027	0.0	0.0	0.0	0.07431260300112759	0.0	0.0	0.0	0.0	0.0	0.0	0.0	0.0	0.0	0.9133489461358314	0.0	0.0	0.0	0.0	0.0	0.0	0.0	0.0	0.0	0.0	0.0	0.0	0.0	0.0	0.0	0.0	0.0	0.0	0.0	0.0	0.0	0.0	0.0	0.0	0.0	0.0	0.0	0.0	0.0	0.0	0.0	0.0	0.0	0.0	0.0	0.0	0.0	0.0	0.0	0.0	0.0	0.0	0.0	0.0	0.0
Syn.Breast-AdenoCA::S.194	0.0314550803349174	0.07060420909708079	0.0	0.0	0.15603077619370898	0.0	0.0	0.0	0.0	0.4431998189635664	0.0	0.0	0.0	0.0	0.0	0.0	0.0	0.0	0.0	0.0	0.0	0.0	0.0	0.0	0.0	0.0	0.0	0.0	0.0	0.0629101606698348	0.0	0.0	0.0	0.0	0.0	0.0	0.0	0.0	0.0	0.0	0.0	0.0	0.0	0.0	0.0	0.2357999547408916	0.0	0.0	0.0	0.0	0.0	0.0	0.0	0.0	0.0	0.0	0.0	0.0	0.0	0.0
Syn.Breast-AdenoCA::S.195	0.09919786096256684	0.0	0.0	0.0	0.25668449197860965	0.0	0.0	0.0	0.0	0.0	0.0	0.0	0.0	0.14786096256684492	0.0	0.0	0.0	0.0	0.0	0.0	0.0	0.0	0.0	0.0	0.0	0.0	0.0	0.0	0.0	0.0	0.0	0.0	0.0	0.23288770053475935	0.0	0.0	0.0	0.0	0.0	0.0	0.0	0.0	0.0	0.0	0.0	0.26336898395721925	0.0	0.0	0.0	0.0	0.0	0.0	0.0	0.0	0.0	0.0	0.0	0.0	0.0	0.0
Syn.Breast-AdenoCA::S.196	0.14688856729377714	0.12132175590931017	0.0	0.0	0.1251808972503618	0.0	0.0	0.0	0.0	0.27303424987940184	0.0	0.0	0.0	0.0	0.0	0.0	0.0	0.0602990834539315	0.0	0.0	0.05981669078630005	0.0	0.0	0.0	0.0	0.0	0.0	0.0	0.0	0.0	0.0	0.0	0.2134587554269175	0.0	0.0	0.0	0.0	0.0	0.0	0.0	0.0	0.0	0.0	0.0	0.0	0.0	0.0	0.0	0.0	0.0	0.0	0.0	0.0	0.0	0.0	0.0	0.0	0.0	0.0	0.0
Syn.Breast-AdenoCA::S.197	0.19832767180559185	0.10974653775803501	0.0	0.0	0.17350405016984582	0.0	0.0	0.0	0.0	0.0	0.0	0.0	0.0	0.0	0.0	0.0	0.0	0.08204860203814998	0.0	0.0	0.0	0.0	0.0	0.0	0.0	0.0	0.11863078129082832	0.0	0.0	0.04415991638359028	0.0	0.0	0.2735824405539587	0.0	0.0	0.0	0.0	0.0	0.0	0.0	0.0	0.0	0.0	0.0	0.0	0.0	0.0	0.0	0.0	0.0	0.0	0.0	0.0	0.0	0.0	0.0	0.0	0.0	0.0	0.0
Syn.Breast-AdenoCA::S.198	0.1337269885376867	0.0	0.0	0.0	0.14709968739145537	0.0	0.0	0.0	0.0	0.12504341785342132	0.0	0.0	0.0	0.0	0.0	0.0	0.0	0.0	0.0	0.0	0.0	0.0	0.0	0.0	0.0	0.0	0.2044112539076068	0.0	0.0	0.0	0.0	0.0	0.0	0.0	0.0	0.0	0.0	0.0	0.0	0.0	0.0	0.0	0.0	0.0	0.0	0.3897186523098298	0.0	0.0	0.0	0.0	0.0	0.0	0.0	0.0	0.0	0.0	0.0	0.0	0.0	0.0
